# 
# Filename    : /tmp/pi2_dust.txt
# PV name     : PI2:DUST
# From        : 2014-12-15T19:20:02.277631
# To          : 2014-12-22T19:20:02.277631
# queryString : ?pv=mean_300(PI2:DUST)&from=2014-12-15T19%3A20%3A02.277631%2B09%3A00&to=2014-12-22T19%3A20%3A02.277631%2B09%3A00
# hostname    : kaffee
# host IP     : 10.1.4.24
# 
# time, val, nanos, status, severity
2014-12-19T11:07:30, 1.59642, 0, 0, 0 
2014-12-19T11:12:30, 2.16531, 0, 0, 0 
2014-12-19T11:17:30, 2.82632, 0, 0, 0 
2014-12-19T11:22:30, 4.19063076923, 0, 0, 0 
2014-12-19T11:27:30, 4.03334873239, 0, 0, 0 
2014-12-19T11:32:30, 2.69451, 0, 0, 0 
2014-12-19T11:37:30, 2.51641384615, 0, 0, 0 
2014-12-19T11:42:30, 3.67707042254, 0, 0, 0 
2014-12-19T11:47:30, 3.15590625, 0, 0, 0 
2014-12-19T11:52:30, 3.50287636364, 0, 0, 0 
2014-12-19T11:57:30, 3.68954526316, 0, 0, 0 
2014-12-19T12:02:30, 2.18645538462, 0, 0, 0 
2014-12-19T12:07:30, 1.19364, 0, 0, 0 
2014-12-19T12:12:30, 1.70643789474, 0, 0, 0 
2014-12-19T12:17:30, 0.693434482759, 0, 0, 0 
2014-12-19T12:22:30, 3.21972, 0, 0, 0 
2014-12-19T12:27:30, 4.82175473684, 0, 0, 0 
2014-12-19T12:32:30, 4.08016, 0, 0, 0 
2014-12-19T12:37:30, 5.6429625, 0, 0, 0 
2014-12-19T12:42:30, 5.60302105263, 0, 0, 0 
2014-12-19T12:47:30, 3.65101578947, 0, 0, 0 
2014-12-19T12:52:30, 4.69059906977, 0, 0, 0 
2014-12-19T12:57:30, 4.65294075949, 0, 0, 0 
2014-12-19T13:02:30, 5.60798608696, 0, 0, 0 
2014-12-19T13:07:30, 3.680208, 0, 0, 0 
2014-12-19T13:12:30, 2.02806545455, 0, 0, 0 
2014-12-19T13:17:30, 1.60094918919, 0, 0, 0 
2014-12-19T13:22:30, 2.21575609756, 0, 0, 0 
2014-12-19T13:27:30, 3.42149433962, 0, 0, 0 
2014-12-19T13:32:30, 5.05407512195, 0, 0, 0 
2014-12-19T13:37:30, 5.11017230769, 0, 0, 0 
2014-12-19T13:42:30, 6.41407609756, 0, 0, 0 
2014-12-19T13:47:30, 5.14206, 0, 0, 0 
2014-12-19T13:52:30, 4.61375191011, 0, 0, 0 
2014-12-19T13:57:30, 4.94257787234, 0, 0, 0 
2014-12-19T14:02:30, 5.71773842697, 0, 0, 0 
2014-12-19T14:07:30, 5.98491505618, 0, 0, 0 
2014-12-19T14:12:30, 4.73397365854, 0, 0, 0 
2014-12-19T14:17:30, 4.09657043478, 0, 0, 0 
2014-12-19T14:22:30, 4.87477565217, 0, 0, 0 
2014-12-19T14:27:30, 4.19005125, 0, 0, 0 
2014-12-19T14:32:30, 4.40910683544, 0, 0, 0 
2014-12-19T14:37:30, 5.36844, 0, 0, 0 
2014-12-19T14:42:30, 4.72194947368, 0, 0, 0 
2014-12-19T14:47:30, 3.38688, 0, 0, 0 
2014-12-19T14:52:30, 4.64775652174, 0, 0, 0 
2014-12-19T14:57:30, 1.42048421053, 0, 0, 0 
2014-12-19T15:02:30, 2.413936, 0, 0, 0 
2014-12-19T15:07:30, 0.971803636364, 0, 0, 0 
2014-12-19T15:12:30, 1.94187, 0, 0, 0 
2014-12-19T15:17:30, 4.63645945946, 0, 0, 0 
2014-12-19T15:22:30, 5.58058247191, 0, 0, 0 
2014-12-19T15:27:30, 5.391568, 0, 0, 0 
2014-12-19T15:32:30, 6.65682067416, 0, 0, 0 
2014-12-19T15:37:30, 5.00094, 0, 0, 0 
2014-12-19T15:42:30, 5.62376769231, 0, 0, 0 
2014-12-19T15:47:30, 5.50201976471, 0, 0, 0 
2014-12-19T15:52:30, 6.60968674699, 0, 0, 0 
2014-12-19T15:57:30, 5.11609, 0, 0, 0 
2014-12-19T16:02:30, 1.74206918919, 0, 0, 0 
2014-12-19T16:07:30, 2.17762758621, 0, 0, 0 
2014-12-19T16:12:30, 1.99332, 0, 0, 0 
2014-12-19T16:17:30, 2.415504, 0, 0, 0 
2014-12-19T16:22:30, 5.46456521739, 0, 0, 0 
2014-12-19T16:27:30, 5.01870422535, 0, 0, 0 
2014-12-19T16:32:30, 6.8285638835, 0, 0, 0 
2014-12-19T16:37:30, 5.4302976, 0, 0, 0 
2014-12-19T16:42:30, 5.586, 0, 0, 0 
2014-12-19T16:47:30, 4.2762519403, 0, 0, 0 
2014-12-19T16:52:30, 4.15808842105, 0, 0, 0 
2014-12-19T16:57:30, 5.35159459459, 0, 0, 0 
2014-12-19T17:02:30, 5.33953, 0, 0, 0 
2014-12-19T17:07:30, 1.6327255814, 0, 0, 0 
2014-12-19T17:12:30, 2.27395636364, 0, 0, 0 
2014-12-19T17:17:30, 2.00802, 0, 0, 0 
2014-12-19T17:22:30, 1.99332, 0, 0, 0 
2014-12-19T17:27:30, 7.596176, 0, 0, 0 
2014-12-19T17:32:30, 6.11962729412, 0, 0, 0 
2014-12-19T17:37:30, 5.90392551724, 0, 0, 0 
2014-12-19T17:42:30, 6.31852048193, 0, 0, 0 
2014-12-19T17:47:30, 8.07255627907, 0, 0, 0 
2014-12-19T17:52:30, 8.20540636364, 0, 0, 0 
2014-12-19T17:57:30, 7.77546, 0, 0, 0 
2014-12-19T18:02:30, 7.14994325581, 0, 0, 0 
2014-12-19T18:07:30, 7.15008, 0, 0, 0 
2014-12-19T18:12:30, 2.41930723404, 0, 0, 0 
2014-12-19T18:17:30, 2.39089846154, 0, 0, 0 
2014-12-19T18:22:30, 2.63256, 0, 0, 0 
2014-12-19T18:27:30, 1.891008, 0, 0, 0 
2014-12-19T18:32:30, 5.77629818182, 0, 0, 0 
2014-12-19T18:37:30, 7.161105, 0, 0, 0 
2014-12-19T18:42:30, 5.32875, 0, 0, 0 
2014-12-19T18:47:30, 5.55784225352, 0, 0, 0 
2014-12-19T18:52:30, 6.68081806452, 0, 0, 0 
2014-12-19T18:57:30, 5.87231076923, 0, 0, 0 
2014-12-19T19:02:30, 5.74249846154, 0, 0, 0 
2014-12-19T19:07:30, 7.23537094737, 0, 0, 0 
2014-12-19T19:12:30, 6.48177157895, 0, 0, 0 
2014-12-19T19:17:30, 3.324405, 0, 0, 0 
2014-12-19T19:22:30, 2.3814, 0, 0, 0 
2014-12-19T19:27:30, 1.93799454545, 0, 0, 0 
2014-12-19T19:32:30, 2.83530731707, 0, 0, 0 
2014-12-19T19:37:30, 6.84899566265, 0, 0, 0 
2014-12-19T19:42:30, 5.89935189873, 0, 0, 0 
2014-12-19T19:47:30, 5.34163813953, 0, 0, 0 
2014-12-19T19:52:30, 5.21044363636, 0, 0, 0 
2014-12-19T19:57:30, 5.05806646154, 0, 0, 0 
2014-12-19T20:02:30, 7.69011157895, 0, 0, 0 
2014-12-19T20:07:30, 4.76228869565, 0, 0, 0 
2014-12-19T20:12:30, 7.12400963855, 0, 0, 0 
2014-12-19T20:17:30, 3.24874983051, 0, 0, 0 
2014-12-19T20:22:30, 2.1429072, 0, 0, 0 
2014-12-19T20:27:30, 2.23217513514, 0, 0, 0 
2014-12-19T20:32:30, 1.962744, 0, 0, 0 
2014-12-19T20:37:30, 2.45952, 0, 0, 0 
2014-12-19T20:42:30, 3.64392, 0, 0, 0 
2014-12-19T20:47:30, 5.13569, 0, 0, 0 
2014-12-19T20:52:30, 6.80986046512, 0, 0, 0 
2014-12-19T20:57:30, 6.10790582278, 0, 0, 0 
2014-12-19T21:02:30, 4.22582644068, 0, 0, 0 
2014-12-19T21:07:30, 7.65959478261, 0, 0, 0 
2014-12-19T21:12:30, 8.668296, 0, 0, 0 
2014-12-19T21:17:30, 5.9682, 0, 0, 0 
2014-12-19T21:22:30, 3.08728, 0, 0, 0 
2014-12-19T21:27:30, 2.3016, 0, 0, 0 
2014-12-19T21:32:30, 2.09441076923, 0, 0, 0 
2014-12-19T21:37:30, 1.839264, 0, 0, 0 
2014-12-19T21:42:30, 2.77928, 0, 0, 0 
2014-12-19T21:47:30, 5.13547605634, 0, 0, 0 
2014-12-19T21:52:30, 5.38112842105, 0, 0, 0 
2014-12-19T21:57:30, 4.11182709677, 0, 0, 0 
2014-12-19T22:02:30, 5.49636585366, 0, 0, 0 
2014-12-19T22:07:30, 6.82931586207, 0, 0, 0 
2014-12-19T22:12:30, 6.9275972093, 0, 0, 0 
2014-12-19T22:17:30, 5.42682, 0, 0, 0 
2014-12-19T22:22:30, 7.00121223529, 0, 0, 0 
2014-12-19T22:27:30, 1.55920390244, 0, 0, 0 
2014-12-19T22:32:30, 3.60095186441, 0, 0, 0 
2014-12-19T22:37:30, 2.02762, 0, 0, 0 
2014-12-19T22:42:30, 2.19310325581, 0, 0, 0 
2014-12-19T22:47:30, 5.66030181818, 0, 0, 0 
2014-12-19T22:52:30, 4.78184, 0, 0, 0 
2014-12-19T22:57:30, 4.37857875, 0, 0, 0 
2014-12-19T23:02:30, 6.57203076923, 0, 0, 0 
2014-12-19T23:07:30, 6.41118361446, 0, 0, 0 
2014-12-19T23:12:30, 6.42810531646, 0, 0, 0 
2014-12-19T23:17:30, 5.99283243243, 0, 0, 0 
2014-12-19T23:22:30, 6.8512137931, 0, 0, 0 
2014-12-19T23:27:30, 4.99575176471, 0, 0, 0 
2014-12-19T23:32:30, 2.59006829268, 0, 0, 0 
2014-12-19T23:37:30, 1.80595459459, 0, 0, 0 
2014-12-19T23:42:30, 1.77002341463, 0, 0, 0 
2014-12-19T23:47:30, 2.56943489362, 0, 0, 0 
2014-12-19T23:52:30, 6.42825931034, 0, 0, 0 
2014-12-19T23:57:30, 6.287337, 0, 0, 0 
2014-12-20T00:02:30, 6.82626, 0, 0, 0 
2014-12-20T00:07:30, 5.524848, 0, 0, 0 
2014-12-20T00:12:30, 7.21708105263, 0, 0, 0 
2014-12-20T00:17:30, 5.642154, 0, 0, 0 
2014-12-20T00:22:30, 6.5612195122, 0, 0, 0 
2014-12-20T00:27:30, 6.95583724138, 0, 0, 0 
2014-12-20T00:32:30, 3.61179, 0, 0, 0 
2014-12-20T00:37:30, 3.039372, 0, 0, 0 
2014-12-20T00:42:30, 2.32848, 0, 0, 0 
2014-12-20T00:47:30, 1.915704, 0, 0, 0 
2014-12-20T00:52:30, 5.80552, 0, 0, 0 
2014-12-20T00:57:30, 6.15832, 0, 0, 0 
2014-12-20T01:02:30, 6.74741164557, 0, 0, 0 
2014-12-20T01:07:30, 5.07791454545, 0, 0, 0 
2014-12-20T01:12:30, 6.54690139535, 0, 0, 0 
2014-12-20T01:17:30, 5.16947351351, 0, 0, 0 
2014-12-20T01:22:30, 6.56319410526, 0, 0, 0 
2014-12-20T01:27:30, 5.797827, 0, 0, 0 
2014-12-20T01:32:30, 6.83477364706, 0, 0, 0 
2014-12-20T01:37:30, 5.54103529412, 0, 0, 0 
2014-12-20T01:42:30, 7.39808202532, 0, 0, 0 
2014-12-20T01:47:30, 5.55408, 0, 0, 0 
2014-12-20T01:52:30, 6.57111512195, 0, 0, 0 
2014-12-20T01:57:30, 7.165368, 0, 0, 0 
2014-12-20T02:02:30, 5.053419, 0, 0, 0 
2014-12-20T02:07:30, 4.51699672131, 0, 0, 0 
2014-12-20T02:12:30, 5.6811026087, 0, 0, 0 
2014-12-20T02:17:30, 4.63650782609, 0, 0, 0 
2014-12-20T02:22:30, 1.98858731707, 0, 0, 0 
2014-12-20T02:27:30, 1.93478727273, 0, 0, 0 
2014-12-20T02:32:30, 2.81617411765, 0, 0, 0 
2014-12-20T02:37:30, 5.36619176471, 0, 0, 0 
2014-12-20T02:42:30, 6.7557, 0, 0, 0 
2014-12-20T02:47:30, 5.58373846154, 0, 0, 0 
2014-12-20T02:52:30, 10.19984, 0, 0, 0 
2014-12-20T02:57:30, 7.96963034483, 0, 0, 0 
2014-12-20T03:02:30, 6.57636, 0, 0, 0 
2014-12-20T03:07:30, 5.90134695652, 0, 0, 0 
2014-12-20T03:12:30, 5.019336, 0, 0, 0 
2014-12-20T03:17:30, 7.30005030928, 0, 0, 0 
2014-12-20T03:22:30, 3.035844, 0, 0, 0 
2014-12-20T03:27:30, 3.89214, 0, 0, 0 
2014-12-20T03:32:30, 2.60941333333, 0, 0, 0 
2014-12-20T03:37:30, 2.823184, 0, 0, 0 
2014-12-20T03:42:30, 9.56611960396, 0, 0, 0 
2014-12-20T03:47:30, 10.068345, 0, 0, 0 
2014-12-20T03:52:30, 9.70108758621, 0, 0, 0 
2014-12-20T03:57:30, 9.1907928, 0, 0, 0 
2014-12-20T04:02:30, 8.60832, 0, 0, 0 
2014-12-20T04:07:30, 6.45036, 0, 0, 0 
2014-12-20T04:12:30, 7.43657361702, 0, 0, 0 
2014-12-20T04:17:30, 6.77190315789, 0, 0, 0 
2014-12-20T04:22:30, 2.5641504, 0, 0, 0 
2014-12-20T04:27:30, 2.43936, 0, 0, 0 
2014-12-20T04:32:30, 2.42119255814, 0, 0, 0 
2014-12-20T04:37:30, 2.71572, 0, 0, 0 
2014-12-20T04:42:30, 6.68248, 0, 0, 0 
2014-12-20T04:47:30, 10.2986772816, 0, 0, 0 
2014-12-20T04:52:30, 10.53696, 0, 0, 0 
2014-12-20T04:57:30, 10.3366974757, 0, 0, 0 
2014-12-20T05:02:30, 9.01493090909, 0, 0, 0 
2014-12-20T05:07:30, 3.57259924528, 0, 0, 0 
2014-12-20T05:12:30, 4.10707862069, 0, 0, 0 
2014-12-20T05:17:30, 3.27873913043, 0, 0, 0 
2014-12-20T05:22:30, 6.3794278481, 0, 0, 0 
2014-12-20T05:27:30, 2.3177426087, 0, 0, 0 
2014-12-20T05:32:30, 2.13904173913, 0, 0, 0 
2014-12-20T05:37:30, 2.56325236364, 0, 0, 0 
2014-12-20T05:42:30, 2.580732, 0, 0, 0 
2014-12-20T05:47:30, 6.7976475, 0, 0, 0 
2014-12-20T05:52:30, 6.89947034483, 0, 0, 0 
2014-12-20T05:57:30, 4.83765081081, 0, 0, 0 
2014-12-20T06:02:30, 6.18723, 0, 0, 0 
2014-12-20T06:07:30, 5.21479304348, 0, 0, 0 
2014-12-20T06:12:30, 4.89425424658, 0, 0, 0 
2014-12-20T06:17:30, 5.26794545455, 0, 0, 0 
2014-12-20T06:22:30, 4.134228, 0, 0, 0 
2014-12-20T06:27:30, 2.07010588235, 0, 0, 0 
2014-12-20T06:32:30, 1.25108307692, 0, 0, 0 
2014-12-20T06:37:30, 0.570705882353, 0, 0, 0 
2014-12-20T06:42:30, 1.14388615385, 0, 0, 0 
2014-12-20T06:47:30, 2.42496, 0, 0, 0 
2014-12-20T06:52:30, 5.17766666667, 0, 0, 0 
2014-12-20T06:57:30, 4.73570086957, 0, 0, 0 
2014-12-20T07:02:30, 5.3659430137, 0, 0, 0 
2014-12-20T07:07:30, 3.359244, 0, 0, 0 
2014-12-20T07:12:30, 2.60743813953, 0, 0, 0 
2014-12-20T07:17:30, 3.66572769231, 0, 0, 0 
2014-12-20T07:22:30, 4.03614580645, 0, 0, 0 
2014-12-20T07:27:30, 3.94488, 0, 0, 0 
2014-12-20T07:32:30, 1.89122181818, 0, 0, 0 
2014-12-20T07:37:30, 2.90444651163, 0, 0, 0 
2014-12-20T07:42:30, 2.07037894737, 0, 0, 0 
2014-12-20T07:47:30, 2.32395692308, 0, 0, 0 
2014-12-20T07:52:30, 3.02370352941, 0, 0, 0 
2014-12-20T07:57:30, 2.54914036364, 0, 0, 0 
2014-12-20T08:02:30, 2.59420595745, 0, 0, 0 
2014-12-20T08:07:30, 3.038, 0, 0, 0 
2014-12-20T08:12:30, 3.97333770492, 0, 0, 0 
2014-12-20T08:17:30, 4.79188216216, 0, 0, 0 
2014-12-20T08:22:30, 5.78174210526, 0, 0, 0 
2014-12-20T08:27:30, 4.72581290323, 0, 0, 0 
2014-12-20T08:32:30, 5.31797, 0, 0, 0 
2014-12-20T08:37:30, 3.46536, 0, 0, 0 
2014-12-20T08:42:30, 1.8732, 0, 0, 0 
2014-12-20T08:47:30, 1.531152, 0, 0, 0 
2014-12-20T08:52:30, 2.05772651163, 0, 0, 0 
2014-12-20T08:57:30, 3.12497084746, 0, 0, 0 
2014-12-20T09:02:30, 5.26344, 0, 0, 0 
2014-12-20T09:07:30, 3.90166985915, 0, 0, 0 
2014-12-20T09:12:30, 5.26274341463, 0, 0, 0 
2014-12-20T09:17:30, 5.65559152941, 0, 0, 0 
2014-12-20T09:22:30, 6.49030344828, 0, 0, 0 
2014-12-20T09:27:30, 6.3485625, 0, 0, 0 
2014-12-20T09:32:30, 3.44006328358, 0, 0, 0 
2014-12-20T09:37:30, 6.48612423529, 0, 0, 0 
2014-12-20T09:42:30, 4.95173368421, 0, 0, 0 
2014-12-20T09:47:30, 3.40903255814, 0, 0, 0 
2014-12-20T09:52:30, 2.25049263158, 0, 0, 0 
2014-12-20T09:57:30, 2.61392727273, 0, 0, 0 
2014-12-20T10:02:30, 2.544276, 0, 0, 0 
2014-12-20T10:07:30, 3.66803446154, 0, 0, 0 
2014-12-20T10:12:30, 5.54537454545, 0, 0, 0 
2014-12-20T10:17:30, 5.31482823529, 0, 0, 0 
2014-12-20T10:22:30, 5.42814461538, 0, 0, 0 
2014-12-20T10:27:30, 3.60864, 0, 0, 0 
2014-12-20T10:32:30, 2.80658482759, 0, 0, 0 
2014-12-20T10:37:30, 1.97502666667, 0, 0, 0 
2014-12-20T10:42:30, 4.226985, 0, 0, 0 
2014-12-20T10:47:30, 3.35908363636, 0, 0, 0 
2014-12-20T10:52:30, 2.70737753425, 0, 0, 0 
2014-12-20T10:57:30, 2.83936153846, 0, 0, 0 
2014-12-20T11:02:30, 2.53657220339, 0, 0, 0 
2014-12-20T11:07:30, 1.98605647059, 0, 0, 0 
2014-12-20T11:12:30, 5.74759111111, 0, 0, 0 
2014-12-20T11:17:30, 4.72899, 0, 0, 0 
2014-12-20T11:22:30, 7.13237538462, 0, 0, 0 
2014-12-20T11:27:30, 9.10474015748, 0, 0, 0 
2014-12-20T11:32:30, 9.12118666667, 0, 0, 0 
2014-12-20T11:37:30, 6.89954086957, 0, 0, 0 
2014-12-20T11:42:30, 7.46011636364, 0, 0, 0 
2014-12-20T11:47:30, 7.23316695652, 0, 0, 0 
2014-12-20T11:52:30, 6.71168506329, 0, 0, 0 
2014-12-20T11:57:30, 2.61537962264, 0, 0, 0 
2014-12-20T12:02:30, 2.61818307692, 0, 0, 0 
2014-12-20T12:07:30, 2.69565333333, 0, 0, 0 
2014-12-20T12:12:30, 6.14350372881, 0, 0, 0 
2014-12-20T12:17:30, 9.94546115702, 0, 0, 0 
2014-12-20T12:22:30, 6.59371034483, 0, 0, 0 
2014-12-20T12:27:30, 7.04354823529, 0, 0, 0 
2014-12-20T12:32:30, 6.83870727273, 0, 0, 0 
2014-12-20T12:37:30, 4.398408, 0, 0, 0 
2014-12-20T12:42:30, 6.72216774194, 0, 0, 0 
2014-12-20T12:47:30, 6.38648181818, 0, 0, 0 
2014-12-20T12:52:30, 9.02502339623, 0, 0, 0 
2014-12-20T12:57:30, 5.28696, 0, 0, 0 
2014-12-20T13:02:30, 7.44294193548, 0, 0, 0 
2014-12-20T13:07:30, 5.71580658228, 0, 0, 0 
2014-12-20T13:12:30, 5.04296470588, 0, 0, 0 
2014-12-20T13:17:30, 5.81580423529, 0, 0, 0 
2014-12-20T13:22:30, 8.31969957447, 0, 0, 0 
2014-12-20T13:27:30, 7.8102864, 0, 0, 0 
2014-12-20T13:32:30, 7.84710211765, 0, 0, 0 
2014-12-20T13:37:30, 8.45094741573, 0, 0, 0 
2014-12-20T13:42:30, 2.18088, 0, 0, 0 
2014-12-20T13:47:30, 2.73735, 0, 0, 0 
2014-12-20T13:52:30, 1.77033230769, 0, 0, 0 
2014-12-20T13:57:30, 3.35034, 0, 0, 0 
2014-12-20T14:02:30, 8.34641788235, 0, 0, 0 
2014-12-20T14:07:30, 6.64272, 0, 0, 0 
2014-12-20T14:12:30, 7.69027304348, 0, 0, 0 
2014-12-20T14:17:30, 6.84654821053, 0, 0, 0 
2014-12-20T14:22:30, 6.24652, 0, 0, 0 
2014-12-20T14:27:30, 4.95432, 0, 0, 0 
2014-12-20T14:32:30, 5.95326162162, 0, 0, 0 
2014-12-20T14:37:30, 7.2756, 0, 0, 0 
2014-12-20T14:42:30, 2.99337230769, 0, 0, 0 
2014-12-20T14:47:30, 1.96798254545, 0, 0, 0 
2014-12-20T14:52:30, 2.85089538462, 0, 0, 0 
2014-12-20T14:57:30, 1.63062439024, 0, 0, 0 
2014-12-20T15:02:30, 2.01873355932, 0, 0, 0 
2014-12-20T15:07:30, 2.89172210526, 0, 0, 0 
2014-12-20T15:12:30, 2.058, 0, 0, 0 
2014-12-20T15:17:30, 3.60026709677, 0, 0, 0 
2014-12-20T15:22:30, 4.8366972973, 0, 0, 0 
2014-12-20T15:27:30, 5.18073230769, 0, 0, 0 
2014-12-20T15:32:30, 5.50193777778, 0, 0, 0 
2014-12-20T15:37:30, 3.04473056604, 0, 0, 0 
2014-12-20T15:42:30, 4.28064, 0, 0, 0 
2014-12-20T15:47:30, 2.870784, 0, 0, 0 
2014-12-20T15:52:30, 1.77362181818, 0, 0, 0 
2014-12-20T15:57:30, 1.45462153846, 0, 0, 0 
2014-12-20T16:02:30, 1.56744, 0, 0, 0 
2014-12-20T16:07:30, 4.51648145455, 0, 0, 0 
2014-12-20T16:12:30, 4.56950535211, 0, 0, 0 
2014-12-20T16:17:30, 5.159259, 0, 0, 0 
2014-12-20T16:22:30, 6.33757090909, 0, 0, 0 
2014-12-20T16:27:30, 8.16540722892, 0, 0, 0 
2014-12-20T16:32:30, 8.48095322034, 0, 0, 0 
2014-12-20T16:37:30, 7.95471157895, 0, 0, 0 
2014-12-20T16:42:30, 9.280845, 0, 0, 0 
2014-12-20T16:47:30, 7.977312, 0, 0, 0 
2014-12-20T16:52:30, 1.29262, 0, 0, 0 
2014-12-20T16:57:30, 2.81438181818, 0, 0, 0 
2014-12-20T17:02:30, 2.30616, 0, 0, 0 
2014-12-20T17:07:30, 2.13052, 0, 0, 0 
2014-12-20T17:12:30, 4.8216, 0, 0, 0 
2014-12-20T17:17:30, 6.30245538462, 0, 0, 0 
2014-12-20T17:22:30, 6.05991272727, 0, 0, 0 
2014-12-20T17:27:30, 5.42242909091, 0, 0, 0 
2014-12-20T17:32:30, 4.114824, 0, 0, 0 
2014-12-20T17:37:30, 4.1098715493, 0, 0, 0 
2014-12-20T17:42:30, 4.86489818182, 0, 0, 0 
2014-12-20T17:47:30, 6.33812869565, 0, 0, 0 
2014-12-20T17:52:30, 3.65247849057, 0, 0, 0 
2014-12-20T17:57:30, 2.13238883721, 0, 0, 0 
2014-12-20T18:02:30, 2.12268, 0, 0, 0 
2014-12-20T18:07:30, 1.29197793103, 0, 0, 0 
2014-12-20T18:12:30, 3.7918944, 0, 0, 0 
2014-12-20T18:17:30, 3.98664, 0, 0, 0 
2014-12-20T18:22:30, 5.35276, 0, 0, 0 
2014-12-20T18:27:30, 4.48481793103, 0, 0, 0 
2014-12-20T18:32:30, 4.44724, 0, 0, 0 
2014-12-20T18:37:30, 4.88956881356, 0, 0, 0 
2014-12-20T18:42:30, 4.35139932203, 0, 0, 0 
2014-12-20T18:47:30, 6.14631876923, 0, 0, 0 
2014-12-20T18:52:30, 4.58472, 0, 0, 0 
2014-12-20T18:57:30, 3.09016615385, 0, 0, 0 
2014-12-20T19:02:30, 2.14352727273, 0, 0, 0 
2014-12-20T19:07:30, 1.93273043478, 0, 0, 0 
2014-12-20T19:12:30, 1.61504, 0, 0, 0 
2014-12-20T19:17:30, 2.99544, 0, 0, 0 
2014-12-20T19:22:30, 4.297104, 0, 0, 0 
2014-12-20T19:27:30, 5.88320727273, 0, 0, 0 
2014-12-20T19:32:30, 4.679892, 0, 0, 0 
2014-12-20T19:37:30, 7.9643424, 0, 0, 0 
2014-12-20T19:42:30, 8.505616, 0, 0, 0 
2014-12-20T19:47:30, 9.43827326733, 0, 0, 0 
2014-12-20T19:52:30, 8.85110709677, 0, 0, 0 
2014-12-20T19:57:30, 8.10882947368, 0, 0, 0 
2014-12-20T20:02:30, 2.37338181818, 0, 0, 0 
2014-12-20T20:07:30, 2.156112, 0, 0, 0 
2014-12-20T20:12:30, 2.16482, 0, 0, 0 
2014-12-20T20:17:30, 2.53640680851, 0, 0, 0 
2014-12-20T20:22:30, 6.30965408451, 0, 0, 0 
2014-12-20T20:27:30, 5.22585, 0, 0, 0 
2014-12-20T20:32:30, 5.20932895522, 0, 0, 0 
2014-12-20T20:37:30, 4.78998295082, 0, 0, 0 
2014-12-20T20:42:30, 5.632893, 0, 0, 0 
2014-12-20T20:47:30, 5.16533901639, 0, 0, 0 
2014-12-20T20:52:30, 5.77148727273, 0, 0, 0 
2014-12-20T20:57:30, 4.62894352941, 0, 0, 0 
2014-12-20T21:02:30, 2.71593, 0, 0, 0 
2014-12-20T21:07:30, 3.02143245283, 0, 0, 0 
2014-12-20T21:12:30, 2.539278, 0, 0, 0 
2014-12-20T21:17:30, 2.34999219512, 0, 0, 0 
2014-12-20T21:22:30, 3.84275294118, 0, 0, 0 
2014-12-20T21:27:30, 6.6105241791, 0, 0, 0 
2014-12-20T21:32:30, 6.096384, 0, 0, 0 
2014-12-20T21:37:30, 4.42547368421, 0, 0, 0 
2014-12-20T21:42:30, 5.73443027027, 0, 0, 0 
2014-12-20T21:47:30, 10.808028, 0, 0, 0 
2014-12-20T21:52:30, 9.42507096774, 0, 0, 0 
2014-12-20T21:57:30, 7.88256, 0, 0, 0 
2014-12-20T22:02:30, 10.2187938462, 0, 0, 0 
2014-12-20T22:07:30, 2.417562, 0, 0, 0 
2014-12-20T22:12:30, 1.17102461538, 0, 0, 0 
2014-12-20T22:17:30, 2.36768, 0, 0, 0 
2014-12-20T22:22:30, 2.82540255319, 0, 0, 0 
2014-12-20T22:27:30, 5.21192, 0, 0, 0 
2014-12-20T22:32:30, 4.16304, 0, 0, 0 
2014-12-20T22:37:30, 3.46569702128, 0, 0, 0 
2014-12-20T22:42:30, 3.89731404255, 0, 0, 0 
2014-12-20T22:47:30, 5.61846422535, 0, 0, 0 
2014-12-20T22:52:30, 5.35897220339, 0, 0, 0 
2014-12-20T22:57:30, 6.0949728, 0, 0, 0 
2014-12-20T23:02:30, 5.633775, 0, 0, 0 
2014-12-20T23:07:30, 4.645935, 0, 0, 0 
2014-12-20T23:12:30, 2.11318153846, 0, 0, 0 
2014-12-20T23:17:30, 2.159136, 0, 0, 0 
2014-12-20T23:22:30, 1.97758702703, 0, 0, 0 
2014-12-20T23:27:30, 2.43325090909, 0, 0, 0 
2014-12-20T23:32:30, 4.76974032787, 0, 0, 0 
2014-12-20T23:37:30, 5.28085894737, 0, 0, 0 
2014-12-20T23:42:30, 5.43138491803, 0, 0, 0 
2014-12-20T23:47:30, 6.50656588235, 0, 0, 0 
2014-12-20T23:52:30, 10.1715513402, 0, 0, 0 
2014-12-20T23:57:30, 7.02287121951, 0, 0, 0 
2014-12-21T00:02:30, 5.98674461538, 0, 0, 0 
2014-12-21T00:07:30, 5.94892253165, 0, 0, 0 
2014-12-21T00:12:30, 4.03390188679, 0, 0, 0 
2014-12-21T00:17:30, 4.53315927273, 0, 0, 0 
2014-12-21T00:22:30, 4.63450909091, 0, 0, 0 
2014-12-21T00:27:30, 4.83402566038, 0, 0, 0 
2014-12-21T00:32:30, 4.93130149254, 0, 0, 0 
2014-12-21T00:37:30, 6.6719625, 0, 0, 0 
2014-12-21T00:42:30, 6.08902985915, 0, 0, 0 
2014-12-21T00:47:30, 6.6693312, 0, 0, 0 
2014-12-21T00:52:30, 5.85702276923, 0, 0, 0 
2014-12-21T00:57:30, 2.080736, 0, 0, 0 
2014-12-21T01:02:30, 0.95256, 0, 0, 0 
2014-12-21T01:07:30, 1.89177081081, 0, 0, 0 
2014-12-21T01:12:30, 2.17613454545, 0, 0, 0 
2014-12-21T01:17:30, 5.26081043478, 0, 0, 0 
2014-12-21T01:22:30, 4.30351854545, 0, 0, 0 
2014-12-21T01:27:30, 4.47640941176, 0, 0, 0 
2014-12-21T01:32:30, 5.2463095082, 0, 0, 0 
2014-12-21T01:37:30, 5.60583402985, 0, 0, 0 
2014-12-21T01:42:30, 6.85073454545, 0, 0, 0 
2014-12-21T01:47:30, 5.71641313433, 0, 0, 0 
2014-12-21T01:52:30, 6.52134, 0, 0, 0 
2014-12-21T01:57:30, 2.205, 0, 0, 0 
2014-12-21T02:02:30, 2.016, 0, 0, 0 
2014-12-21T02:07:30, 1.6041375, 0, 0, 0 
2014-12-21T02:12:30, 1.2054, 0, 0, 0 
2014-12-21T02:17:30, 3.76735058824, 0, 0, 0 
2014-12-21T02:22:30, 2.16848930233, 0, 0, 0 
2014-12-21T02:27:30, 2.19821538462, 0, 0, 0 
2014-12-21T02:32:30, 3.88840941176, 0, 0, 0 
2014-12-21T02:37:30, 2.57927478261, 0, 0, 0 
2014-12-21T02:42:30, 5.19261971831, 0, 0, 0 
2014-12-21T02:47:30, 7.02388615385, 0, 0, 0 
2014-12-21T02:52:30, 6.74873581395, 0, 0, 0 
2014-12-21T02:57:30, 6.44119411765, 0, 0, 0 
2014-12-21T03:02:30, 2.16203076923, 0, 0, 0 
2014-12-21T03:07:30, 2.06500595745, 0, 0, 0 
2014-12-21T03:12:30, 2.00784705882, 0, 0, 0 
2014-12-21T03:17:30, 1.86984, 0, 0, 0 
2014-12-21T03:22:30, 3.7059012766, 0, 0, 0 
2014-12-21T03:27:30, 4.40118, 0, 0, 0 
2014-12-21T03:32:30, 4.421025, 0, 0, 0 
2014-12-21T03:37:30, 4.50824123077, 0, 0, 0 
2014-12-21T03:42:30, 4.02365508197, 0, 0, 0 
2014-12-21T03:47:30, 2.72312372093, 0, 0, 0 
2014-12-21T03:52:30, 3.19524545455, 0, 0, 0 
2014-12-21T03:57:30, 2.60726117647, 0, 0, 0 
2014-12-21T04:02:30, 1.80856421053, 0, 0, 0 
2014-12-21T04:07:30, 1.83288, 0, 0, 0 
2014-12-21T04:12:30, 2.607192, 0, 0, 0 
2014-12-21T04:17:30, 2.79265411765, 0, 0, 0 
2014-12-21T04:22:30, 3.05559219512, 0, 0, 0 
2014-12-21T04:27:30, 5.19310909091, 0, 0, 0 
2014-12-21T04:32:30, 4.684176, 0, 0, 0 
2014-12-21T04:37:30, 4.09996363636, 0, 0, 0 
2014-12-21T04:42:30, 3.2046, 0, 0, 0 
2014-12-21T04:47:30, 6.02692915663, 0, 0, 0 
2014-12-21T04:52:30, 7.39931612903, 0, 0, 0 
2014-12-21T04:57:30, 5.92286210526, 0, 0, 0 
2014-12-21T05:02:30, 7.63770976744, 0, 0, 0 
2014-12-21T05:07:30, 4.56288, 0, 0, 0 
2014-12-21T05:12:30, 1.99744851064, 0, 0, 0 
2014-12-21T05:17:30, 1.68605581395, 0, 0, 0 
2014-12-21T05:22:30, 2.03602736842, 0, 0, 0 
2014-12-21T05:27:30, 3.77888, 0, 0, 0 
2014-12-21T05:32:30, 5.80138520548, 0, 0, 0 
2014-12-21T05:37:30, 8.23042391753, 0, 0, 0 
2014-12-21T05:42:30, 8.8150683871, 0, 0, 0 
2014-12-21T05:47:30, 8.37770926829, 0, 0, 0 
2014-12-21T05:52:30, 4.95183761194, 0, 0, 0 
2014-12-21T05:57:30, 4.35986526316, 0, 0, 0 
2014-12-21T06:02:30, 6.32759707317, 0, 0, 0 
2014-12-21T06:07:30, 3.98611343284, 0, 0, 0 
2014-12-21T06:12:30, 2.36014153846, 0, 0, 0 
2014-12-21T06:17:30, 1.982736, 0, 0, 0 
2014-12-21T06:22:30, 2.3058, 0, 0, 0 
2014-12-21T06:27:30, 1.49475789474, 0, 0, 0 
2014-12-21T06:32:30, 1.54154, 0, 0, 0 
2014-12-21T06:37:30, 2.621745, 0, 0, 0 
2014-12-21T06:42:30, 4.11493090909, 0, 0, 0 
2014-12-21T06:47:30, 4.07736, 0, 0, 0 
2014-12-21T06:52:30, 0.792871578947, 0, 0, 0 
2014-12-21T06:57:30, 2.16868235294, 0, 0, 0 
2014-12-21T07:02:30, 1.096032, 0, 0, 0 
2014-12-21T07:07:30, 4.27087698113, 0, 0, 0 
2014-12-21T07:12:30, 5.71631351351, 0, 0, 0 
2014-12-21T07:17:30, 3.34074461538, 0, 0, 0 
2014-12-21T07:22:30, 4.18488, 0, 0, 0 
2014-12-21T07:27:30, 1.53566, 0, 0, 0 
2014-12-21T07:32:30, 2.310105, 0, 0, 0 
2014-12-21T07:37:30, 3.04999058824, 0, 0, 0 
2014-12-21T07:42:30, 3.34109106383, 0, 0, 0 
2014-12-21T07:47:30, 1.39563529412, 0, 0, 0 
2014-12-21T07:52:30, 1.303008, 0, 0, 0 
2014-12-21T07:57:30, 2.174256, 0, 0, 0 
2014-12-21T08:02:30, 3.56575578947, 0, 0, 0 
2014-12-21T08:07:30, 4.93479, 0, 0, 0 
2014-12-21T08:12:30, 5.16786666667, 0, 0, 0 
2014-12-21T08:17:30, 4.25544, 0, 0, 0 
2014-12-21T08:22:30, 3.06110297872, 0, 0, 0 
2014-12-21T08:27:30, 2.51001163636, 0, 0, 0 
2014-12-21T08:32:30, 3.36336, 0, 0, 0 
2014-12-21T08:37:30, 3.76268869565, 0, 0, 0 
2014-12-21T08:42:30, 0.727944, 0, 0, 0 
2014-12-21T08:47:30, 1.5551424, 0, 0, 0 
2014-12-21T08:52:30, 2.069172, 0, 0, 0 
2014-12-21T08:57:30, 5.61344, 0, 0, 0 
2014-12-21T09:02:30, 4.54853853659, 0, 0, 0 
2014-12-21T09:07:30, 5.81287550562, 0, 0, 0 
2014-12-21T09:12:30, 4.89695684211, 0, 0, 0 
2014-12-21T09:17:30, 4.13933625, 0, 0, 0 
2014-12-21T09:22:30, 3.9396, 0, 0, 0 
2014-12-21T09:27:30, 5.38442366197, 0, 0, 0 
2014-12-21T09:32:30, 1.6217775, 0, 0, 0 
2014-12-21T09:37:30, 1.945888, 0, 0, 0 
2014-12-21T09:42:30, 1.720782, 0, 0, 0 
2014-12-21T09:47:30, 4.41651323077, 0, 0, 0 
2014-12-21T09:52:30, 4.65304, 0, 0, 0 
2014-12-21T09:57:30, 5.81423111111, 0, 0, 0 
2014-12-21T10:02:30, 5.88522666667, 0, 0, 0 
2014-12-21T10:07:30, 4.8079584, 0, 0, 0 
2014-12-21T10:12:30, 5.00094, 0, 0, 0 
2014-12-21T10:17:30, 5.08914, 0, 0, 0 
2014-12-21T10:22:30, 5.75616578313, 0, 0, 0 
2014-12-21T10:27:30, 7.52616712871, 0, 0, 0 
2014-12-21T10:32:30, 5.35304629213, 0, 0, 0 
2014-12-21T10:37:30, 5.92496470588, 0, 0, 0 
2014-12-21T10:42:30, 4.6991, 0, 0, 0 
2014-12-21T10:47:30, 3.39886188679, 0, 0, 0 
2014-12-21T10:52:30, 4.27798451613, 0, 0, 0 
2014-12-21T10:57:30, 2.66642526316, 0, 0, 0 
2014-12-21T11:02:30, 1.42371870968, 0, 0, 0 
2014-12-21T11:07:30, 2.55147622642, 0, 0, 0 
2014-12-21T11:12:30, 2.95149272727, 0, 0, 0 
2014-12-21T11:17:30, 7.03836, 0, 0, 0 
2014-12-21T11:22:30, 7.86017647059, 0, 0, 0 
2014-12-21T11:27:30, 8.14655787611, 0, 0, 0 
2014-12-21T11:32:30, 5.53014, 0, 0, 0 
2014-12-21T11:37:30, 4.289166, 0, 0, 0 
2014-12-21T11:42:30, 4.4441775, 0, 0, 0 
2014-12-21T11:47:30, 5.2981152, 0, 0, 0 
2014-12-21T11:52:30, 1.15622181818, 0, 0, 0 
2014-12-21T11:57:30, 2.24936727273, 0, 0, 0 
2014-12-21T12:02:30, 1.68390486486, 0, 0, 0 
2014-12-21T12:07:30, 7.052913, 0, 0, 0 
2014-12-21T12:12:30, 8.47107692308, 0, 0, 0 
2014-12-21T12:17:30, 7.93902757282, 0, 0, 0 
2014-12-21T12:22:30, 4.60819058824, 0, 0, 0 
2014-12-21T12:27:30, 5.85006545455, 0, 0, 0 
2014-12-21T12:32:30, 5.44890315789, 0, 0, 0 
2014-12-21T12:37:30, 6.63054, 0, 0, 0 
2014-12-21T12:42:30, 2.773155, 0, 0, 0 
2014-12-21T12:47:30, 1.9782, 0, 0, 0 
2014-12-21T12:52:30, 1.54489263158, 0, 0, 0 
2014-12-21T12:57:30, 5.02458782609, 0, 0, 0 
2014-12-21T13:02:30, 8.16281617021, 0, 0, 0 
2014-12-21T13:07:30, 7.2984190099, 0, 0, 0 
2014-12-21T13:12:30, 9.15469168142, 0, 0, 0 
2014-12-21T13:17:30, 6.6155239604, 0, 0, 0 
2014-12-21T13:22:30, 7.18698638298, 0, 0, 0 
2014-12-21T13:27:30, 5.345424, 0, 0, 0 
2014-12-21T13:32:30, 5.2776675, 0, 0, 0 
2014-12-21T13:37:30, 1.71786461538, 0, 0, 0 
2014-12-21T13:42:30, 2.227785, 0, 0, 0 
2014-12-21T13:47:30, 2.84799529412, 0, 0, 0 
2014-12-21T13:52:30, 8.15146181818, 0, 0, 0 
2014-12-21T13:57:30, 9.15059793103, 0, 0, 0 
2014-12-21T14:02:30, 9.2659, 0, 0, 0 
2014-12-21T14:07:30, 8.25325431193, 0, 0, 0 
2014-12-21T14:12:30, 4.9147, 0, 0, 0 
2014-12-21T14:17:30, 4.04838, 0, 0, 0 
2014-12-21T14:22:30, 5.80944, 0, 0, 0 
2014-12-21T14:27:30, 2.39281411765, 0, 0, 0 
2014-12-21T14:32:30, 2.34551172414, 0, 0, 0 
2014-12-21T14:37:30, 1.97978232558, 0, 0, 0 
2014-12-21T14:42:30, 5.31867512195, 0, 0, 0 
2014-12-21T14:47:30, 8.60278588235, 0, 0, 0 
2014-12-21T14:52:30, 8.3940506422, 0, 0, 0 
2014-12-21T14:57:30, 8.21991028037, 0, 0, 0 
2014-12-21T15:02:30, 5.36345316456, 0, 0, 0 
2014-12-21T15:07:30, 5.41872947368, 0, 0, 0 
2014-12-21T15:12:30, 5.46930461538, 0, 0, 0 
2014-12-21T15:17:30, 2.5137, 0, 0, 0 
2014-12-21T15:22:30, 2.80636363636, 0, 0, 0 
2014-12-21T15:27:30, 1.89397894737, 0, 0, 0 
2014-12-21T15:32:30, 1.37220631579, 0, 0, 0 
2014-12-21T15:37:30, 6.45503727273, 0, 0, 0 
2014-12-21T15:42:30, 8.31419621053, 0, 0, 0 
2014-12-21T15:47:30, 7.669872, 0, 0, 0 
2014-12-21T15:52:30, 6.95270597938, 0, 0, 0 
2014-12-21T15:57:30, 5.45680109589, 0, 0, 0 
2014-12-21T16:02:30, 3.34908, 0, 0, 0 
2014-12-21T16:07:30, 3.81024, 0, 0, 0 
2014-12-21T16:12:30, 3.48663724138, 0, 0, 0 
2014-12-21T16:17:30, 2.28841627119, 0, 0, 0 
2014-12-21T16:22:30, 1.764, 0, 0, 0 
2014-12-21T16:27:30, 5.93726608696, 0, 0, 0 
2014-12-21T16:32:30, 7.97888523364, 0, 0, 0 
2014-12-21T16:37:30, 8.871744, 0, 0, 0 
2014-12-21T16:42:30, 8.91298093458, 0, 0, 0 
2014-12-21T16:47:30, 6.25358511628, 0, 0, 0 
2014-12-21T16:52:30, 4.82748, 0, 0, 0 
2014-12-21T16:57:30, 5.61443240506, 0, 0, 0 
2014-12-21T17:02:30, 5.52623606557, 0, 0, 0 
2014-12-21T17:07:30, 2.49044727273, 0, 0, 0 
2014-12-21T17:12:30, 1.94964, 0, 0, 0 
2014-12-21T17:17:30, 2.22656, 0, 0, 0 
2014-12-21T17:22:30, 8.6773787234, 0, 0, 0 
2014-12-21T17:27:30, 7.68529674419, 0, 0, 0 
2014-12-21T17:32:30, 8.19723130435, 0, 0, 0 
2014-12-21T17:37:30, 8.26742168675, 0, 0, 0 
2014-12-21T17:42:30, 4.54063135135, 0, 0, 0 
2014-12-21T17:47:30, 4.64207625, 0, 0, 0 
2014-12-21T17:52:30, 5.71753107692, 0, 0, 0 
2014-12-21T17:57:30, 3.00630638298, 0, 0, 0 
2014-12-21T18:02:30, 2.27155090909, 0, 0, 0 
2014-12-21T18:07:30, 1.72956, 0, 0, 0 
2014-12-21T18:12:30, 4.212, 0, 0, 0 
2014-12-21T18:17:30, 8.4382704, 0, 0, 0 
2014-12-21T18:22:30, 7.93102153846, 0, 0, 0 
2014-12-21T18:27:30, 9.43626715596, 0, 0, 0 
2014-12-21T18:32:30, 6.12943578947, 0, 0, 0 
2014-12-21T18:37:30, 5.47825764706, 0, 0, 0 
2014-12-21T18:42:30, 3.77224615385, 0, 0, 0 
2014-12-21T18:47:30, 3.8766, 0, 0, 0 
2014-12-21T18:52:30, 2.38941818182, 0, 0, 0 
2014-12-21T18:57:30, 2.27068085106, 0, 0, 0 
2014-12-21T19:02:30, 2.11176, 0, 0, 0 
2014-12-21T19:07:30, 8.32104, 0, 0, 0 
2014-12-21T19:12:30, 8.44292129032, 0, 0, 0 
2014-12-21T19:17:30, 8.67335791304, 0, 0, 0 
2014-12-21T19:22:30, 9.36252, 0, 0, 0 
2014-12-21T19:27:30, 6.90044727273, 0, 0, 0 
2014-12-21T19:32:30, 4.96818, 0, 0, 0 
2014-12-21T19:37:30, 6.31368972973, 0, 0, 0 
2014-12-21T19:42:30, 7.07251404255, 0, 0, 0 
2014-12-21T19:47:30, 8.2854, 0, 0, 0 
2014-12-21T19:52:30, 9.05847923077, 0, 0, 0 
2014-12-21T19:57:30, 7.26496615385, 0, 0, 0 
2014-12-21T20:02:30, 5.34548903226, 0, 0, 0 
2014-12-21T20:07:30, 6.08076, 0, 0, 0 
2014-12-21T20:12:30, 5.73071717647, 0, 0, 0 
2014-12-21T20:17:30, 4.16248875, 0, 0, 0 
2014-12-21T20:22:30, 2.1436128, 0, 0, 0 
2014-12-21T20:27:30, 1.454544, 0, 0, 0 
2014-12-21T20:32:30, 3.45190588235, 0, 0, 0 
2014-12-21T20:37:30, 8.096025, 0, 0, 0 
2014-12-21T20:42:30, 8.491896, 0, 0, 0 
2014-12-21T20:47:30, 7.95031471698, 0, 0, 0 
2014-12-21T20:52:30, 5.1715776, 0, 0, 0 
2014-12-21T20:57:30, 4.413024, 0, 0, 0 
2014-12-21T21:02:30, 4.65505297297, 0, 0, 0 
2014-12-21T21:07:30, 6.0966739726, 0, 0, 0 
2014-12-21T21:12:30, 1.71315529412, 0, 0, 0 
2014-12-21T21:17:30, 2.97432, 0, 0, 0 
2014-12-21T21:22:30, 1.5768626087, 0, 0, 0 
2014-12-21T21:27:30, 5.88397090909, 0, 0, 0 
2014-12-21T21:32:30, 8.55520179775, 0, 0, 0 
2014-12-21T21:37:30, 8.832495, 0, 0, 0 
2014-12-21T21:42:30, 4.83819287671, 0, 0, 0 
2014-12-21T21:47:30, 6.47762181818, 0, 0, 0 
2014-12-21T21:52:30, 4.93578580645, 0, 0, 0 
2014-12-21T21:57:30, 5.80818, 0, 0, 0 
2014-12-21T22:02:30, 5.05752369231, 0, 0, 0 
2014-12-21T22:07:30, 0.936276923077, 0, 0, 0 
2014-12-21T22:12:30, 1.2432672, 0, 0, 0 
2014-12-21T22:17:30, 1.33334068966, 0, 0, 0 
2014-12-21T22:22:30, 3.371445, 0, 0, 0 
2014-12-21T22:27:30, 3.54442344828, 0, 0, 0 
2014-12-21T22:32:30, 4.06936551724, 0, 0, 0 
2014-12-21T22:37:30, 5.45567606557, 0, 0, 0 
2014-12-21T22:42:30, 4.72703, 0, 0, 0 
2014-12-21T22:47:30, 5.8377235443, 0, 0, 0 
2014-12-21T22:52:30, 6.00951891892, 0, 0, 0 
2014-12-21T22:57:30, 3.59921333333, 0, 0, 0 
2014-12-21T23:02:30, 2.259684, 0, 0, 0 
2014-12-21T23:07:30, 2.74596, 0, 0, 0 
2014-12-21T23:12:30, 2.57994382979, 0, 0, 0 
2014-12-21T23:17:30, 5.61344, 0, 0, 0 
2014-12-21T23:22:30, 3.27456, 0, 0, 0 
2014-12-21T23:27:30, 3.2895072, 0, 0, 0 
2014-12-21T23:32:30, 7.19629953488, 0, 0, 0 
2014-12-21T23:37:30, 7.0702705618, 0, 0, 0 
2014-12-21T23:42:30, 5.952177, 0, 0, 0 
2014-12-21T23:47:30, 7.76748, 0, 0, 0 
2014-12-21T23:52:30, 2.75980645161, 0, 0, 0 
2014-12-21T23:57:30, 2.6940537931, 0, 0, 0 
2014-12-22T00:02:30, 2.6964, 0, 0, 0 
2014-12-22T00:07:30, 2.55630508475, 0, 0, 0 
2014-12-22T00:12:30, 3.21368727273, 0, 0, 0 
2014-12-22T00:17:30, 3.93941032258, 0, 0, 0 
2014-12-22T00:22:30, 5.058648, 0, 0, 0 
2014-12-22T00:27:30, 7.448, 0, 0, 0 
2014-12-22T00:32:30, 7.1658825, 0, 0, 0 
2014-12-22T00:37:30, 6.76357608247, 0, 0, 0 
2014-12-22T00:42:30, 4.54807862069, 0, 0, 0 
2014-12-22T00:47:30, 2.12730893617, 0, 0, 0 
2014-12-22T00:52:30, 2.10397090909, 0, 0, 0 
2014-12-22T00:57:30, 1.999494, 0, 0, 0 
2014-12-22T01:02:30, 5.76904695652, 0, 0, 0 
2014-12-22T01:07:30, 4.05050896552, 0, 0, 0 
2014-12-22T01:12:30, 4.34042, 0, 0, 0 
2014-12-22T01:17:30, 4.96394181818, 0, 0, 0 
2014-12-22T01:22:30, 6.99768, 0, 0, 0 
2014-12-22T01:27:30, 5.30416551724, 0, 0, 0 
2014-12-22T01:32:30, 4.596396, 0, 0, 0 
2014-12-22T01:37:30, 1.71727783784, 0, 0, 0 
2014-12-22T01:42:30, 1.0836, 0, 0, 0 
2014-12-22T01:47:30, 1.81132682927, 0, 0, 0 
2014-12-22T01:52:30, 3.87363375, 0, 0, 0 
2014-12-22T01:57:30, 2.5359264, 0, 0, 0 
2014-12-22T02:02:30, 2.71225756098, 0, 0, 0 
2014-12-22T02:07:30, 4.47651147541, 0, 0, 0 
2014-12-22T02:12:30, 4.75832788732, 0, 0, 0 
2014-12-22T02:17:30, 5.04819, 0, 0, 0 
2014-12-22T02:22:30, 3.29526580645, 0, 0, 0 
2014-12-22T02:27:30, 3.34833333333, 0, 0, 0 
2014-12-22T02:32:30, 1.85139818182, 0, 0, 0 
2014-12-22T02:37:30, 1.03749333333, 0, 0, 0 
2014-12-22T02:42:30, 2.309076, 0, 0, 0 
2014-12-22T02:47:30, 3.05434723404, 0, 0, 0 
2014-12-22T02:52:30, 3.85514181818, 0, 0, 0 
2014-12-22T02:57:30, 3.641484, 0, 0, 0 
2014-12-22T03:02:30, 4.58888450704, 0, 0, 0 
2014-12-22T03:07:30, 2.215584, 0, 0, 0 
2014-12-22T03:12:30, 5.563068, 0, 0, 0 
2014-12-22T03:17:30, 3.86229245902, 0, 0, 0 
2014-12-22T03:22:30, 3.86286101695, 0, 0, 0 
2014-12-22T03:27:30, 3.03858382979, 0, 0, 0 
2014-12-22T03:32:30, 2.67827744681, 0, 0, 0 
2014-12-22T03:37:30, 1.71757894737, 0, 0, 0 
2014-12-22T03:42:30, 2.60546553191, 0, 0, 0 
2014-12-22T03:47:30, 3.7156896, 0, 0, 0 
2014-12-22T03:52:30, 5.00192, 0, 0, 0 
2014-12-22T03:57:30, 3.48371234043, 0, 0, 0 
2014-12-22T04:02:30, 5.12442, 0, 0, 0 
2014-12-22T04:07:30, 4.31447261538, 0, 0, 0 
2014-12-22T04:12:30, 4.33421333333, 0, 0, 0 
2014-12-22T04:17:30, 4.21492235294, 0, 0, 0 
2014-12-22T04:22:30, 2.70292909091, 0, 0, 0 
2014-12-22T04:27:30, 2.19014526316, 0, 0, 0 
2014-12-22T04:32:30, 2.624685, 0, 0, 0 
2014-12-22T04:37:30, 4.3974, 0, 0, 0 
2014-12-22T04:42:30, 2.67561, 0, 0, 0 
2014-12-22T04:47:30, 3.54966315789, 0, 0, 0 
2014-12-22T04:52:30, 5.08131380282, 0, 0, 0 
2014-12-22T04:57:30, 6.02112, 0, 0, 0 
2014-12-22T05:02:30, 3.96046451613, 0, 0, 0 
2014-12-22T05:07:30, 4.54649311475, 0, 0, 0 
2014-12-22T05:12:30, 3.060736, 0, 0, 0 
2014-12-22T05:17:30, 2.56982727273, 0, 0, 0 
2014-12-22T05:22:30, 3.05734978723, 0, 0, 0 
2014-12-22T05:27:30, 2.97070666667, 0, 0, 0 
2014-12-22T05:32:30, 3.62421818182, 0, 0, 0 
2014-12-22T05:37:30, 2.9663424, 0, 0, 0 
2014-12-22T05:42:30, 3.5868, 0, 0, 0 
2014-12-22T05:47:30, 2.01737454545, 0, 0, 0 
2014-12-22T05:52:30, 2.460192, 0, 0, 0 
2014-12-22T05:57:30, 1.416492, 0, 0, 0 
2014-12-22T06:02:30, 2.997232, 0, 0, 0 
2014-12-22T06:07:30, 3.98498625, 0, 0, 0 
2014-12-22T06:12:30, 2.6911584, 0, 0, 0 
2014-12-22T06:17:30, 3.30300679245, 0, 0, 0 
2014-12-22T06:22:30, 4.24749818182, 0, 0, 0 
2014-12-22T06:27:30, 4.40226739726, 0, 0, 0 
2014-12-22T06:32:30, 3.29418352941, 0, 0, 0 
2014-12-22T06:37:30, 3.95392581818, 0, 0, 0 
2014-12-22T06:42:30, 2.44708085106, 0, 0, 0 
2014-12-22T06:47:30, 2.29404, 0, 0, 0 
2014-12-22T06:52:30, 3.17244375, 0, 0, 0 
2014-12-22T06:57:30, 3.8307761194, 0, 0, 0 
2014-12-22T07:02:30, 4.28904, 0, 0, 0 
2014-12-22T07:07:30, 5.67924, 0, 0, 0 
2014-12-22T07:12:30, 5.28128202532, 0, 0, 0 
2014-12-22T07:17:30, 5.726826, 0, 0, 0 
2014-12-22T07:22:30, 4.6461483871, 0, 0, 0 
2014-12-22T07:27:30, 3.97462978723, 0, 0, 0 
2014-12-22T07:32:30, 1.87304727273, 0, 0, 0 
2014-12-22T07:37:30, 1.91161894737, 0, 0, 0 
2014-12-22T07:42:30, 0.91728, 0, 0, 0 
2014-12-22T07:47:30, 2.01209806452, 0, 0, 0 
2014-12-22T07:52:30, 5.520312, 0, 0, 0 
2014-12-22T07:57:30, 5.27436, 0, 0, 0 
2014-12-22T08:02:30, 3.0996, 0, 0, 0 
2014-12-22T08:07:30, 4.23414276923, 0, 0, 0 
2014-12-22T08:12:30, 1.77067459459, 0, 0, 0 
2014-12-22T08:17:30, 2.35762434783, 0, 0, 0 
2014-12-22T08:22:30, 2.391984, 0, 0, 0 
2014-12-22T08:27:30, 1.7342325, 0, 0, 0 
2014-12-22T08:32:30, 1.8517697561, 0, 0, 0 
2014-12-22T08:37:30, 1.28828903226, 0, 0, 0 
2014-12-22T08:42:30, 1.54469189189, 0, 0, 0 
2014-12-22T08:47:30, 1.72431, 0, 0, 0 
2014-12-22T08:52:30, 3.26978042553, 0, 0, 0 
2014-12-22T08:57:30, 1.629936, 0, 0, 0 
2014-12-22T09:02:30, 2.11137230769, 0, 0, 0 
2014-12-22T09:07:30, 2.47638461538, 0, 0, 0 
2014-12-22T09:12:30, 1.76235906977, 0, 0, 0 
2014-12-22T09:17:30, 3.7250354717, 0, 0, 0 
2014-12-22T09:22:30, 1.5732675, 0, 0, 0 
2014-12-22T09:27:30, 1.37684842105, 0, 0, 0 
2014-12-22T09:32:30, 2.017008, 0, 0, 0 
2014-12-22T09:37:30, 1.94782736842, 0, 0, 0 
2014-12-22T09:42:30, 3.21914526316, 0, 0, 0 
2014-12-22T09:47:30, 3.89979692308, 0, 0, 0 
2014-12-22T09:52:30, 3.8444175, 0, 0, 0 
2014-12-22T09:57:30, 5.01938181818, 0, 0, 0 
2014-12-22T10:02:30, 5.21283512195, 0, 0, 0 
2014-12-22T10:07:30, 5.4768, 0, 0, 0 
2014-12-22T10:12:30, 4.42288, 0, 0, 0 
2014-12-22T10:17:30, 2.67048, 0, 0, 0 
2014-12-22T10:22:30, 1.78116324324, 0, 0, 0 
2014-12-22T10:27:30, 1.955296, 0, 0, 0 
2014-12-22T10:32:30, 1.46916, 0, 0, 0 
2014-12-22T10:37:30, 4.22741052632, 0, 0, 0 
2014-12-22T10:42:30, 4.21456, 0, 0, 0 
2014-12-22T10:47:30, 5.275242, 0, 0, 0 
2014-12-22T10:52:30, 5.4063072, 0, 0, 0 
2014-12-22T10:57:30, 4.5465, 0, 0, 0 
2014-12-22T11:02:30, 4.63344, 0, 0, 0 
2014-12-22T11:07:30, 3.4398, 0, 0, 0 
2014-12-22T11:12:30, 3.18741230769, 0, 0, 0 
2014-12-22T11:17:30, 2.247336, 0, 0, 0 
2014-12-22T11:22:30, 1.93273043478, 0, 0, 0 
2014-12-22T11:27:30, 4.90034734177, 0, 0, 0 
2014-12-22T11:32:30, 5.03389894737, 0, 0, 0 
2014-12-22T11:37:30, 5.71458461538, 0, 0, 0 
2014-12-22T11:42:30, 4.65510315789, 0, 0, 0 
2014-12-22T11:47:30, 5.2830624, 0, 0, 0 
2014-12-22T11:52:30, 3.67865513514, 0, 0, 0 
2014-12-22T11:57:30, 5.19631636364, 0, 0, 0 
2014-12-22T12:02:30, 2.43031090909, 0, 0, 0 
2014-12-22T12:07:30, 1.8996075, 0, 0, 0 
2014-12-22T12:12:30, 2.0010375, 0, 0, 0 
2014-12-22T12:17:30, 1.11850666667, 0, 0, 0 
2014-12-22T12:22:30, 3.67045132075, 0, 0, 0 
2014-12-22T12:27:30, 3.271632, 0, 0, 0 
2014-12-22T12:32:30, 4.19723446154, 0, 0, 0 
2014-12-22T12:37:30, 2.64096, 0, 0, 0 
2014-12-22T12:42:30, 3.1921344, 0, 0, 0 
2014-12-22T12:47:30, 2.15208, 0, 0, 0 
2014-12-22T12:52:30, 1.303596, 0, 0, 0 
2014-12-22T12:57:30, 0.975010909091, 0, 0, 0 
2014-12-22T13:02:30, 0.87192, 0, 0, 0 
2014-12-22T13:07:30, 1.25048, 0, 0, 0 
2014-12-22T13:12:30, 0.8311968, 0, 0, 0 
2014-12-22T13:17:30, 2.82506264151, 0, 0, 0 
2014-12-22T13:22:30, 2.74117395349, 0, 0, 0 
2014-12-22T13:27:30, 1.48361684211, 0, 0, 0 
2014-12-22T13:32:30, 2.52387692308, 0, 0, 0 
2014-12-22T13:37:30, 2.78712, 0, 0, 0 
2014-12-22T13:42:30, 3.06544, 0, 0, 0 
2014-12-22T13:47:30, 2.44854580645, 0, 0, 0 
2014-12-22T13:52:30, 2.69892, 0, 0, 0 
2014-12-22T13:57:30, 1.53533333333, 0, 0, 0 
2014-12-22T14:02:30, 0.341944615385, 0, 0, 0 
2014-12-22T14:07:30, 0.802155789474, 0, 0, 0 
2014-12-22T14:12:30, 3.32560421053, 0, 0, 0 
2014-12-22T14:17:30, 2.54688, 0, 0, 0 
2014-12-22T14:22:30, 3.31693894737, 0, 0, 0 
2014-12-22T14:27:30, 2.17168, 0, 0, 0 
2014-12-22T14:32:30, 2.19937021277, 0, 0, 0 
2014-12-22T14:37:30, 2.15579368421, 0, 0, 0 
2014-12-22T14:42:30, 2.90585076923, 0, 0, 0 
2014-12-22T14:47:30, 1.29397935484, 0, 0, 0 
2014-12-22T14:52:30, 2.43432, 0, 0, 0 
2014-12-22T14:57:30, 2.00592, 0, 0, 0 
2014-12-22T15:02:30, 1.95154105263, 0, 0, 0 
2014-12-22T15:07:30, 2.85126545455, 0, 0, 0 
2014-12-22T15:12:30, 2.28845076923, 0, 0, 0 
2014-12-22T15:17:30, 2.9444688, 0, 0, 0 
2014-12-22T15:22:30, 1.99813090909, 0, 0, 0 
2014-12-22T15:27:30, 0.924336, 0, 0, 0 
2014-12-22T15:32:30, 0.49392, 0, 0, 0 
2014-12-22T15:37:30, 0.7938, 0, 0, 0 
2014-12-22T15:42:30, 2.29227157895, 0, 0, 0 
2014-12-22T15:47:30, 1.48862, 0, 0, 0 
2014-12-22T15:52:30, 2.94286829268, 0, 0, 0 
2014-12-22T15:57:30, 2.28144, 0, 0, 0 
2014-12-22T16:02:30, 2.31643317073, 0, 0, 0 
2014-12-22T16:07:30, 2.193632, 0, 0, 0 
2014-12-22T16:12:30, 2.73096, 0, 0, 0 
2014-12-22T16:17:30, 0.2793, 0, 0, 0 
2014-12-22T16:22:30, 0.7938, 0, 0, 0 
2014-12-22T16:27:30, 0.7791, 0, 0, 0 
2014-12-22T16:32:30, 1.46696516129, 0, 0, 0 
2014-12-22T16:37:30, 2.900016, 0, 0, 0 
2014-12-22T16:42:30, 2.9487024, 0, 0, 0 
2014-12-22T16:47:30, 2.506056, 0, 0, 0 
2014-12-22T16:52:30, 0.875385, 0, 0, 0 
2014-12-22T16:57:30, 0.773092173913, 0, 0, 0 
2014-12-22T17:02:30, 0.91098, 0, 0, 0 
2014-12-22T17:07:30, 1.22442352941, 0, 0, 0 
2014-12-22T17:12:30, 0.700308, 0, 0, 0 
2014-12-22T17:17:30, 0.54488, 0, 0, 0 
2014-12-22T17:22:30, 1.36777846154, 0, 0, 0 
2014-12-22T17:27:30, 2.07905860465, 0, 0, 0 
2014-12-22T17:32:30, 2.02000615385, 0, 0, 0 
2014-12-22T17:37:30, 2.35657333333, 0, 0, 0 
2014-12-22T17:42:30, 2.08793454545, 0, 0, 0 
2014-12-22T17:47:30, 1.07604, 0, 0, 0 
2014-12-22T17:52:30, 0.95256, 0, 0, 0 
2014-12-22T17:57:30, 1.6680384, 0, 0, 0 
2014-12-22T18:02:30, 0.60984, 0, 0, 0 
2014-12-22T18:07:30, 1.02050666667, 0, 0, 0 
2014-12-22T18:12:30, 0.597996, 0, 0, 0 
2014-12-22T18:17:30, 1.439865, 0, 0, 0 
2014-12-22T18:22:30, 2.99817, 0, 0, 0 
2014-12-22T18:27:30, 2.36601191489, 0, 0, 0 
2014-12-22T18:32:30, 2.48913, 0, 0, 0 
2014-12-22T18:37:30, 2.49802, 0, 0, 0 
2014-12-22T18:42:30, 1.898064, 0, 0, 0 
2014-12-22T18:47:30, 0.829846956522, 0, 0, 0 
2014-12-22T18:52:30, 0.59976, 0, 0, 0 
2014-12-22T18:57:30, 1.10453538462, 0, 0, 0 
2014-12-22T19:02:30, 1.90051826087, 0, 0, 0 
2014-12-22T19:07:30, 0.610785, 0, 0, 0 
2014-12-22T19:12:30, 1.891008, 0, 0, 0 
2014-12-22T19:17:30, 2.77575864407, 0, 0, 0 
2014-12-22T19:22:30, 2.77575864407, 0, 0, 0 
