# 
# Filename    : /tmp/rfq_pt_h01_ai_in.txt
# PV name     : RFQ:PT:H01:AI_IN
# From        : 2015-02-06T16:45:01.158839
# To          : 2015-02-13T16:45:01.158839
# queryString : ?pv=mean_300(RFQ:PT:H01:AI_IN)&from=2015-02-06T16%3A45%3A01.158839%2B09%3A00&to=2015-02-13T16%3A45%3A01.158839%2B09%3A00
# hostname    : munjipc0
# host IP     : 127.0.1.1
# 
# time, val, nanos, status, severity
2015-02-06T16:47:30, 2042.1459854, 0, 0, 0 
2015-02-06T16:52:30, 2041.79562044, 0, 0, 0 
2015-02-06T16:57:30, 2042.04575163, 0, 0, 0 
2015-02-06T17:02:30, 2041.2797619, 0, 0, 0 
2015-02-06T17:07:30, 2040.91946309, 0, 0, 0 
2015-02-06T17:12:30, 2040.7810219, 0, 0, 0 
2015-02-06T17:17:30, 2041.27731092, 0, 0, 0 
2015-02-06T17:22:30, 2041.38392857, 0, 0, 0 
2015-02-06T17:27:30, 2040.97222222, 0, 0, 0 
2015-02-06T17:32:30, 2041.06363636, 0, 0, 0 
2015-02-06T17:37:30, 2040.05185185, 0, 0, 0 
2015-02-06T17:42:30, 2038.26829268, 0, 0, 0 
2015-02-06T17:47:30, 2037.95428571, 0, 0, 0 
2015-02-06T17:52:30, 2037.11258278, 0, 0, 0 
2015-02-06T17:57:30, 2037.1037037, 0, 0, 0 
2015-02-06T18:02:30, 2036.79230769, 0, 0, 0 
2015-02-06T18:07:30, 2036.76470588, 0, 0, 0 
2015-02-06T18:12:30, 2035.5375, 0, 0, 0 
2015-02-06T18:17:30, 2035.825, 0, 0, 0 
2015-02-06T18:22:30, 2035.24324324, 0, 0, 0 
2015-02-06T18:27:30, 2035.3, 0, 0, 0 
2015-02-06T18:32:30, 2035.11842105, 0, 0, 0 
2015-02-06T18:37:30, 2035.05813953, 0, 0, 0 
2015-02-06T18:42:30, 2035.06818182, 0, 0, 0 
2015-02-06T18:47:30, 2034.92307692, 0, 0, 0 
2015-02-06T18:52:30, 2034.87654321, 0, 0, 0 
2015-02-06T18:57:30, 2034.13953488, 0, 0, 0 
2015-02-06T19:02:30, 2034.14583333, 0, 0, 0 
2015-02-06T19:07:30, 2033.97029703, 0, 0, 0 
2015-02-06T19:12:30, 2034.55555556, 0, 0, 0 
2015-02-06T19:17:30, 2034.35, 0, 0, 0 
2015-02-06T19:22:30, 2034.5375, 0, 0, 0 
2015-02-06T19:27:30, 2034.42028986, 0, 0, 0 
2015-02-06T19:32:30, 2033.84931507, 0, 0, 0 
2015-02-06T19:37:30, 2032.77118644, 0, 0, 0 
2015-02-06T19:42:30, 2033.62135922, 0, 0, 0 
2015-02-06T19:47:30, 2031.10135135, 0, 0, 0 
2015-02-06T19:52:30, 2032.05921053, 0, 0, 0 
2015-02-06T19:57:30, 2033.264, 0, 0, 0 
2015-02-06T20:02:30, 2032.98319328, 0, 0, 0 
2015-02-06T20:07:30, 2033.61616162, 0, 0, 0 
2015-02-06T20:12:30, 2033.61956522, 0, 0, 0 
2015-02-06T20:17:30, 2032.52238806, 0, 0, 0 
2015-02-06T20:22:30, 2032.95689655, 0, 0, 0 
2015-02-06T20:27:30, 2033.28828829, 0, 0, 0 
2015-02-06T20:32:30, 2033.14423077, 0, 0, 0 
2015-02-06T20:37:30, 2032.76296296, 0, 0, 0 
2015-02-06T20:42:30, 2032.97857143, 0, 0, 0 
2015-02-06T20:47:30, 2033.3880597, 0, 0, 0 
2015-02-06T20:52:30, 2033.2231405, 0, 0, 0 
2015-02-06T20:57:30, 2032.4887218, 0, 0, 0 
2015-02-06T21:02:30, 2033.39370079, 0, 0, 0 
2015-02-06T21:07:30, 2033.72, 0, 0, 0 
2015-02-06T21:12:30, 2033.48062016, 0, 0, 0 
2015-02-06T21:17:30, 2033.35964912, 0, 0, 0 
2015-02-06T21:22:30, 2033.10655738, 0, 0, 0 
2015-02-06T21:27:30, 2033.50406504, 0, 0, 0 
2015-02-06T21:32:30, 2032.85606061, 0, 0, 0 
2015-02-06T21:37:30, 2034.05660377, 0, 0, 0 
2015-02-06T21:42:30, 2034.06315789, 0, 0, 0 
2015-02-06T21:47:30, 2034.12962963, 0, 0, 0 
2015-02-06T21:52:30, 2034.52884615, 0, 0, 0 
2015-02-06T21:57:30, 2034.13513514, 0, 0, 0 
2015-02-06T22:02:30, 2034.50505051, 0, 0, 0 
2015-02-06T22:07:30, 2034.43137255, 0, 0, 0 
2015-02-06T22:12:30, 2034.13541667, 0, 0, 0 
2015-02-06T22:17:30, 2034.3372093, 0, 0, 0 
2015-02-06T22:22:30, 2034.31683168, 0, 0, 0 
2015-02-06T22:27:30, 2034.63809524, 0, 0, 0 
2015-02-06T22:32:30, 2034.32653061, 0, 0, 0 
2015-02-06T22:37:30, 2034.19, 0, 0, 0 
2015-02-06T22:42:30, 2034.32786885, 0, 0, 0 
2015-02-06T22:47:30, 2034.38211382, 0, 0, 0 
2015-02-06T22:52:30, 2034.36893204, 0, 0, 0 
2015-02-06T22:57:30, 2034.7173913, 0, 0, 0 
2015-02-06T23:02:30, 2035.47014925, 0, 0, 0 
2015-02-06T23:07:30, 2034.91240876, 0, 0, 0 
2015-02-06T23:12:30, 2034.72058824, 0, 0, 0 
2015-02-06T23:17:30, 2035.056, 0, 0, 0 
2015-02-06T23:22:30, 2035.48666667, 0, 0, 0 
2015-02-06T23:27:30, 2036.97109827, 0, 0, 0 
2015-02-06T23:32:30, 2036.37162162, 0, 0, 0 
2015-02-06T23:37:30, 2035.91194969, 0, 0, 0 
2015-02-06T23:42:30, 2036.1875, 0, 0, 0 
2015-02-06T23:47:30, 2038.53333333, 0, 0, 0 
2015-02-06T23:52:30, 2037.19186047, 0, 0, 0 
2015-02-06T23:57:30, 2038.27857143, 0, 0, 0 
2015-02-07T00:02:30, 2036.95705521, 0, 0, 0 
2015-02-07T00:07:30, 2036.59638554, 0, 0, 0 
2015-02-07T00:12:30, 2036.90340909, 0, 0, 0 
2015-02-07T00:17:30, 2036.39751553, 0, 0, 0 
2015-02-07T00:22:30, 2037.71812081, 0, 0, 0 
2015-02-07T00:27:30, 2037.82142857, 0, 0, 0 
2015-02-07T00:32:30, 2037.47953216, 0, 0, 0 
2015-02-07T00:37:30, 2037.49707602, 0, 0, 0 
2015-02-07T00:42:30, 2037.29268293, 0, 0, 0 
2015-02-07T00:47:30, 2037.81944444, 0, 0, 0 
2015-02-07T00:52:30, 2038.96875, 0, 0, 0 
2015-02-07T00:57:30, 2039.8019802, 0, 0, 0 
2015-02-07T01:02:30, 2039.56410256, 0, 0, 0 
2015-02-07T01:07:30, 2040.2962963, 0, 0, 0 
2015-02-07T01:12:30, 2040.25287356, 0, 0, 0 
2015-02-07T01:17:30, 2039.00769231, 0, 0, 0 
2015-02-07T01:22:30, 2039.78409091, 0, 0, 0 
2015-02-07T01:27:30, 2039.5, 0, 0, 0 
2015-02-07T01:32:30, 2040.54878049, 0, 0, 0 
2015-02-07T01:37:30, 2040.50746269, 0, 0, 0 
2015-02-07T01:42:30, 2040.50561798, 0, 0, 0 
2015-02-07T01:47:30, 2040.52325581, 0, 0, 0 
2015-02-07T01:52:30, 2041.14942529, 0, 0, 0 
2015-02-07T01:57:30, 2041.40425532, 0, 0, 0 
2015-02-07T02:02:30, 2041.27272727, 0, 0, 0 
2015-02-07T02:07:30, 2041.85714286, 0, 0, 0 
2015-02-07T02:12:30, 2041.71875, 0, 0, 0 
2015-02-07T02:17:30, 2042.73333333, 0, 0, 0 
2015-02-07T02:22:30, 2041.84057971, 0, 0, 0 
2015-02-07T02:27:30, 2041.88888889, 0, 0, 0 
2015-02-07T02:32:30, 2041.33913043, 0, 0, 0 
2015-02-07T02:37:30, 2042.81355932, 0, 0, 0 
2015-02-07T02:42:30, 2042.48739496, 0, 0, 0 
2015-02-07T02:47:30, 2043.04697987, 0, 0, 0 
2015-02-07T02:52:30, 2044.54385965, 0, 0, 0 
2015-02-07T02:57:30, 2045.30232558, 0, 0, 0 
2015-02-07T03:02:30, 2044.35294118, 0, 0, 0 
2015-02-07T03:07:30, 2044.02645503, 0, 0, 0 
2015-02-07T03:12:30, 2043.95454545, 0, 0, 0 
2015-02-07T03:17:30, 2045.24666667, 0, 0, 0 
2015-02-07T03:22:30, 2044.16, 0, 0, 0 
2015-02-07T03:27:30, 2045.57317073, 0, 0, 0 
2015-02-07T03:32:30, 2044.15789474, 0, 0, 0 
2015-02-07T03:37:30, 2044.57575758, 0, 0, 0 
2015-02-07T03:42:30, 2044.10119048, 0, 0, 0 
2015-02-07T03:47:30, 2045.44751381, 0, 0, 0 
2015-02-07T03:52:30, 2045.44666667, 0, 0, 0 
2015-02-07T03:57:30, 2046.2173913, 0, 0, 0 
2015-02-07T04:02:30, 2046.21551724, 0, 0, 0 
2015-02-07T04:07:30, 2046.67741935, 0, 0, 0 
2015-02-07T04:12:30, 2047.28813559, 0, 0, 0 
2015-02-07T04:17:30, 2047.23931624, 0, 0, 0 
2015-02-07T04:22:30, 2047.1025641, 0, 0, 0 
2015-02-07T04:27:30, 2047.12264151, 0, 0, 0 
2015-02-07T04:32:30, 2046.99186992, 0, 0, 0 
2015-02-07T04:37:30, 2047.11504425, 0, 0, 0 
2015-02-07T04:42:30, 2046.94814815, 0, 0, 0 
2015-02-07T04:47:30, 2046.99137931, 0, 0, 0 
2015-02-07T04:52:30, 2047.08196721, 0, 0, 0 
2015-02-07T04:57:30, 2047.18965517, 0, 0, 0 
2015-02-07T05:02:30, 2047.2, 0, 0, 0 
2015-02-07T05:07:30, 2047.17910448, 0, 0, 0 
2015-02-07T05:12:30, 2047.32835821, 0, 0, 0 
2015-02-07T05:17:30, 2047.14634146, 0, 0, 0 
2015-02-07T05:22:30, 2047.14285714, 0, 0, 0 
2015-02-07T05:27:30, 2047.72357724, 0, 0, 0 
2015-02-07T05:32:30, 2047.325, 0, 0, 0 
2015-02-07T05:37:30, 2047.1875, 0, 0, 0 
2015-02-07T05:42:30, 2047.45112782, 0, 0, 0 
2015-02-07T05:47:30, 2047.1981982, 0, 0, 0 
2015-02-07T05:52:30, 2047.21238938, 0, 0, 0 
2015-02-07T05:57:30, 2047.87804878, 0, 0, 0 
2015-02-07T06:02:30, 2047.4516129, 0, 0, 0 
2015-02-07T06:07:30, 2047.45, 0, 0, 0 
2015-02-07T06:12:30, 2047.12727273, 0, 0, 0 
2015-02-07T06:17:30, 2047.27205882, 0, 0, 0 
2015-02-07T06:22:30, 2047.39622642, 0, 0, 0 
2015-02-07T06:27:30, 2048.21641791, 0, 0, 0 
2015-02-07T06:32:30, 2047.49180328, 0, 0, 0 
2015-02-07T06:37:30, 2047.33064516, 0, 0, 0 
2015-02-07T06:42:30, 2047.21848739, 0, 0, 0 
2015-02-07T06:47:30, 2047.82926829, 0, 0, 0 
2015-02-07T06:52:30, 2047.33333333, 0, 0, 0 
2015-02-07T06:57:30, 2047.16260163, 0, 0, 0 
2015-02-07T07:02:30, 2047.30578512, 0, 0, 0 
2015-02-07T07:07:30, 2047.40740741, 0, 0, 0 
2015-02-07T07:12:30, 2047.20454545, 0, 0, 0 
2015-02-07T07:17:30, 2047.12096774, 0, 0, 0 
2015-02-07T07:22:30, 2047.288, 0, 0, 0 
2015-02-07T07:27:30, 2047.18253968, 0, 0, 0 
2015-02-07T07:32:30, 2048.08552632, 0, 0, 0 
2015-02-07T07:37:30, 2048.69879518, 0, 0, 0 
2015-02-07T07:42:30, 2049.98395722, 0, 0, 0 
2015-02-07T07:47:30, 2047.9869281, 0, 0, 0 
2015-02-07T07:52:30, 2047.14285714, 0, 0, 0 
2015-02-07T07:57:30, 2047.95302013, 0, 0, 0 
2015-02-07T08:02:30, 2047.59574468, 0, 0, 0 
2015-02-07T08:07:30, 2047.43382353, 0, 0, 0 
2015-02-07T08:12:30, 2047.85820896, 0, 0, 0 
2015-02-07T08:17:30, 2049.40718563, 0, 0, 0 
2015-02-07T08:22:30, 2050.05084746, 0, 0, 0 
2015-02-07T08:27:30, 2048.81656805, 0, 0, 0 
2015-02-07T08:32:30, 2048.18604651, 0, 0, 0 
2015-02-07T08:37:30, 2047.5, 0, 0, 0 
2015-02-07T08:42:30, 2049.19135802, 0, 0, 0 
2015-02-07T08:47:30, 2048.08965517, 0, 0, 0 
2015-02-07T08:52:30, 2047.62295082, 0, 0, 0 
2015-02-07T08:57:30, 2047.98561151, 0, 0, 0 
2015-02-07T09:02:30, 2049.30120482, 0, 0, 0 
2015-02-07T09:07:30, 2048.96202532, 0, 0, 0 
2015-02-07T09:12:30, 2048.71111111, 0, 0, 0 
2015-02-07T09:17:30, 2050.68717949, 0, 0, 0 
2015-02-07T09:22:30, 2050.86592179, 0, 0, 0 
2015-02-07T09:27:30, 2050.15083799, 0, 0, 0 
2015-02-07T09:32:30, 2050.09036145, 0, 0, 0 
2015-02-07T09:37:30, 2050.52356021, 0, 0, 0 
2015-02-07T09:42:30, 2050.52284264, 0, 0, 0 
2015-02-07T09:47:30, 2051.19270833, 0, 0, 0 
2015-02-07T09:52:30, 2051.22674419, 0, 0, 0 
2015-02-07T09:57:30, 2050.11428571, 0, 0, 0 
2015-02-07T10:02:30, 2050.77319588, 0, 0, 0 
2015-02-07T10:07:30, 2050.80693069, 0, 0, 0 
2015-02-07T10:12:30, 2049.74193548, 0, 0, 0 
2015-02-07T10:17:30, 2050.98477157, 0, 0, 0 
2015-02-07T10:22:30, 2052.57058824, 0, 0, 0 
2015-02-07T10:27:30, 2051.58064516, 0, 0, 0 
2015-02-07T10:32:30, 2050.77, 0, 0, 0 
2015-02-07T10:37:30, 2050.80681818, 0, 0, 0 
2015-02-07T10:42:30, 2051.79459459, 0, 0, 0 
2015-02-07T10:47:30, 2051.33888889, 0, 0, 0 
2015-02-07T10:52:30, 2052.64968153, 0, 0, 0 
2015-02-07T10:57:30, 2052.13609467, 0, 0, 0 
2015-02-07T11:02:30, 2052.2173913, 0, 0, 0 
2015-02-07T11:07:30, 2050.99450549, 0, 0, 0 
2015-02-07T11:12:30, 2050.87368421, 0, 0, 0 
2015-02-07T11:17:30, 2051.14197531, 0, 0, 0 
2015-02-07T11:22:30, 2050.03267974, 0, 0, 0 
2015-02-07T11:27:30, 2050.30322581, 0, 0, 0 
2015-02-07T11:32:30, 2050.26785714, 0, 0, 0 
2015-02-07T11:37:30, 2048.62162162, 0, 0, 0 
2015-02-07T11:42:30, 2048.49253731, 0, 0, 0 
2015-02-07T11:47:30, 2050.34831461, 0, 0, 0 
2015-02-07T11:52:30, 2049.89542484, 0, 0, 0 
2015-02-07T11:57:30, 2049.58666667, 0, 0, 0 
2015-02-07T12:02:30, 2051.88343558, 0, 0, 0 
2015-02-07T12:07:30, 2051.98888889, 0, 0, 0 
2015-02-07T12:12:30, 2051.0931677, 0, 0, 0 
2015-02-07T12:17:30, 2050.54189944, 0, 0, 0 
2015-02-07T12:22:30, 2050.39506173, 0, 0, 0 
2015-02-07T12:27:30, 2050.64102564, 0, 0, 0 
2015-02-07T12:32:30, 2050.64900662, 0, 0, 0 
2015-02-07T12:37:30, 2050.78980892, 0, 0, 0 
2015-02-07T12:42:30, 2050.61904762, 0, 0, 0 
2015-02-07T12:47:30, 2050.14285714, 0, 0, 0 
2015-02-07T12:52:30, 2049.77570093, 0, 0, 0 
2015-02-07T12:57:30, 2048.72916667, 0, 0, 0 
2015-02-07T13:02:30, 2050.32450331, 0, 0, 0 
2015-02-07T13:07:30, 2050.64827586, 0, 0, 0 
2015-02-07T13:12:30, 2050.97435897, 0, 0, 0 
2015-02-07T13:17:30, 2050.2890625, 0, 0, 0 
2015-02-07T13:22:30, 2049.07526882, 0, 0, 0 
2015-02-07T13:27:30, 2050.23611111, 0, 0, 0 
2015-02-07T13:32:30, 2048.66292135, 0, 0, 0 
2015-02-07T13:37:30, 2049.20353982, 0, 0, 0 
2015-02-07T13:42:30, 2049.62162162, 0, 0, 0 
2015-02-07T13:47:30, 2050.63013699, 0, 0, 0 
2015-02-07T13:52:30, 2050.83333333, 0, 0, 0 
2015-02-07T13:57:30, 2049.43269231, 0, 0, 0 
2015-02-07T14:02:30, 2047.97029703, 0, 0, 0 
2015-02-07T14:07:30, 2048.03409091, 0, 0, 0 
2015-02-07T14:12:30, 2049.01123596, 0, 0, 0 
2015-02-07T14:17:30, 2049.67307692, 0, 0, 0 
2015-02-07T14:22:30, 2049.99236641, 0, 0, 0 
2015-02-07T14:27:30, 2050.03787879, 0, 0, 0 
2015-02-07T14:32:30, 2050.45185185, 0, 0, 0 
2015-02-07T14:37:30, 2048.03488372, 0, 0, 0 
2015-02-07T14:42:30, 2049.47572816, 0, 0, 0 
2015-02-07T14:47:30, 2051.07801418, 0, 0, 0 
2015-02-07T14:52:30, 2050.94630872, 0, 0, 0 
2015-02-07T14:57:30, 2049.99230769, 0, 0, 0 
2015-02-07T15:02:30, 2050.0625, 0, 0, 0 
2015-02-07T15:07:30, 2049.55339806, 0, 0, 0 
2015-02-07T15:12:30, 2050.80882353, 0, 0, 0 
2015-02-07T15:17:30, 2050.20740741, 0, 0, 0 
2015-02-07T15:22:30, 2049.39583333, 0, 0, 0 
2015-02-07T15:27:30, 2050.38513514, 0, 0, 0 
2015-02-07T15:32:30, 2048.08433735, 0, 0, 0 
2015-02-07T15:37:30, 2049.46296296, 0, 0, 0 
2015-02-07T15:42:30, 2050.609375, 0, 0, 0 
2015-02-07T15:47:30, 2048.38666667, 0, 0, 0 
2015-02-07T15:52:30, 2049.24705882, 0, 0, 0 
2015-02-07T15:57:30, 2048.47663551, 0, 0, 0 
2015-02-07T16:02:30, 2049.47619048, 0, 0, 0 
2015-02-07T16:07:30, 2049.01801802, 0, 0, 0 
2015-02-07T16:12:30, 2048.6875, 0, 0, 0 
2015-02-07T16:17:30, 2049.0, 0, 0, 0 
2015-02-07T16:22:30, 2048.14942529, 0, 0, 0 
2015-02-07T16:27:30, 2047.87323944, 0, 0, 0 
2015-02-07T16:32:30, 2048.76923077, 0, 0, 0 
2015-02-07T16:37:30, 2047.93055556, 0, 0, 0 
2015-02-07T16:42:30, 2049.03603604, 0, 0, 0 
2015-02-07T16:47:30, 2048.28712871, 0, 0, 0 
2015-02-07T16:52:30, 2049.35714286, 0, 0, 0 
2015-02-07T16:57:30, 2049.64615385, 0, 0, 0 
2015-02-07T17:02:30, 2050.90604027, 0, 0, 0 
2015-02-07T17:07:30, 2051.34375, 0, 0, 0 
2015-02-07T17:12:30, 2050.91489362, 0, 0, 0 
2015-02-07T17:17:30, 2050.01526718, 0, 0, 0 
2015-02-07T17:22:30, 2049.13265306, 0, 0, 0 
2015-02-07T17:27:30, 2050.84146341, 0, 0, 0 
2015-02-07T17:32:30, 2049.58474576, 0, 0, 0 
2015-02-07T17:37:30, 2049.27358491, 0, 0, 0 
2015-02-07T17:42:30, 2050.015625, 0, 0, 0 
2015-02-07T17:47:30, 2049.01098901, 0, 0, 0 
2015-02-07T17:52:30, 2049.63043478, 0, 0, 0 
2015-02-07T17:57:30, 2048.85, 0, 0, 0 
2015-02-07T18:02:30, 2049.81818182, 0, 0, 0 
2015-02-07T18:07:30, 2047.93055556, 0, 0, 0 
2015-02-07T18:12:30, 2048.4245283, 0, 0, 0 
2015-02-07T18:17:30, 2048.53409091, 0, 0, 0 
2015-02-07T18:22:30, 2048.07142857, 0, 0, 0 
2015-02-07T18:27:30, 2047.82432432, 0, 0, 0 
2015-02-07T18:32:30, 2049.10416667, 0, 0, 0 
2015-02-07T18:37:30, 2049.968, 0, 0, 0 
2015-02-07T18:42:30, 2048.92391304, 0, 0, 0 
2015-02-07T18:47:30, 2048.87368421, 0, 0, 0 
2015-02-07T18:52:30, 2048.57522124, 0, 0, 0 
2015-02-07T18:57:30, 2047.56, 0, 0, 0 
2015-02-07T19:02:30, 2047.8961039, 0, 0, 0 
2015-02-07T19:07:30, 2048.41975309, 0, 0, 0 
2015-02-07T19:12:30, 2048.18478261, 0, 0, 0 
2015-02-07T19:17:30, 2048.96969697, 0, 0, 0 
2015-02-07T19:22:30, 2048.30864198, 0, 0, 0 
2015-02-07T19:27:30, 2047.67647059, 0, 0, 0 
2015-02-07T19:32:30, 2047.725, 0, 0, 0 
2015-02-07T19:37:30, 2047.7, 0, 0, 0 
2015-02-07T19:42:30, 2048.30434783, 0, 0, 0 
2015-02-07T19:47:30, 2049.12844037, 0, 0, 0 
2015-02-07T19:52:30, 2049.392, 0, 0, 0 
2015-02-07T19:57:30, 2049.11570248, 0, 0, 0 
2015-02-07T20:02:30, 2048.31034483, 0, 0, 0 
2015-02-07T20:07:30, 2049.53125, 0, 0, 0 
2015-02-07T20:12:30, 2049.86407767, 0, 0, 0 
2015-02-07T20:17:30, 2048.63809524, 0, 0, 0 
2015-02-07T20:22:30, 2047.88764045, 0, 0, 0 
2015-02-07T20:27:30, 2047.91208791, 0, 0, 0 
2015-02-07T20:32:30, 2048.81147541, 0, 0, 0 
2015-02-07T20:37:30, 2048.30612245, 0, 0, 0 
2015-02-07T20:42:30, 2048.66666667, 0, 0, 0 
2015-02-07T20:47:30, 2048.45614035, 0, 0, 0 
2015-02-07T20:52:30, 2048.22727273, 0, 0, 0 
2015-02-07T20:57:30, 2048.62121212, 0, 0, 0 
2015-02-07T21:02:30, 2050.09638554, 0, 0, 0 
2015-02-07T21:07:30, 2048.25663717, 0, 0, 0 
2015-02-07T21:12:30, 2048.125, 0, 0, 0 
2015-02-07T21:17:30, 2047.9009009, 0, 0, 0 
2015-02-07T21:22:30, 2047.95833333, 0, 0, 0 
2015-02-07T21:27:30, 2048.33070866, 0, 0, 0 
2015-02-07T21:32:30, 2047.64634146, 0, 0, 0 
2015-02-07T21:37:30, 2047.70408163, 0, 0, 0 
2015-02-07T21:42:30, 2048.85964912, 0, 0, 0 
2015-02-07T21:47:30, 2049.17692308, 0, 0, 0 
2015-02-07T21:52:30, 2049.7761194, 0, 0, 0 
2015-02-07T21:57:30, 2050.30769231, 0, 0, 0 
2015-02-07T22:02:30, 2050.83636364, 0, 0, 0 
2015-02-07T22:07:30, 2049.24031008, 0, 0, 0 
2015-02-07T22:12:30, 2048.68032787, 0, 0, 0 
2015-02-07T22:17:30, 2048.50961538, 0, 0, 0 
2015-02-07T22:22:30, 2047.80808081, 0, 0, 0 
2015-02-07T22:27:30, 2048.26470588, 0, 0, 0 
2015-02-07T22:32:30, 2048.81203008, 0, 0, 0 
2015-02-07T22:37:30, 2048.31775701, 0, 0, 0 
2015-02-07T22:42:30, 2047.47619048, 0, 0, 0 
2015-02-07T22:47:30, 2048.1827957, 0, 0, 0 
2015-02-07T22:52:30, 2047.78181818, 0, 0, 0 
2015-02-07T22:57:30, 2047.6097561, 0, 0, 0 
2015-02-07T23:02:30, 2048.11818182, 0, 0, 0 
2015-02-07T23:07:30, 2050.09655172, 0, 0, 0 
2015-02-07T23:12:30, 2049.248, 0, 0, 0 
2015-02-07T23:17:30, 2050.09090909, 0, 0, 0 
2015-02-07T23:22:30, 2050.66666667, 0, 0, 0 
2015-02-07T23:27:30, 2050.08666667, 0, 0, 0 
2015-02-07T23:32:30, 2048.78813559, 0, 0, 0 
2015-02-07T23:37:30, 2047.73873874, 0, 0, 0 
2015-02-07T23:42:30, 2047.53333333, 0, 0, 0 
2015-02-07T23:47:30, 2048.17475728, 0, 0, 0 
2015-02-07T23:52:30, 2048.225, 0, 0, 0 
2015-02-07T23:57:30, 2047.84848485, 0, 0, 0 
2015-02-08T00:02:30, 2047.73636364, 0, 0, 0 
2015-02-08T00:07:30, 2047.9, 0, 0, 0 
2015-02-08T00:12:30, 2048.64285714, 0, 0, 0 
2015-02-08T00:17:30, 2048.97709924, 0, 0, 0 
2015-02-08T00:22:30, 2047.72527473, 0, 0, 0 
2015-02-08T00:27:30, 2048.31868132, 0, 0, 0 
2015-02-08T00:32:30, 2047.39325843, 0, 0, 0 
2015-02-08T00:37:30, 2047.32941176, 0, 0, 0 
2015-02-08T00:42:30, 2047.19101124, 0, 0, 0 
2015-02-08T00:47:30, 2047.38888889, 0, 0, 0 
2015-02-08T00:52:30, 2047.44705882, 0, 0, 0 
2015-02-08T00:57:30, 2047.47674419, 0, 0, 0 
2015-02-08T01:02:30, 2048.07777778, 0, 0, 0 
2015-02-08T01:07:30, 2047.78846154, 0, 0, 0 
2015-02-08T01:12:30, 2047.46666667, 0, 0, 0 
2015-02-08T01:17:30, 2047.68085106, 0, 0, 0 
2015-02-08T01:22:30, 2047.46296296, 0, 0, 0 
2015-02-08T01:27:30, 2047.68421053, 0, 0, 0 
2015-02-08T01:32:30, 2047.96116505, 0, 0, 0 
2015-02-08T01:37:30, 2047.51351351, 0, 0, 0 
2015-02-08T01:42:30, 2047.76635514, 0, 0, 0 
2015-02-08T01:47:30, 2047.48453608, 0, 0, 0 
2015-02-08T01:52:30, 2047.63736264, 0, 0, 0 
2015-02-08T01:57:30, 2047.7628866, 0, 0, 0 
2015-02-08T02:02:30, 2047.35849057, 0, 0, 0 
2015-02-08T02:07:30, 2047.34862385, 0, 0, 0 
2015-02-08T02:12:30, 2047.52688172, 0, 0, 0 
2015-02-08T02:17:30, 2047.9009901, 0, 0, 0 
2015-02-08T02:22:30, 2049.2231405, 0, 0, 0 
2015-02-08T02:27:30, 2048.46666667, 0, 0, 0 
2015-02-08T02:32:30, 2047.39823009, 0, 0, 0 
2015-02-08T02:37:30, 2048.65546218, 0, 0, 0 
2015-02-08T02:42:30, 2048.35036496, 0, 0, 0 
2015-02-08T02:47:30, 2049.50967742, 0, 0, 0 
2015-02-08T02:52:30, 2048.74522293, 0, 0, 0 
2015-02-08T02:57:30, 2047.61904762, 0, 0, 0 
2015-02-08T03:02:30, 2048.71724138, 0, 0, 0 
2015-02-08T03:07:30, 2047.544, 0, 0, 0 
2015-02-08T03:12:30, 2047.78740157, 0, 0, 0 
2015-02-08T03:17:30, 2048.19672131, 0, 0, 0 
2015-02-08T03:22:30, 2047.68656716, 0, 0, 0 
2015-02-08T03:27:30, 2047.5840708, 0, 0, 0 
2015-02-08T03:32:30, 2047.35714286, 0, 0, 0 
2015-02-08T03:37:30, 2048.04464286, 0, 0, 0 
2015-02-08T03:42:30, 2048.0, 0, 0, 0 
2015-02-08T03:47:30, 2048.59589041, 0, 0, 0 
2015-02-08T03:52:30, 2048.92198582, 0, 0, 0 
2015-02-08T03:57:30, 2049.56707317, 0, 0, 0 
2015-02-08T04:02:30, 2051.5483871, 0, 0, 0 
2015-02-08T04:07:30, 2050.4040404, 0, 0, 0 
2015-02-08T04:12:30, 2049.73295455, 0, 0, 0 
2015-02-08T04:17:30, 2050.42857143, 0, 0, 0 
2015-02-08T04:22:30, 2050.14427861, 0, 0, 0 
2015-02-08T04:27:30, 2048.63793103, 0, 0, 0 
2015-02-08T04:32:30, 2048.36526946, 0, 0, 0 
2015-02-08T04:37:30, 2047.42857143, 0, 0, 0 
2015-02-08T04:42:30, 2048.14084507, 0, 0, 0 
2015-02-08T04:47:30, 2048.51764706, 0, 0, 0 
2015-02-08T04:52:30, 2049.0, 0, 0, 0 
2015-02-08T04:57:30, 2048.92307692, 0, 0, 0 
2015-02-08T05:02:30, 2049.215, 0, 0, 0 
2015-02-08T05:07:30, 2049.0, 0, 0, 0 
2015-02-08T05:12:30, 2049.63636364, 0, 0, 0 
2015-02-08T05:17:30, 2048.52513966, 0, 0, 0 
2015-02-08T05:22:30, 2048.87428571, 0, 0, 0 
2015-02-08T05:27:30, 2049.97087379, 0, 0, 0 
2015-02-08T05:32:30, 2050.8556701, 0, 0, 0 
2015-02-08T05:37:30, 2049.29834254, 0, 0, 0 
2015-02-08T05:42:30, 2048.49068323, 0, 0, 0 
2015-02-08T05:47:30, 2048.30263158, 0, 0, 0 
2015-02-08T05:52:30, 2047.85416667, 0, 0, 0 
2015-02-08T05:57:30, 2047.84251969, 0, 0, 0 
2015-02-08T06:02:30, 2048.53061224, 0, 0, 0 
2015-02-08T06:07:30, 2047.97945205, 0, 0, 0 
2015-02-08T06:12:30, 2048.45454545, 0, 0, 0 
2015-02-08T06:17:30, 2049.11111111, 0, 0, 0 
2015-02-08T06:22:30, 2051.16042781, 0, 0, 0 
2015-02-08T06:27:30, 2051.50753769, 0, 0, 0 
2015-02-08T06:32:30, 2048.77717391, 0, 0, 0 
2015-02-08T06:37:30, 2049.51891892, 0, 0, 0 
2015-02-08T06:42:30, 2051.59893048, 0, 0, 0 
2015-02-08T06:47:30, 2052.51977401, 0, 0, 0 
2015-02-08T06:52:30, 2053.12658228, 0, 0, 0 
2015-02-08T06:57:30, 2051.0625, 0, 0, 0 
2015-02-08T07:02:30, 2049.46808511, 0, 0, 0 
2015-02-08T07:07:30, 2050.2, 0, 0, 0 
2015-02-08T07:12:30, 2049.20652174, 0, 0, 0 
2015-02-08T07:17:30, 2050.57476636, 0, 0, 0 
2015-02-08T07:22:30, 2048.47252747, 0, 0, 0 
2015-02-08T07:27:30, 2048.95530726, 0, 0, 0 
2015-02-08T07:32:30, 2047.83625731, 0, 0, 0 
2015-02-08T07:37:30, 2047.42948718, 0, 0, 0 
2015-02-08T07:42:30, 2047.66225166, 0, 0, 0 
2015-02-08T07:47:30, 2048.04624277, 0, 0, 0 
2015-02-08T07:52:30, 2047.52795031, 0, 0, 0 
2015-02-08T07:57:30, 2048.38011696, 0, 0, 0 
2015-02-08T08:02:30, 2050.47916667, 0, 0, 0 
2015-02-08T08:07:30, 2051.29090909, 0, 0, 0 
2015-02-08T08:12:30, 2050.28571429, 0, 0, 0 
2015-02-08T08:17:30, 2049.75543478, 0, 0, 0 
2015-02-08T08:22:30, 2049.05031447, 0, 0, 0 
2015-02-08T08:27:30, 2047.2384106, 0, 0, 0 
2015-02-08T08:32:30, 2047.57971014, 0, 0, 0 
2015-02-08T08:37:30, 2048.24309392, 0, 0, 0 
2015-02-08T08:42:30, 2048.63841808, 0, 0, 0 
2015-02-08T08:47:30, 2048.51396648, 0, 0, 0 
2015-02-08T08:52:30, 2048.05142857, 0, 0, 0 
2015-02-08T08:57:30, 2048.53475936, 0, 0, 0 
2015-02-08T09:02:30, 2048.04705882, 0, 0, 0 
2015-02-08T09:07:30, 2049.22043011, 0, 0, 0 
2015-02-08T09:12:30, 2050.1875, 0, 0, 0 
2015-02-08T09:17:30, 2050.21761658, 0, 0, 0 
2015-02-08T09:22:30, 2050.25714286, 0, 0, 0 
2015-02-08T09:27:30, 2051.42331288, 0, 0, 0 
2015-02-08T09:32:30, 2051.01204819, 0, 0, 0 
2015-02-08T09:37:30, 2051.0875, 0, 0, 0 
2015-02-08T09:42:30, 2050.33707865, 0, 0, 0 
2015-02-08T09:47:30, 2051.12650602, 0, 0, 0 
2015-02-08T09:52:30, 2051.19298246, 0, 0, 0 
2015-02-08T09:57:30, 2051.32417582, 0, 0, 0 
2015-02-08T10:02:30, 2051.02597403, 0, 0, 0 
2015-02-08T10:07:30, 2050.01515152, 0, 0, 0 
2015-02-08T10:12:30, 2049.67875648, 0, 0, 0 
2015-02-08T10:17:30, 2048.10326087, 0, 0, 0 
2015-02-08T10:22:30, 2049.43617021, 0, 0, 0 
2015-02-08T10:27:30, 2049.79207921, 0, 0, 0 
2015-02-08T10:32:30, 2049.4921466, 0, 0, 0 
2015-02-08T10:37:30, 2049.00561798, 0, 0, 0 
2015-02-08T10:42:30, 2050.28643216, 0, 0, 0 
2015-02-08T10:47:30, 2049.48969072, 0, 0, 0 
2015-02-08T10:52:30, 2049.36180905, 0, 0, 0 
2015-02-08T10:57:30, 2050.35602094, 0, 0, 0 
2015-02-08T11:02:30, 2051.88554217, 0, 0, 0 
2015-02-08T11:07:30, 2052.85611511, 0, 0, 0 
2015-02-08T11:12:30, 2053.0141844, 0, 0, 0 
2015-02-08T11:17:30, 2052.09411765, 0, 0, 0 
2015-02-08T11:22:30, 2050.39303483, 0, 0, 0 
2015-02-08T11:27:30, 2050.31606218, 0, 0, 0 
2015-02-08T11:32:30, 2052.23333333, 0, 0, 0 
2015-02-08T11:37:30, 2051.10326087, 0, 0, 0 
2015-02-08T11:42:30, 2049.59042553, 0, 0, 0 
2015-02-08T11:47:30, 2048.8342246, 0, 0, 0 
2015-02-08T11:52:30, 2050.25603865, 0, 0, 0 
2015-02-08T11:57:30, 2050.75609756, 0, 0, 0 
2015-02-08T12:02:30, 2051.55868545, 0, 0, 0 
2015-02-08T12:07:30, 2052.07692308, 0, 0, 0 
2015-02-08T12:12:30, 2051.27941176, 0, 0, 0 
2015-02-08T12:17:30, 2050.18181818, 0, 0, 0 
2015-02-08T12:22:30, 2049.96059113, 0, 0, 0 
2015-02-08T12:27:30, 2050.58673469, 0, 0, 0 
2015-02-08T12:32:30, 2051.4729064, 0, 0, 0 
2015-02-08T12:37:30, 2051.88461538, 0, 0, 0 
2015-02-08T12:42:30, 2050.40983607, 0, 0, 0 
2015-02-08T12:47:30, 2051.13065327, 0, 0, 0 
2015-02-08T12:52:30, 2050.68877551, 0, 0, 0 
2015-02-08T12:57:30, 2051.01554404, 0, 0, 0 
2015-02-08T13:02:30, 2050.2962963, 0, 0, 0 
2015-02-08T13:07:30, 2051.46632124, 0, 0, 0 
2015-02-08T13:12:30, 2050.46305419, 0, 0, 0 
2015-02-08T13:17:30, 2050.7635468, 0, 0, 0 
2015-02-08T13:22:30, 2050.88601036, 0, 0, 0 
2015-02-08T13:27:30, 2050.62105263, 0, 0, 0 
2015-02-08T13:32:30, 2050.95145631, 0, 0, 0 
2015-02-08T13:37:30, 2052.63372093, 0, 0, 0 
2015-02-08T13:42:30, 2052.36363636, 0, 0, 0 
2015-02-08T13:47:30, 2053.02325581, 0, 0, 0 
2015-02-08T13:52:30, 2052.42857143, 0, 0, 0 
2015-02-08T13:57:30, 2051.38613861, 0, 0, 0 
2015-02-08T14:02:30, 2052.04444444, 0, 0, 0 
2015-02-08T14:07:30, 2052.46067416, 0, 0, 0 
2015-02-08T14:12:30, 2053.02564103, 0, 0, 0 
2015-02-08T14:17:30, 2053.09803922, 0, 0, 0 
2015-02-08T14:22:30, 2053.12658228, 0, 0, 0 
2015-02-08T14:27:30, 2053.01744186, 0, 0, 0 
2015-02-08T14:32:30, 2053.49659864, 0, 0, 0 
2015-02-08T14:37:30, 2053.36423841, 0, 0, 0 
2015-02-08T14:42:30, 2053.10344828, 0, 0, 0 
2015-02-08T14:47:30, 2053.43225806, 0, 0, 0 
2015-02-08T14:52:30, 2053.56, 0, 0, 0 
2015-02-08T14:57:30, 2052.71856287, 0, 0, 0 
2015-02-08T15:02:30, 2053.22289157, 0, 0, 0 
2015-02-08T15:07:30, 2052.44, 0, 0, 0 
2015-02-08T15:12:30, 2051.52791878, 0, 0, 0 
2015-02-08T15:17:30, 2051.49068323, 0, 0, 0 
2015-02-08T15:22:30, 2053.15568862, 0, 0, 0 
2015-02-08T15:27:30, 2052.68072289, 0, 0, 0 
2015-02-08T15:32:30, 2052.52173913, 0, 0, 0 
2015-02-08T15:37:30, 2051.95187166, 0, 0, 0 
2015-02-08T15:42:30, 2052.16766467, 0, 0, 0 
2015-02-08T15:47:30, 2052.08383234, 0, 0, 0 
2015-02-08T15:52:30, 2051.19711538, 0, 0, 0 
2015-02-08T15:57:30, 2051.34210526, 0, 0, 0 
2015-02-08T16:02:30, 2051.80978261, 0, 0, 0 
2015-02-08T16:07:30, 2051.30593607, 0, 0, 0 
2015-02-08T16:12:30, 2051.1878453, 0, 0, 0 
2015-02-08T16:17:30, 2050.18390805, 0, 0, 0 
2015-02-08T16:22:30, 2050.80337079, 0, 0, 0 
2015-02-08T16:27:30, 2052.05232558, 0, 0, 0 
2015-02-08T16:32:30, 2051.12359551, 0, 0, 0 
2015-02-08T16:37:30, 2051.1959799, 0, 0, 0 
2015-02-08T16:42:30, 2051.69005848, 0, 0, 0 
2015-02-08T16:47:30, 2052.05421687, 0, 0, 0 
2015-02-08T16:52:30, 2050.94413408, 0, 0, 0 
2015-02-08T16:57:30, 2051.16836735, 0, 0, 0 
2015-02-08T17:02:30, 2050.88679245, 0, 0, 0 
2015-02-08T17:07:30, 2051.33142857, 0, 0, 0 
2015-02-08T17:12:30, 2050.71727749, 0, 0, 0 
2015-02-08T17:17:30, 2049.87096774, 0, 0, 0 
2015-02-08T17:22:30, 2050.91803279, 0, 0, 0 
2015-02-08T17:27:30, 2050.91326531, 0, 0, 0 
2015-02-08T17:32:30, 2049.53107345, 0, 0, 0 
2015-02-08T17:37:30, 2048.17567568, 0, 0, 0 
2015-02-08T17:42:30, 2048.7012987, 0, 0, 0 
2015-02-08T17:47:30, 2049.21637427, 0, 0, 0 
2015-02-08T17:52:30, 2049.48275862, 0, 0, 0 
2015-02-08T17:57:30, 2048.79865772, 0, 0, 0 
2015-02-08T18:02:30, 2050.83425414, 0, 0, 0 
2015-02-08T18:07:30, 2050.17777778, 0, 0, 0 
2015-02-08T18:12:30, 2048.53703704, 0, 0, 0 
2015-02-08T18:17:30, 2048.9202454, 0, 0, 0 
2015-02-08T18:22:30, 2050.93989071, 0, 0, 0 
2015-02-08T18:27:30, 2049.29444444, 0, 0, 0 
2015-02-08T18:32:30, 2048.55913978, 0, 0, 0 
2015-02-08T18:37:30, 2050.88059701, 0, 0, 0 
2015-02-08T18:42:30, 2051.16582915, 0, 0, 0 
2015-02-08T18:47:30, 2051.0, 0, 0, 0 
2015-02-08T18:52:30, 2048.96391753, 0, 0, 0 
2015-02-08T18:57:30, 2051.53233831, 0, 0, 0 
2015-02-08T19:02:30, 2050.92964824, 0, 0, 0 
2015-02-08T19:07:30, 2052.04278075, 0, 0, 0 
2015-02-08T19:12:30, 2051.74396135, 0, 0, 0 
2015-02-08T19:17:30, 2052.95930233, 0, 0, 0 
2015-02-08T19:22:30, 2053.42941176, 0, 0, 0 
2015-02-08T19:27:30, 2052.64571429, 0, 0, 0 
2015-02-08T19:32:30, 2052.01197605, 0, 0, 0 
2015-02-08T19:37:30, 2053.15254237, 0, 0, 0 
2015-02-08T19:42:30, 2052.04301075, 0, 0, 0 
2015-02-08T19:47:30, 2050.53588517, 0, 0, 0 
2015-02-08T19:52:30, 2050.10638298, 0, 0, 0 
2015-02-08T19:57:30, 2051.04188482, 0, 0, 0 
2015-02-08T20:02:30, 2050.05882353, 0, 0, 0 
2015-02-08T20:07:30, 2049.19672131, 0, 0, 0 
2015-02-08T20:12:30, 2051.55367232, 0, 0, 0 
2015-02-08T20:17:30, 2049.04972376, 0, 0, 0 
2015-02-08T20:22:30, 2050.13297872, 0, 0, 0 
2015-02-08T20:27:30, 2050.63546798, 0, 0, 0 
2015-02-08T20:32:30, 2050.64651163, 0, 0, 0 
2015-02-08T20:37:30, 2051.075, 0, 0, 0 
2015-02-08T20:42:30, 2051.44973545, 0, 0, 0 
2015-02-08T20:47:30, 2052.32692308, 0, 0, 0 
2015-02-08T20:52:30, 2051.43786982, 0, 0, 0 
2015-02-08T20:57:30, 2050.96059113, 0, 0, 0 
2015-02-08T21:02:30, 2050.02083333, 0, 0, 0 
2015-02-08T21:07:30, 2050.68648649, 0, 0, 0 
2015-02-08T21:12:30, 2051.5698324, 0, 0, 0 
2015-02-08T21:17:30, 2051.9939759, 0, 0, 0 
2015-02-08T21:22:30, 2049.75728155, 0, 0, 0 
2015-02-08T21:27:30, 2051.86413043, 0, 0, 0 
2015-02-08T21:32:30, 2051.81318681, 0, 0, 0 
2015-02-08T21:37:30, 2051.58988764, 0, 0, 0 
2015-02-08T21:42:30, 2051.80921053, 0, 0, 0 
2015-02-08T21:47:30, 2051.96969697, 0, 0, 0 
2015-02-08T21:52:30, 2051.86413043, 0, 0, 0 
2015-02-08T21:57:30, 2051.11282051, 0, 0, 0 
2015-02-08T22:02:30, 2052.87218045, 0, 0, 0 
2015-02-08T22:07:30, 2051.69186047, 0, 0, 0 
2015-02-08T22:12:30, 2050.63855422, 0, 0, 0 
2015-02-08T22:17:30, 2051.15263158, 0, 0, 0 
2015-02-08T22:22:30, 2052.34532374, 0, 0, 0 
2015-02-08T22:27:30, 2051.84172662, 0, 0, 0 
2015-02-08T22:32:30, 2052.66025641, 0, 0, 0 
2015-02-08T22:37:30, 2051.11167513, 0, 0, 0 
2015-02-08T22:42:30, 2050.96363636, 0, 0, 0 
2015-02-08T22:47:30, 2052.61643836, 0, 0, 0 
2015-02-08T22:52:30, 2051.93714286, 0, 0, 0 
2015-02-08T22:57:30, 2050.89071038, 0, 0, 0 
2015-02-08T23:02:30, 2052.45454545, 0, 0, 0 
2015-02-08T23:07:30, 2053.0530303, 0, 0, 0 
2015-02-08T23:12:30, 2052.96062992, 0, 0, 0 
2015-02-08T23:17:30, 2052.35507246, 0, 0, 0 
2015-02-08T23:22:30, 2053.09734513, 0, 0, 0 
2015-02-08T23:27:30, 2053.06837607, 0, 0, 0 
2015-02-08T23:32:30, 2052.1910828, 0, 0, 0 
2015-02-08T23:37:30, 2051.17218543, 0, 0, 0 
2015-02-08T23:42:30, 2051.11564626, 0, 0, 0 
2015-02-08T23:47:30, 2051.57718121, 0, 0, 0 
2015-02-08T23:52:30, 2052.77372263, 0, 0, 0 
2015-02-08T23:57:30, 2052.48322148, 0, 0, 0 
2015-02-09T00:02:30, 2050.61271676, 0, 0, 0 
2015-02-09T00:07:30, 2051.78343949, 0, 0, 0 
2015-02-09T00:12:30, 2051.9025974, 0, 0, 0 
2015-02-09T00:17:30, 2051.83108108, 0, 0, 0 
2015-02-09T00:22:30, 2053.26446281, 0, 0, 0 
2015-02-09T00:27:30, 2052.39310345, 0, 0, 0 
2015-02-09T00:32:30, 2053.144, 0, 0, 0 
2015-02-09T00:37:30, 2051.4556213, 0, 0, 0 
2015-02-09T00:42:30, 2051.95679012, 0, 0, 0 
2015-02-09T00:47:30, 2052.93129771, 0, 0, 0 
2015-02-09T00:52:30, 2052.56923077, 0, 0, 0 
2015-02-09T00:57:30, 2053.53, 0, 0, 0 
2015-02-09T01:02:30, 2053.68468468, 0, 0, 0 
2015-02-09T01:07:30, 2053.75454545, 0, 0, 0 
2015-02-09T01:12:30, 2053.44954128, 0, 0, 0 
2015-02-09T01:17:30, 2053.55882353, 0, 0, 0 
2015-02-09T01:22:30, 2053.41964286, 0, 0, 0 
2015-02-09T01:27:30, 2053.56557377, 0, 0, 0 
2015-02-09T01:32:30, 2053.64220183, 0, 0, 0 
2015-02-09T01:37:30, 2052.18705036, 0, 0, 0 
2015-02-09T01:42:30, 2052.41304348, 0, 0, 0 
2015-02-09T01:47:30, 2053.07964602, 0, 0, 0 
2015-02-09T01:52:30, 2053.29464286, 0, 0, 0 
2015-02-09T01:57:30, 2053.20535714, 0, 0, 0 
2015-02-09T02:02:30, 2053.31325301, 0, 0, 0 
2015-02-09T02:07:30, 2053.17924528, 0, 0, 0 
2015-02-09T02:12:30, 2053.17117117, 0, 0, 0 
2015-02-09T02:17:30, 2053.6875, 0, 0, 0 
2015-02-09T02:22:30, 2053.44660194, 0, 0, 0 
2015-02-09T02:27:30, 2052.02542373, 0, 0, 0 
2015-02-09T02:32:30, 2052.9375, 0, 0, 0 
2015-02-09T02:37:30, 2053.24545455, 0, 0, 0 
2015-02-09T02:42:30, 2053.42718447, 0, 0, 0 
2015-02-09T02:47:30, 2053.33333333, 0, 0, 0 
2015-02-09T02:52:30, 2053.47311828, 0, 0, 0 
2015-02-09T02:57:30, 2053.51351351, 0, 0, 0 
2015-02-09T03:02:30, 2053.35, 0, 0, 0 
2015-02-09T03:07:30, 2053.58227848, 0, 0, 0 
2015-02-09T03:12:30, 2053.4625, 0, 0, 0 
2015-02-09T03:17:30, 2053.41304348, 0, 0, 0 
2015-02-09T03:22:30, 2053.24731183, 0, 0, 0 
2015-02-09T03:27:30, 2053.20879121, 0, 0, 0 
2015-02-09T03:32:30, 2053.25, 0, 0, 0 
2015-02-09T03:37:30, 2053.34939759, 0, 0, 0 
2015-02-09T03:42:30, 2053.36697248, 0, 0, 0 
2015-02-09T03:47:30, 2053.28703704, 0, 0, 0 
2015-02-09T03:52:30, 2053.37113402, 0, 0, 0 
2015-02-09T03:57:30, 2053.25925926, 0, 0, 0 
2015-02-09T04:02:30, 2053.30927835, 0, 0, 0 
2015-02-09T04:07:30, 2053.30985915, 0, 0, 0 
2015-02-09T04:12:30, 2053.22222222, 0, 0, 0 
2015-02-09T04:17:30, 2053.26595745, 0, 0, 0 
2015-02-09T04:22:30, 2053.18823529, 0, 0, 0 
2015-02-09T04:27:30, 2053.28301887, 0, 0, 0 
2015-02-09T04:32:30, 2053.23809524, 0, 0, 0 
2015-02-09T04:37:30, 2053.44927536, 0, 0, 0 
2015-02-09T04:42:30, 2053.40909091, 0, 0, 0 
2015-02-09T04:47:30, 2053.6969697, 0, 0, 0 
2015-02-09T04:52:30, 2053.8018018, 0, 0, 0 
2015-02-09T04:57:30, 2053.30555556, 0, 0, 0 
2015-02-09T05:02:30, 2053.39361702, 0, 0, 0 
2015-02-09T05:07:30, 2053.35714286, 0, 0, 0 
2015-02-09T05:12:30, 2053.2, 0, 0, 0 
2015-02-09T05:17:30, 2053.23595506, 0, 0, 0 
2015-02-09T05:22:30, 2053.30526316, 0, 0, 0 
2015-02-09T05:27:30, 2053.22093023, 0, 0, 0 
2015-02-09T05:32:30, 2053.59615385, 0, 0, 0 
2015-02-09T05:37:30, 2053.45918367, 0, 0, 0 
2015-02-09T05:42:30, 2053.33018868, 0, 0, 0 
2015-02-09T05:47:30, 2053.49122807, 0, 0, 0 
2015-02-09T05:52:30, 2054.12962963, 0, 0, 0 
2015-02-09T05:57:30, 2053.50526316, 0, 0, 0 
2015-02-09T06:02:30, 2053.44117647, 0, 0, 0 
2015-02-09T06:07:30, 2053.70588235, 0, 0, 0 
2015-02-09T06:12:30, 2053.87603306, 0, 0, 0 
2015-02-09T06:17:30, 2053.57831325, 0, 0, 0 
2015-02-09T06:22:30, 2053.2, 0, 0, 0 
2015-02-09T06:27:30, 2053.52, 0, 0, 0 
2015-02-09T06:32:30, 2053.68674699, 0, 0, 0 
2015-02-09T06:37:30, 2053.75206612, 0, 0, 0 
2015-02-09T06:42:30, 2054.77659574, 0, 0, 0 
2015-02-09T06:47:30, 2054.17582418, 0, 0, 0 
2015-02-09T06:52:30, 2053.98039216, 0, 0, 0 
2015-02-09T06:57:30, 2053.40277778, 0, 0, 0 
2015-02-09T07:02:30, 2053.53535354, 0, 0, 0 
2015-02-09T07:07:30, 2053.44444444, 0, 0, 0 
2015-02-09T07:12:30, 2053.39240506, 0, 0, 0 
2015-02-09T07:17:30, 2053.56164384, 0, 0, 0 
2015-02-09T07:22:30, 2053.18518519, 0, 0, 0 
2015-02-09T07:27:30, 2053.09090909, 0, 0, 0 
2015-02-09T07:32:30, 2053.2, 0, 0, 0 
2015-02-09T07:37:30, 2053.05263158, 0, 0, 0 
2015-02-09T07:42:30, 2053.71666667, 0, 0, 0 
2015-02-09T07:47:30, 2053.56097561, 0, 0, 0 
2015-02-09T07:52:30, 2054.35294118, 0, 0, 0 
2015-02-09T07:57:30, 2055.01652893, 0, 0, 0 
2015-02-09T08:02:30, 2054.8358209, 0, 0, 0 
2015-02-09T08:07:30, 2053.68367347, 0, 0, 0 
2015-02-09T08:12:30, 2053.93, 0, 0, 0 
2015-02-09T08:17:30, 2054.57272727, 0, 0, 0 
2015-02-09T08:22:30, 2053.5, 0, 0, 0 
2015-02-09T08:27:30, 2053.87628866, 0, 0, 0 
2015-02-09T08:32:30, 2055.34883721, 0, 0, 0 
2015-02-09T08:37:30, 2055.43846154, 0, 0, 0 
2015-02-09T08:42:30, 2054.10526316, 0, 0, 0 
2015-02-09T08:47:30, 2055.41221374, 0, 0, 0 
2015-02-09T08:52:30, 2053.91752577, 0, 0, 0 
2015-02-09T08:57:30, 2054.5625, 0, 0, 0 
2015-02-09T09:02:30, 2054.515625, 0, 0, 0 
2015-02-09T09:07:30, 2053.51086957, 0, 0, 0 
2015-02-09T09:12:30, 2053.43209877, 0, 0, 0 
2015-02-09T09:17:30, 2053.59375, 0, 0, 0 
2015-02-09T09:22:30, 2053.94949495, 0, 0, 0 
2015-02-09T09:27:30, 2054.09259259, 0, 0, 0 
2015-02-09T09:32:30, 2053.95876289, 0, 0, 0 
2015-02-09T09:37:30, 2053.52336449, 0, 0, 0 
2015-02-09T09:42:30, 2053.40909091, 0, 0, 0 
2015-02-09T09:47:30, 2053.375, 0, 0, 0 
2015-02-09T09:52:30, 2053.43243243, 0, 0, 0 
2015-02-09T09:57:30, 2053.62650602, 0, 0, 0 
2015-02-09T10:02:30, 2054.23423423, 0, 0, 0 
2015-02-09T10:07:30, 2053.71, 0, 0, 0 
2015-02-09T10:12:30, 2054.36440678, 0, 0, 0 
2015-02-09T10:17:30, 2054.10227273, 0, 0, 0 
2015-02-09T10:22:30, 2054.1682243, 0, 0, 0 
2015-02-09T10:27:30, 2054.10576923, 0, 0, 0 
2015-02-09T10:32:30, 2054.63432836, 0, 0, 0 
2015-02-09T10:37:30, 2056.25, 0, 0, 0 
2015-02-09T10:42:30, 2056.9137931, 0, 0, 0 
2015-02-09T10:47:30, 2057.89230769, 0, 0, 0 
2015-02-09T10:52:30, 2057.52980132, 0, 0, 0 
2015-02-09T10:57:30, 2056.75409836, 0, 0, 0 
2015-02-09T11:02:30, 2056.83333333, 0, 0, 0 
2015-02-09T11:07:30, 2055.80952381, 0, 0, 0 
2015-02-09T11:12:30, 2055.43005181, 0, 0, 0 
2015-02-09T11:17:30, 2056.26162791, 0, 0, 0 
2015-02-09T11:22:30, 2057.07526882, 0, 0, 0 
2015-02-09T11:27:30, 2056.79347826, 0, 0, 0 
2015-02-09T11:32:30, 2056.58682635, 0, 0, 0 
2015-02-09T11:37:30, 2056.82, 0, 0, 0 
2015-02-09T11:42:30, 2055.85826772, 0, 0, 0 
2015-02-09T11:47:30, 2055.33636364, 0, 0, 0 
2015-02-09T11:52:30, 2056.41860465, 0, 0, 0 
2015-02-09T11:57:30, 2055.968, 0, 0, 0 
2015-02-09T12:02:30, 2055.8556701, 0, 0, 0 
2015-02-09T12:07:30, 2056.97122302, 0, 0, 0 
2015-02-09T12:12:30, 2057.06716418, 0, 0, 0 
2015-02-09T12:17:30, 2057.0, 0, 0, 0 
2015-02-09T12:22:30, 2056.0234375, 0, 0, 0 
2015-02-09T12:27:30, 2055.84158416, 0, 0, 0 
2015-02-09T12:32:30, 2057.21985816, 0, 0, 0 
2015-02-09T12:37:30, 2057.20183486, 0, 0, 0 
2015-02-09T12:42:30, 2055.67924528, 0, 0, 0 
2015-02-09T12:47:30, 2056.84732824, 0, 0, 0 
2015-02-09T12:52:30, 2057.37837838, 0, 0, 0 
2015-02-09T12:57:30, 2055.65591398, 0, 0, 0 
2015-02-09T13:02:30, 2055.5840708, 0, 0, 0 
2015-02-09T13:07:30, 2056.61818182, 0, 0, 0 
2015-02-09T13:12:30, 2055.70526316, 0, 0, 0 
2015-02-09T13:17:30, 2055.80898876, 0, 0, 0 
2015-02-09T13:22:30, 2055.47252747, 0, 0, 0 
2015-02-09T13:27:30, 2055.62790698, 0, 0, 0 
2015-02-09T13:32:30, 2055.64285714, 0, 0, 0 
2015-02-09T13:37:30, 2056.63043478, 0, 0, 0 
2015-02-09T13:42:30, 2056.42477876, 0, 0, 0 
2015-02-09T13:47:30, 2056.25, 0, 0, 0 
2015-02-09T13:52:30, 2055.5, 0, 0, 0 
2015-02-09T13:57:30, 2055.5, 0, 0, 0 
2015-02-09T14:02:30, 2055.47619048, 0, 0, 0 
2015-02-09T14:07:30, 2055.49275362, 0, 0, 0 
2015-02-09T14:12:30, 2055.53246753, 0, 0, 0 
2015-02-09T14:17:30, 2056.78651685, 0, 0, 0 
2015-02-09T14:22:30, 2056.76623377, 0, 0, 0 
2015-02-09T14:27:30, 2056.25555556, 0, 0, 0 
2015-02-09T14:32:30, 2056.1954023, 0, 0, 0 
2015-02-09T14:37:30, 2056.26027397, 0, 0, 0 
2015-02-09T14:42:30, 2055.69767442, 0, 0, 0 
2015-02-09T14:47:30, 2056.01219512, 0, 0, 0 
2015-02-09T14:52:30, 2055.60240964, 0, 0, 0 
2015-02-09T14:57:30, 2055.69117647, 0, 0, 0 
2015-02-09T15:02:30, 2056.05479452, 0, 0, 0 
2015-02-09T15:07:30, 2055.96551724, 0, 0, 0 
2015-02-09T15:12:30, 2055.7260274, 0, 0, 0 
2015-02-09T15:17:30, 2056.77777778, 0, 0, 0 
2015-02-09T15:22:30, 2056.28421053, 0, 0, 0 
2015-02-09T15:27:30, 2055.58571429, 0, 0, 0 
2015-02-09T15:32:30, 2055.65079365, 0, 0, 0 
2015-02-09T15:37:30, 2055.77419355, 0, 0, 0 
2015-02-09T15:42:30, 2055.91139241, 0, 0, 0 
2015-02-09T15:47:30, 2055.7972973, 0, 0, 0 
2015-02-09T15:52:30, 2055.60273973, 0, 0, 0 
2015-02-09T15:57:30, 2055.52808989, 0, 0, 0 
2015-02-09T16:02:30, 2055.6547619, 0, 0, 0 
2015-02-09T16:07:30, 2055.65753425, 0, 0, 0 
2015-02-09T16:12:30, 2055.61666667, 0, 0, 0 
2015-02-09T16:17:30, 2056.2, 0, 0, 0 
2015-02-09T16:22:30, 2055.95714286, 0, 0, 0 
2015-02-09T16:27:30, 2056.6875, 0, 0, 0 
2015-02-09T16:32:30, 2055.71212121, 0, 0, 0 
2015-02-09T16:37:30, 2055.61764706, 0, 0, 0 
2015-02-09T16:42:30, 2055.71621622, 0, 0, 0 
2015-02-09T16:47:30, 2055.69565217, 0, 0, 0 
2015-02-09T16:52:30, 2055.67105263, 0, 0, 0 
2015-02-09T16:57:30, 2055.91011236, 0, 0, 0 
2015-02-09T17:02:30, 2055.79166667, 0, 0, 0 
2015-02-09T17:07:30, 2055.82300885, 0, 0, 0 
2015-02-09T17:12:30, 2056.5, 0, 0, 0 
2015-02-09T17:17:30, 2055.75555556, 0, 0, 0 
2015-02-09T17:22:30, 2055.58510638, 0, 0, 0 
2015-02-09T17:27:30, 2055.47777778, 0, 0, 0 
2015-02-09T17:32:30, 2055.44871795, 0, 0, 0 
2015-02-09T17:37:30, 2055.42424242, 0, 0, 0 
2015-02-09T17:42:30, 2055.54255319, 0, 0, 0 
2015-02-09T17:47:30, 2056.15294118, 0, 0, 0 
2015-02-09T17:52:30, 2055.76595745, 0, 0, 0 
2015-02-09T17:57:30, 2056.38016529, 0, 0, 0 
2015-02-09T18:02:30, 2056.27102804, 0, 0, 0 
2015-02-09T18:07:30, 2055.2125, 0, 0, 0 
2015-02-09T18:12:30, 2056.20408163, 0, 0, 0 
2015-02-09T18:17:30, 2057.13333333, 0, 0, 0 
2015-02-09T18:22:30, 2056.88679245, 0, 0, 0 
2015-02-09T18:27:30, 2057.33950617, 0, 0, 0 
2015-02-09T18:32:30, 2056.35766423, 0, 0, 0 
2015-02-09T18:37:30, 2055.66666667, 0, 0, 0 
2015-02-09T18:42:30, 2054.69620253, 0, 0, 0 
2015-02-09T18:47:30, 2054.74390244, 0, 0, 0 
2015-02-09T18:52:30, 2055.21428571, 0, 0, 0 
2015-02-09T18:57:30, 2054.80722892, 0, 0, 0 
2015-02-09T19:02:30, 2055.48514851, 0, 0, 0 
2015-02-09T19:07:30, 2054.93103448, 0, 0, 0 
2015-02-09T19:12:30, 2055.14141414, 0, 0, 0 
2015-02-09T19:17:30, 2054.91176471, 0, 0, 0 
2015-02-09T19:22:30, 2054.62921348, 0, 0, 0 
2015-02-09T19:27:30, 2054.71698113, 0, 0, 0 
2015-02-09T19:32:30, 2054.65546218, 0, 0, 0 
2015-02-09T19:37:30, 2054.85606061, 0, 0, 0 
2015-02-09T19:42:30, 2055.72027972, 0, 0, 0 
2015-02-09T19:47:30, 2056.0, 0, 0, 0 
2015-02-09T19:52:30, 2055.90540541, 0, 0, 0 
2015-02-09T19:57:30, 2056.87058824, 0, 0, 0 
2015-02-09T20:02:30, 2057.13855422, 0, 0, 0 
2015-02-09T20:07:30, 2057.55294118, 0, 0, 0 
2015-02-09T20:12:30, 2057.46511628, 0, 0, 0 
2015-02-09T20:17:30, 2057.2969697, 0, 0, 0 
2015-02-09T20:22:30, 2057.63157895, 0, 0, 0 
2015-02-09T20:27:30, 2057.35, 0, 0, 0 
2015-02-09T20:32:30, 2056.19662921, 0, 0, 0 
2015-02-09T20:37:30, 2056.9625, 0, 0, 0 
2015-02-09T20:42:30, 2056.70552147, 0, 0, 0 
2015-02-09T20:47:30, 2055.92086331, 0, 0, 0 
2015-02-09T20:52:30, 2055.85714286, 0, 0, 0 
2015-02-09T20:57:30, 2055.36423841, 0, 0, 0 
2015-02-09T21:02:30, 2056.19745223, 0, 0, 0 
2015-02-09T21:07:30, 2055.80128205, 0, 0, 0 
2015-02-09T21:12:30, 2055.4962406, 0, 0, 0 
2015-02-09T21:17:30, 2055.10738255, 0, 0, 0 
2015-02-09T21:22:30, 2055.74825175, 0, 0, 0 
2015-02-09T21:27:30, 2055.2875, 0, 0, 0 
2015-02-09T21:32:30, 2055.13846154, 0, 0, 0 
2015-02-09T21:37:30, 2056.75, 0, 0, 0 
2015-02-09T21:42:30, 2056.87261146, 0, 0, 0 
2015-02-09T21:47:30, 2056.91358025, 0, 0, 0 
2015-02-09T21:52:30, 2057.37349398, 0, 0, 0 
2015-02-09T21:57:30, 2058.3880597, 0, 0, 0 
2015-02-09T22:02:30, 2057.63333333, 0, 0, 0 
2015-02-09T22:07:30, 2057.8013245, 0, 0, 0 
2015-02-09T22:12:30, 2058.3875969, 0, 0, 0 
2015-02-09T22:17:30, 2057.24242424, 0, 0, 0 
2015-02-09T22:22:30, 2056.55029586, 0, 0, 0 
2015-02-09T22:27:30, 2057.86627907, 0, 0, 0 
2015-02-09T22:32:30, 2055.87012987, 0, 0, 0 
2015-02-09T22:37:30, 2055.18666667, 0, 0, 0 
2015-02-09T22:42:30, 2057.0, 0, 0, 0 
2015-02-09T22:47:30, 2057.38311688, 0, 0, 0 
2015-02-09T22:52:30, 2056.22222222, 0, 0, 0 
2015-02-09T22:57:30, 2055.1547619, 0, 0, 0 
2015-02-09T23:02:30, 2056.00613497, 0, 0, 0 
2015-02-09T23:07:30, 2055.74285714, 0, 0, 0 
2015-02-09T23:12:30, 2056.18589744, 0, 0, 0 
2015-02-09T23:17:30, 2054.792, 0, 0, 0 
2015-02-09T23:22:30, 2055.14482759, 0, 0, 0 
2015-02-09T23:27:30, 2054.896, 0, 0, 0 
2015-02-09T23:32:30, 2055.20408163, 0, 0, 0 
2015-02-09T23:37:30, 2054.39568345, 0, 0, 0 
2015-02-09T23:42:30, 2054.39516129, 0, 0, 0 
2015-02-09T23:47:30, 2054.40875912, 0, 0, 0 
2015-02-09T23:52:30, 2054.64473684, 0, 0, 0 
2015-02-09T23:57:30, 2054.376, 0, 0, 0 
2015-02-10T00:02:30, 2054.40322581, 0, 0, 0 
2015-02-10T00:07:30, 2054.48461538, 0, 0, 0 
2015-02-10T00:12:30, 2054.32307692, 0, 0, 0 
2015-02-10T00:17:30, 2054.14655172, 0, 0, 0 
2015-02-10T00:22:30, 2054.35245902, 0, 0, 0 
2015-02-10T00:27:30, 2054.33944954, 0, 0, 0 
2015-02-10T00:32:30, 2054.32231405, 0, 0, 0 
2015-02-10T00:37:30, 2055.00877193, 0, 0, 0 
2015-02-10T00:42:30, 2054.74820144, 0, 0, 0 
2015-02-10T00:47:30, 2054.53658537, 0, 0, 0 
2015-02-10T00:52:30, 2054.41284404, 0, 0, 0 
2015-02-10T00:57:30, 2054.71333333, 0, 0, 0 
2015-02-10T01:02:30, 2056.05847953, 0, 0, 0 
2015-02-10T01:07:30, 2054.72992701, 0, 0, 0 
2015-02-10T01:12:30, 2054.65942029, 0, 0, 0 
2015-02-10T01:17:30, 2055.12, 0, 0, 0 
2015-02-10T01:22:30, 2054.26923077, 0, 0, 0 
2015-02-10T01:27:30, 2054.57462687, 0, 0, 0 
2015-02-10T01:32:30, 2054.58333333, 0, 0, 0 
2015-02-10T01:37:30, 2055.01639344, 0, 0, 0 
2015-02-10T01:42:30, 2054.3960396, 0, 0, 0 
2015-02-10T01:47:30, 2054.44859813, 0, 0, 0 
2015-02-10T01:52:30, 2055.01481481, 0, 0, 0 
2015-02-10T01:57:30, 2054.97841727, 0, 0, 0 
2015-02-10T02:02:30, 2055.30379747, 0, 0, 0 
2015-02-10T02:07:30, 2055.40540541, 0, 0, 0 
2015-02-10T02:12:30, 2055.66878981, 0, 0, 0 
2015-02-10T02:17:30, 2055.08888889, 0, 0, 0 
2015-02-10T02:22:30, 2055.33939394, 0, 0, 0 
2015-02-10T02:27:30, 2055.31578947, 0, 0, 0 
2015-02-10T02:32:30, 2054.78947368, 0, 0, 0 
2015-02-10T02:37:30, 2055.25, 0, 0, 0 
2015-02-10T02:42:30, 2055.43835616, 0, 0, 0 
2015-02-10T02:47:30, 2056.36111111, 0, 0, 0 
2015-02-10T02:52:30, 2057.41520468, 0, 0, 0 
2015-02-10T02:57:30, 2057.29378531, 0, 0, 0 
2015-02-10T03:02:30, 2056.79545455, 0, 0, 0 
2015-02-10T03:07:30, 2057.8742515, 0, 0, 0 
2015-02-10T03:12:30, 2057.88387097, 0, 0, 0 
2015-02-10T03:17:30, 2057.67647059, 0, 0, 0 
2015-02-10T03:22:30, 2056.23076923, 0, 0, 0 
2015-02-10T03:27:30, 2055.11409396, 0, 0, 0 
2015-02-10T03:32:30, 2055.84090909, 0, 0, 0 
2015-02-10T03:37:30, 2055.60544218, 0, 0, 0 
2015-02-10T03:42:30, 2055.43373494, 0, 0, 0 
2015-02-10T03:47:30, 2054.45112782, 0, 0, 0 
2015-02-10T03:52:30, 2055.49668874, 0, 0, 0 
2015-02-10T03:57:30, 2056.66049383, 0, 0, 0 
2015-02-10T04:02:30, 2056.97282609, 0, 0, 0 
2015-02-10T04:07:30, 2056.47305389, 0, 0, 0 
2015-02-10T04:12:30, 2056.84659091, 0, 0, 0 
2015-02-10T04:17:30, 2056.5433526, 0, 0, 0 
2015-02-10T04:22:30, 2056.125, 0, 0, 0 
2015-02-10T04:27:30, 2056.27659574, 0, 0, 0 
2015-02-10T04:32:30, 2054.74496644, 0, 0, 0 
2015-02-10T04:37:30, 2054.88235294, 0, 0, 0 
2015-02-10T04:42:30, 2054.99333333, 0, 0, 0 
2015-02-10T04:47:30, 2055.22535211, 0, 0, 0 
2015-02-10T04:52:30, 2055.74719101, 0, 0, 0 
2015-02-10T04:57:30, 2057.0310559, 0, 0, 0 
2015-02-10T05:02:30, 2056.00591716, 0, 0, 0 
2015-02-10T05:07:30, 2056.1091954, 0, 0, 0 
2015-02-10T05:12:30, 2057.26744186, 0, 0, 0 
2015-02-10T05:17:30, 2057.1030303, 0, 0, 0 
2015-02-10T05:22:30, 2058.04320988, 0, 0, 0 
2015-02-10T05:27:30, 2057.5, 0, 0, 0 
2015-02-10T05:32:30, 2057.07734807, 0, 0, 0 
2015-02-10T05:37:30, 2057.17204301, 0, 0, 0 
2015-02-10T05:42:30, 2056.1509434, 0, 0, 0 
2015-02-10T05:47:30, 2055.62025316, 0, 0, 0 
2015-02-10T05:52:30, 2055.43421053, 0, 0, 0 
2015-02-10T05:57:30, 2054.98639456, 0, 0, 0 
2015-02-10T06:02:30, 2054.7890625, 0, 0, 0 
2015-02-10T06:07:30, 2055.28476821, 0, 0, 0 
2015-02-10T06:12:30, 2054.88617886, 0, 0, 0 
2015-02-10T06:17:30, 2054.76865672, 0, 0, 0 
2015-02-10T06:22:30, 2055.38235294, 0, 0, 0 
2015-02-10T06:27:30, 2055.58139535, 0, 0, 0 
2015-02-10T06:32:30, 2056.67195767, 0, 0, 0 
2015-02-10T06:37:30, 2055.89142857, 0, 0, 0 
2015-02-10T06:42:30, 2055.64571429, 0, 0, 0 
2015-02-10T06:47:30, 2055.33757962, 0, 0, 0 
2015-02-10T06:52:30, 2055.6741573, 0, 0, 0 
2015-02-10T06:57:30, 2056.33928571, 0, 0, 0 
2015-02-10T07:02:30, 2056.24223602, 0, 0, 0 
2015-02-10T07:07:30, 2056.25142857, 0, 0, 0 
2015-02-10T07:12:30, 2055.39884393, 0, 0, 0 
2015-02-10T07:17:30, 2054.50364964, 0, 0, 0 
2015-02-10T07:22:30, 2054.77300613, 0, 0, 0 
2015-02-10T07:27:30, 2055.75977654, 0, 0, 0 
2015-02-10T07:32:30, 2055.91390728, 0, 0, 0 
2015-02-10T07:37:30, 2056.65697674, 0, 0, 0 
2015-02-10T07:42:30, 2056.61702128, 0, 0, 0 
2015-02-10T07:47:30, 2055.98305085, 0, 0, 0 
2015-02-10T07:52:30, 2056.19774011, 0, 0, 0 
2015-02-10T07:57:30, 2055.18285714, 0, 0, 0 
2015-02-10T08:02:30, 2055.8343949, 0, 0, 0 
2015-02-10T08:07:30, 2055.97814208, 0, 0, 0 
2015-02-10T08:12:30, 2056.21348315, 0, 0, 0 
2015-02-10T08:17:30, 2055.03726708, 0, 0, 0 
2015-02-10T08:22:30, 2055.07228916, 0, 0, 0 
2015-02-10T08:27:30, 2055.56647399, 0, 0, 0 
2015-02-10T08:32:30, 2054.71527778, 0, 0, 0 
2015-02-10T08:37:30, 2054.76388889, 0, 0, 0 
2015-02-10T08:42:30, 2054.99270073, 0, 0, 0 
2015-02-10T08:47:30, 2054.66883117, 0, 0, 0 
2015-02-10T08:52:30, 2054.41007194, 0, 0, 0 
2015-02-10T08:57:30, 2055.20645161, 0, 0, 0 
2015-02-10T09:02:30, 2055.7, 0, 0, 0 
2015-02-10T09:07:30, 2056.1875, 0, 0, 0 
2015-02-10T09:12:30, 2057.62424242, 0, 0, 0 
2015-02-10T09:17:30, 2056.12230216, 0, 0, 0 
2015-02-10T09:22:30, 2054.97196262, 0, 0, 0 
2015-02-10T09:27:30, 2056.83453237, 0, 0, 0 
2015-02-10T09:32:30, 2057.13076923, 0, 0, 0 
2015-02-10T09:37:30, 2057.17829457, 0, 0, 0 
2015-02-10T09:42:30, 2056.64705882, 0, 0, 0 
2015-02-10T09:47:30, 2055.95145631, 0, 0, 0 
2015-02-10T09:52:30, 2058.21656051, 0, 0, 0 
2015-02-10T09:57:30, 2056.45454545, 0, 0, 0 
2015-02-10T10:02:30, 2057.66887417, 0, 0, 0 
2015-02-10T10:07:30, 2056.82222222, 0, 0, 0 
2015-02-10T10:12:30, 2056.05617978, 0, 0, 0 
2015-02-10T10:17:30, 2055.60465116, 0, 0, 0 
2015-02-10T10:22:30, 2055.8125, 0, 0, 0 
2015-02-10T10:27:30, 2055.45555556, 0, 0, 0 
2015-02-10T10:32:30, 2055.4742268, 0, 0, 0 
2015-02-10T10:37:30, 2055.46153846, 0, 0, 0 
2015-02-10T10:42:30, 2055.47959184, 0, 0, 0 
2015-02-10T10:47:30, 2055.74747475, 0, 0, 0 
2015-02-10T10:52:30, 2055.51960784, 0, 0, 0 
2015-02-10T10:57:30, 2055.68965517, 0, 0, 0 
2015-02-10T11:02:30, 2055.49425287, 0, 0, 0 
2015-02-10T11:07:30, 2058.02013423, 0, 0, 0 
2015-02-10T11:12:30, 2061.12716763, 0, 0, 0 
2015-02-10T11:17:30, 2062.03846154, 0, 0, 0 
2015-02-10T11:22:30, 2062.01333333, 0, 0, 0 
2015-02-10T11:27:30, 2062.09032258, 0, 0, 0 
2015-02-10T11:32:30, 2062.41558442, 0, 0, 0 
2015-02-10T11:37:30, 2065.94382022, 0, 0, 0 
2015-02-10T11:42:30, 2069.08461538, 0, 0, 0 
2015-02-10T11:47:30, 2069.15044248, 0, 0, 0 
2015-02-10T11:52:30, 2069.25252525, 0, 0, 0 
2015-02-10T11:57:30, 2069.4368932, 0, 0, 0 
2015-02-10T12:02:30, 2072.05263158, 0, 0, 0 
2015-02-10T12:07:30, 2074.79661017, 0, 0, 0 
2015-02-10T12:12:30, 2075.97435897, 0, 0, 0 
2015-02-10T12:17:30, 2076.125, 0, 0, 0 
2015-02-10T12:22:30, 2077.38834951, 0, 0, 0 
2015-02-10T12:27:30, 2079.6284153, 0, 0, 0 
2015-02-10T12:32:30, 2080.19298246, 0, 0, 0 
2015-02-10T12:37:30, 2080.10897436, 0, 0, 0 
2015-02-10T12:42:30, 2079.93373494, 0, 0, 0 
2015-02-10T12:47:30, 2078.23448276, 0, 0, 0 
2015-02-10T12:52:30, 2076.68292683, 0, 0, 0 
2015-02-10T12:57:30, 2076.44117647, 0, 0, 0 
2015-02-10T13:02:30, 2076.28282828, 0, 0, 0 
2015-02-10T13:07:30, 2076.12380952, 0, 0, 0 
2015-02-10T13:12:30, 2075.82716049, 0, 0, 0 
2015-02-10T13:17:30, 2075.81578947, 0, 0, 0 
2015-02-10T13:22:30, 2075.90804598, 0, 0, 0 
2015-02-10T13:27:30, 2075.50617284, 0, 0, 0 
2015-02-10T13:32:30, 2075.70588235, 0, 0, 0 
2015-02-10T13:37:30, 2075.7, 0, 0, 0 
2015-02-10T13:42:30, 2075.18823529, 0, 0, 0 
2015-02-10T13:47:30, 2073.71830986, 0, 0, 0 
2015-02-10T13:52:30, 2072.15243902, 0, 0, 0 
2015-02-10T13:57:30, 2070.08955224, 0, 0, 0 
2015-02-10T14:02:30, 2069.76595745, 0, 0, 0 
2015-02-10T14:07:30, 2070.54135338, 0, 0, 0 
2015-02-10T14:12:30, 2069.90384615, 0, 0, 0 
2015-02-10T14:17:30, 2069.43055556, 0, 0, 0 
2015-02-10T14:22:30, 2069.72222222, 0, 0, 0 
2015-02-10T14:27:30, 2069.90322581, 0, 0, 0 
2015-02-10T14:32:30, 2069.14685315, 0, 0, 0 
2015-02-10T14:37:30, 2069.63095238, 0, 0, 0 
2015-02-10T14:42:30, 2070.33522727, 0, 0, 0 
2015-02-10T14:47:30, 2071.71111111, 0, 0, 0 
2015-02-10T14:52:30, 2073.31654676, 0, 0, 0 
2015-02-10T14:57:30, 2073.62237762, 0, 0, 0 
2015-02-10T15:02:30, 2074.45918367, 0, 0, 0 
2015-02-10T15:07:30, 2074.47619048, 0, 0, 0 
2015-02-10T15:12:30, 2075.5, 0, 0, 0 
2015-02-10T15:17:30, 2075.4516129, 0, 0, 0 
2015-02-10T15:22:30, 2075.50505051, 0, 0, 0 
2015-02-10T15:27:30, 2075.5, 0, 0, 0 
2015-02-10T15:32:30, 2075.62376238, 0, 0, 0 
2015-02-10T15:37:30, 2075.53684211, 0, 0, 0 
2015-02-10T15:42:30, 2075.61052632, 0, 0, 0 
2015-02-10T15:47:30, 2075.65822785, 0, 0, 0 
2015-02-10T15:52:30, 2075.63414634, 0, 0, 0 
2015-02-10T15:57:30, 2075.74193548, 0, 0, 0 
2015-02-10T16:02:30, 2076.57522124, 0, 0, 0 
2015-02-10T16:07:30, 2076.53508772, 0, 0, 0 
2015-02-10T16:12:30, 2075.95505618, 0, 0, 0 
2015-02-10T16:17:30, 2076.19047619, 0, 0, 0 
2015-02-10T16:22:30, 2075.54, 0, 0, 0 
2015-02-10T16:27:30, 2075.50666667, 0, 0, 0 
2015-02-10T16:32:30, 2075.4691358, 0, 0, 0 
2015-02-10T16:37:30, 2075.50537634, 0, 0, 0 
2015-02-10T16:42:30, 2075.49367089, 0, 0, 0 
2015-02-10T16:47:30, 2075.50537634, 0, 0, 0 
2015-02-10T16:52:30, 2075.5, 0, 0, 0 
2015-02-10T16:57:30, 2075.49411765, 0, 0, 0 
2015-02-10T17:02:30, 2075.50649351, 0, 0, 0 
2015-02-10T17:07:30, 2075.49438202, 0, 0, 0 
2015-02-10T17:12:30, 2075.43157895, 0, 0, 0 
2015-02-10T17:17:30, 2075.44827586, 0, 0, 0 
2015-02-10T17:22:30, 2075.32967033, 0, 0, 0 
2015-02-10T17:27:30, 2075.48514851, 0, 0, 0 
2015-02-10T17:32:30, 2075.5, 0, 0, 0 
2015-02-10T17:37:30, 2075.48543689, 0, 0, 0 
2015-02-10T17:42:30, 2075.45744681, 0, 0, 0 
2015-02-10T17:47:30, 2075.41414141, 0, 0, 0 
2015-02-10T17:52:30, 2075.46, 0, 0, 0 
2015-02-10T17:57:30, 2075.44303797, 0, 0, 0 
2015-02-10T18:02:30, 2075.30337079, 0, 0, 0 
2015-02-10T18:07:30, 2075.09090909, 0, 0, 0 
2015-02-10T18:12:30, 2074.9375, 0, 0, 0 
2015-02-10T18:17:30, 2075.43478261, 0, 0, 0 
2015-02-10T18:22:30, 2075.09195402, 0, 0, 0 
2015-02-10T18:27:30, 2075.49350649, 0, 0, 0 
2015-02-10T18:32:30, 2075.5, 0, 0, 0 
2015-02-10T18:37:30, 2074.46428571, 0, 0, 0 
2015-02-10T18:42:30, 2075.33928571, 0, 0, 0 
2015-02-10T18:47:30, 2074.41176471, 0, 0, 0 
2015-02-10T18:52:30, 2074.6, 0, 0, 0 
2015-02-10T18:57:30, 2072.98857143, 0, 0, 0 
2015-02-10T19:02:30, 2070.62179487, 0, 0, 0 
2015-02-10T19:07:30, 2071.17037037, 0, 0, 0 
2015-02-10T19:12:30, 2071.57232704, 0, 0, 0 
2015-02-10T19:17:30, 2071.5978836, 0, 0, 0 
2015-02-10T19:22:30, 2072.8597561, 0, 0, 0 
2015-02-10T19:27:30, 2072.71264368, 0, 0, 0 
2015-02-10T19:32:30, 2071.57931034, 0, 0, 0 
2015-02-10T19:37:30, 2071.57309942, 0, 0, 0 
2015-02-10T19:42:30, 2070.1375, 0, 0, 0 
2015-02-10T19:47:30, 2070.7852349, 0, 0, 0 
2015-02-10T19:52:30, 2071.46794872, 0, 0, 0 
2015-02-10T19:57:30, 2070.4939759, 0, 0, 0 
2015-02-10T20:02:30, 2070.15686275, 0, 0, 0 
2015-02-10T20:07:30, 2068.92523364, 0, 0, 0 
2015-02-10T20:12:30, 2069.2195122, 0, 0, 0 
2015-02-10T20:17:30, 2069.01960784, 0, 0, 0 
2015-02-10T20:22:30, 2068.46226415, 0, 0, 0 
2015-02-10T20:27:30, 2068.60416667, 0, 0, 0 
2015-02-10T20:32:30, 2068.59459459, 0, 0, 0 
2015-02-10T20:37:30, 2068.46153846, 0, 0, 0 
2015-02-10T20:42:30, 2068.86725664, 0, 0, 0 
2015-02-10T20:47:30, 2068.37864078, 0, 0, 0 
2015-02-10T20:52:30, 2068.68817204, 0, 0, 0 
2015-02-10T20:57:30, 2068.43333333, 0, 0, 0 
2015-02-10T21:02:30, 2068.44897959, 0, 0, 0 
2015-02-10T21:07:30, 2068.40659341, 0, 0, 0 
2015-02-10T21:12:30, 2068.5862069, 0, 0, 0 
2015-02-10T21:17:30, 2068.54368932, 0, 0, 0 
2015-02-10T21:22:30, 2068.78761062, 0, 0, 0 
2015-02-10T21:27:30, 2068.63207547, 0, 0, 0 
2015-02-10T21:32:30, 2068.73863636, 0, 0, 0 
2015-02-10T21:37:30, 2068.7173913, 0, 0, 0 
2015-02-10T21:42:30, 2068.28971963, 0, 0, 0 
2015-02-10T21:47:30, 2068.38888889, 0, 0, 0 
2015-02-10T21:52:30, 2068.36363636, 0, 0, 0 
2015-02-10T21:57:30, 2068.33333333, 0, 0, 0 
2015-02-10T22:02:30, 2068.28431373, 0, 0, 0 
2015-02-10T22:07:30, 2068.30555556, 0, 0, 0 
2015-02-10T22:12:30, 2068.26804124, 0, 0, 0 
2015-02-10T22:17:30, 2068.38, 0, 0, 0 
2015-02-10T22:22:30, 2068.48979592, 0, 0, 0 
2015-02-10T22:27:30, 2068.46391753, 0, 0, 0 
2015-02-10T22:32:30, 2068.42857143, 0, 0, 0 
2015-02-10T22:37:30, 2068.37142857, 0, 0, 0 
2015-02-10T22:42:30, 2068.28735632, 0, 0, 0 
2015-02-10T22:47:30, 2068.31818182, 0, 0, 0 
2015-02-10T22:52:30, 2068.32142857, 0, 0, 0 
2015-02-10T22:57:30, 2068.42857143, 0, 0, 0 
2015-02-10T23:02:30, 2068.41573034, 0, 0, 0 
2015-02-10T23:07:30, 2068.3592233, 0, 0, 0 
2015-02-10T23:12:30, 2068.35643564, 0, 0, 0 
2015-02-10T23:17:30, 2068.41176471, 0, 0, 0 
2015-02-10T23:22:30, 2068.24770642, 0, 0, 0 
2015-02-10T23:27:30, 2068.26732673, 0, 0, 0 
2015-02-10T23:32:30, 2068.24731183, 0, 0, 0 
2015-02-10T23:37:30, 2068.13829787, 0, 0, 0 
2015-02-10T23:42:30, 2068.21153846, 0, 0, 0 
2015-02-10T23:47:30, 2068.27956989, 0, 0, 0 
2015-02-10T23:52:30, 2068.17894737, 0, 0, 0 
2015-02-10T23:57:30, 2068.24096386, 0, 0, 0 
2015-02-11T00:02:30, 2068.25531915, 0, 0, 0 
2015-02-11T00:07:30, 2068.31958763, 0, 0, 0 
2015-02-11T00:12:30, 2068.25882353, 0, 0, 0 
2015-02-11T00:17:30, 2068.30985915, 0, 0, 0 
2015-02-11T00:22:30, 2068.20779221, 0, 0, 0 
2015-02-11T00:27:30, 2068.1827957, 0, 0, 0 
2015-02-11T00:32:30, 2068.3253012, 0, 0, 0 
2015-02-11T00:37:30, 2068.2826087, 0, 0, 0 
2015-02-11T00:42:30, 2068.17924528, 0, 0, 0 
2015-02-11T00:47:30, 2068.24705882, 0, 0, 0 
2015-02-11T00:52:30, 2068.24719101, 0, 0, 0 
2015-02-11T00:57:30, 2068.21111111, 0, 0, 0 
2015-02-11T01:02:30, 2067.3877551, 0, 0, 0 
2015-02-11T01:07:30, 2067.92708333, 0, 0, 0 
2015-02-11T01:12:30, 2068.13207547, 0, 0, 0 
2015-02-11T01:17:30, 2068.22368421, 0, 0, 0 
2015-02-11T01:22:30, 2067.9787234, 0, 0, 0 
2015-02-11T01:27:30, 2067.37168142, 0, 0, 0 
2015-02-11T01:32:30, 2066.9380531, 0, 0, 0 
2015-02-11T01:37:30, 2066.19310345, 0, 0, 0 
2015-02-11T01:42:30, 2066.42465753, 0, 0, 0 
2015-02-11T01:47:30, 2065.68421053, 0, 0, 0 
2015-02-11T01:52:30, 2067.57142857, 0, 0, 0 
2015-02-11T01:57:30, 2067.47580645, 0, 0, 0 
2015-02-11T02:02:30, 2068.22222222, 0, 0, 0 
2015-02-11T02:07:30, 2067.0, 0, 0, 0 
2015-02-11T02:12:30, 2067.1, 0, 0, 0 
2015-02-11T02:17:30, 2067.62616822, 0, 0, 0 
2015-02-11T02:22:30, 2067.75238095, 0, 0, 0 
2015-02-11T02:27:30, 2067.69090909, 0, 0, 0 
2015-02-11T02:32:30, 2068.22857143, 0, 0, 0 
2015-02-11T02:37:30, 2068.21296296, 0, 0, 0 
2015-02-11T02:42:30, 2067.83962264, 0, 0, 0 
2015-02-11T02:47:30, 2068.20833333, 0, 0, 0 
2015-02-11T02:52:30, 2067.58, 0, 0, 0 
2015-02-11T02:57:30, 2067.15533981, 0, 0, 0 
2015-02-11T03:02:30, 2067.51578947, 0, 0, 0 
2015-02-11T03:07:30, 2067.76404494, 0, 0, 0 
2015-02-11T03:12:30, 2067.63736264, 0, 0, 0 
2015-02-11T03:17:30, 2066.89915966, 0, 0, 0 
2015-02-11T03:22:30, 2065.63779528, 0, 0, 0 
2015-02-11T03:27:30, 2067.05691057, 0, 0, 0 
2015-02-11T03:32:30, 2065.99230769, 0, 0, 0 
2015-02-11T03:37:30, 2067.04201681, 0, 0, 0 
2015-02-11T03:42:30, 2068.17647059, 0, 0, 0 
2015-02-11T03:47:30, 2067.69607843, 0, 0, 0 
2015-02-11T03:52:30, 2067.92045455, 0, 0, 0 
2015-02-11T03:57:30, 2068.0, 0, 0, 0 
2015-02-11T04:02:30, 2067.93617021, 0, 0, 0 
2015-02-11T04:07:30, 2067.92592593, 0, 0, 0 
2015-02-11T04:12:30, 2068.07843137, 0, 0, 0 
2015-02-11T04:17:30, 2067.14893617, 0, 0, 0 
2015-02-11T04:22:30, 2067.4893617, 0, 0, 0 
2015-02-11T04:27:30, 2066.78378378, 0, 0, 0 
2015-02-11T04:32:30, 2067.60952381, 0, 0, 0 
2015-02-11T04:37:30, 2068.125, 0, 0, 0 
2015-02-11T04:42:30, 2067.70093458, 0, 0, 0 
2015-02-11T04:47:30, 2067.52222222, 0, 0, 0 
2015-02-11T04:52:30, 2067.63095238, 0, 0, 0 
2015-02-11T04:57:30, 2067.65555556, 0, 0, 0 
2015-02-11T05:02:30, 2067.84337349, 0, 0, 0 
2015-02-11T05:07:30, 2066.38596491, 0, 0, 0 
2015-02-11T05:12:30, 2067.42727273, 0, 0, 0 
2015-02-11T05:17:30, 2067.69230769, 0, 0, 0 
2015-02-11T05:22:30, 2066.26428571, 0, 0, 0 
2015-02-11T05:27:30, 2066.00714286, 0, 0, 0 
2015-02-11T05:32:30, 2064.73333333, 0, 0, 0 
2015-02-11T05:37:30, 2065.01333333, 0, 0, 0 
2015-02-11T05:42:30, 2065.16363636, 0, 0, 0 
2015-02-11T05:47:30, 2065.77419355, 0, 0, 0 
2015-02-11T05:52:30, 2066.05737705, 0, 0, 0 
2015-02-11T05:57:30, 2066.63636364, 0, 0, 0 
2015-02-11T06:02:30, 2065.1572327, 0, 0, 0 
2015-02-11T06:07:30, 2067.0, 0, 0, 0 
2015-02-11T06:12:30, 2065.64748201, 0, 0, 0 
2015-02-11T06:17:30, 2065.21985816, 0, 0, 0 
2015-02-11T06:22:30, 2066.03773585, 0, 0, 0 
2015-02-11T06:27:30, 2066.04166667, 0, 0, 0 
2015-02-11T06:32:30, 2065.288, 0, 0, 0 
2015-02-11T06:37:30, 2065.55319149, 0, 0, 0 
2015-02-11T06:42:30, 2064.57894737, 0, 0, 0 
2015-02-11T06:47:30, 2064.94505495, 0, 0, 0 
2015-02-11T06:52:30, 2064.42771084, 0, 0, 0 
2015-02-11T06:57:30, 2063.3015873, 0, 0, 0 
2015-02-11T07:02:30, 2062.89166667, 0, 0, 0 
2015-02-11T07:07:30, 2062.4742268, 0, 0, 0 
2015-02-11T07:12:30, 2063.08730159, 0, 0, 0 
2015-02-11T07:17:30, 2063.64028777, 0, 0, 0 
2015-02-11T07:22:30, 2063.34782609, 0, 0, 0 
2015-02-11T07:27:30, 2062.3902439, 0, 0, 0 
2015-02-11T07:32:30, 2062.51694915, 0, 0, 0 
2015-02-11T07:37:30, 2061.35106383, 0, 0, 0 
2015-02-11T07:42:30, 2062.75, 0, 0, 0 
2015-02-11T07:47:30, 2061.56701031, 0, 0, 0 
2015-02-11T07:52:30, 2060.85135135, 0, 0, 0 
2015-02-11T07:57:30, 2060.83333333, 0, 0, 0 
2015-02-11T08:02:30, 2061.31325301, 0, 0, 0 
2015-02-11T08:07:30, 2060.69512195, 0, 0, 0 
2015-02-11T08:12:30, 2061.86868687, 0, 0, 0 
2015-02-11T08:17:30, 2063.34415584, 0, 0, 0 
2015-02-11T08:22:30, 2061.41414141, 0, 0, 0 
2015-02-11T08:27:30, 2062.13402062, 0, 0, 0 
2015-02-11T08:32:30, 2061.58, 0, 0, 0 
2015-02-11T08:37:30, 2061.45977011, 0, 0, 0 
2015-02-11T08:42:30, 2061.99166667, 0, 0, 0 
2015-02-11T08:47:30, 2061.30172414, 0, 0, 0 
2015-02-11T08:52:30, 2061.68041237, 0, 0, 0 
2015-02-11T08:57:30, 2060.78409091, 0, 0, 0 
2015-02-11T09:02:30, 2062.77372263, 0, 0, 0 
2015-02-11T09:07:30, 2062.54455446, 0, 0, 0 
2015-02-11T09:12:30, 2063.59440559, 0, 0, 0 
2015-02-11T09:17:30, 2064.04516129, 0, 0, 0 
2015-02-11T09:22:30, 2065.5, 0, 0, 0 
2015-02-11T09:27:30, 2066.34453782, 0, 0, 0 
2015-02-11T09:32:30, 2066.86394558, 0, 0, 0 
2015-02-11T09:37:30, 2066.45833333, 0, 0, 0 
2015-02-11T09:42:30, 2068.13924051, 0, 0, 0 
2015-02-11T09:47:30, 2068.87121212, 0, 0, 0 
2015-02-11T09:52:30, 2068.75925926, 0, 0, 0 
2015-02-11T09:57:30, 2069.05982906, 0, 0, 0 
2015-02-11T10:02:30, 2072.1091954, 0, 0, 0 
2015-02-11T10:07:30, 1913.92361111, 0, 0, 0 
2015-02-11T10:12:30, 1983.50714286, 0, 0, 0 
2015-02-11T10:17:30, 1981.69230769, 0, 0, 0 
2015-02-11T10:22:30, 1981.59259259, 0, 0, 0 
2015-02-11T10:27:30, 1981.52066116, 0, 0, 0 
2015-02-11T10:32:30, 1981.49, 0, 0, 0 
2015-02-11T10:37:30, 1981.38372093, 0, 0, 0 
2015-02-11T10:42:30, 1981.45454545, 0, 0, 0 
2015-02-11T10:47:30, 1981.53097345, 0, 0, 0 
2015-02-11T10:52:30, 1981.53153153, 0, 0, 0 
2015-02-11T10:57:30, 1981.64583333, 0, 0, 0 
2015-02-11T11:02:30, 1981.725, 0, 0, 0 
2015-02-11T11:07:30, 1981.75630252, 0, 0, 0 
2015-02-11T11:12:30, 1981.77099237, 0, 0, 0 
2015-02-11T11:17:30, 1981.86330935, 0, 0, 0 
2015-02-11T11:22:30, 1981.84172662, 0, 0, 0 
2015-02-11T11:27:30, 1981.70895522, 0, 0, 0 
2015-02-11T11:32:30, 1981.85714286, 0, 0, 0 
2015-02-11T11:37:30, 1981.7972973, 0, 0, 0 
2015-02-11T11:42:30, 1981.86538462, 0, 0, 0 
2015-02-11T11:47:30, 1981.81012658, 0, 0, 0 
2015-02-11T11:52:30, 1981.86363636, 0, 0, 0 
2015-02-11T11:57:30, 1981.87878788, 0, 0, 0 
2015-02-11T12:02:30, 1981.9202454, 0, 0, 0 
2015-02-11T12:07:30, 1981.93333333, 0, 0, 0 
2015-02-11T12:12:30, 1982.00617284, 0, 0, 0 
2015-02-11T12:17:30, 1981.97575758, 0, 0, 0 
2015-02-11T12:22:30, 1981.92546584, 0, 0, 0 
2015-02-11T12:27:30, 1981.90243902, 0, 0, 0 
2015-02-11T12:32:30, 1981.98159509, 0, 0, 0 
2015-02-11T12:37:30, 1982.02409639, 0, 0, 0 
2015-02-11T12:42:30, 1981.98795181, 0, 0, 0 
2015-02-11T12:47:30, 1981.94578313, 0, 0, 0 
2015-02-11T12:52:30, 1982.07142857, 0, 0, 0 
2015-02-11T12:57:30, 1982.10322581, 0, 0, 0 
2015-02-11T13:02:30, 1982.07185629, 0, 0, 0 
2015-02-11T13:07:30, 1982.13071895, 0, 0, 0 
2015-02-11T13:12:30, 1982.09202454, 0, 0, 0 
2015-02-11T13:17:30, 1982.17307692, 0, 0, 0 
2015-02-11T13:22:30, 1982.14556962, 0, 0, 0 
2015-02-11T13:27:30, 1981.38728324, 0, 0, 0 
2015-02-11T13:32:30, 1981.1547619, 0, 0, 0 
2015-02-11T13:37:30, 1981.60416667, 0, 0, 0 
2015-02-11T13:42:30, 1982.30578512, 0, 0, 0 
2015-02-11T13:47:30, 1982.34513274, 0, 0, 0 
2015-02-11T13:52:30, 1982.184, 0, 0, 0 
2015-02-11T13:57:30, 1982.18348624, 0, 0, 0 
2015-02-11T14:02:30, 1982.21428571, 0, 0, 0 
2015-02-11T14:07:30, 1981.90839695, 0, 0, 0 
2015-02-11T14:12:30, 1982.23387097, 0, 0, 0 
2015-02-11T14:17:30, 1982.12396694, 0, 0, 0 
2015-02-11T14:22:30, 1982.12195122, 0, 0, 0 
2015-02-11T14:27:30, 1981.73015873, 0, 0, 0 
2015-02-11T14:32:30, 1982.42056075, 0, 0, 0 
2015-02-11T14:37:30, 1982.41747573, 0, 0, 0 
2015-02-11T14:42:30, 1982.39795918, 0, 0, 0 
2015-02-11T14:47:30, 1982.41964286, 0, 0, 0 
2015-02-11T14:52:30, 1982.47413793, 0, 0, 0 
2015-02-11T14:57:30, 1982.43243243, 0, 0, 0 
2015-02-11T15:02:30, 1982.44859813, 0, 0, 0 
2015-02-11T15:07:30, 1982.50442478, 0, 0, 0 
2015-02-11T15:12:30, 1982.4742268, 0, 0, 0 
2015-02-11T15:17:30, 1982.55319149, 0, 0, 0 
2015-02-11T15:22:30, 1982.41573034, 0, 0, 0 
2015-02-11T15:27:30, 1982.48453608, 0, 0, 0 
2015-02-11T15:32:30, 1982.43678161, 0, 0, 0 
2015-02-11T15:37:30, 1982.47, 0, 0, 0 
2015-02-11T15:42:30, 1982.4587156, 0, 0, 0 
2015-02-11T15:47:30, 1982.27272727, 0, 0, 0 
2015-02-11T15:52:30, 1982.21495327, 0, 0, 0 
2015-02-11T15:57:30, 1982.49473684, 0, 0, 0 
2015-02-11T16:02:30, 1982.44791667, 0, 0, 0 
2015-02-11T16:07:30, 1982.43119266, 0, 0, 0 
2015-02-11T16:12:30, 1982.45098039, 0, 0, 0 
2015-02-11T16:17:30, 1982.45631068, 0, 0, 0 
2015-02-11T16:22:30, 1982.41441441, 0, 0, 0 
2015-02-11T16:27:30, 1982.24509804, 0, 0, 0 
2015-02-11T16:32:30, 1982.41025641, 0, 0, 0 
2015-02-11T16:37:30, 1982.58947368, 0, 0, 0 
2015-02-11T16:42:30, 1982.6344086, 0, 0, 0 
2015-02-11T16:47:30, 1982.47727273, 0, 0, 0 
2015-02-11T16:52:30, 1982.58139535, 0, 0, 0 
2015-02-11T16:57:30, 1982.51807229, 0, 0, 0 
2015-02-11T17:02:30, 1982.42424242, 0, 0, 0 
2015-02-11T17:07:30, 1982.43137255, 0, 0, 0 
2015-02-11T17:12:30, 1982.38888889, 0, 0, 0 
2015-02-11T17:17:30, 1982.49, 0, 0, 0 
2015-02-11T17:22:30, 1982.36538462, 0, 0, 0 
2015-02-11T17:27:30, 1982.37190083, 0, 0, 0 
2015-02-11T17:32:30, 1982.25233645, 0, 0, 0 
2015-02-11T17:37:30, 1982.33333333, 0, 0, 0 
2015-02-11T17:42:30, 1982.33898305, 0, 0, 0 
2015-02-11T17:47:30, 1982.38167939, 0, 0, 0 
2015-02-11T17:52:30, 1982.28571429, 0, 0, 0 
2015-02-11T17:57:30, 1982.30645161, 0, 0, 0 
2015-02-11T18:02:30, 1982.28888889, 0, 0, 0 
2015-02-11T18:07:30, 1982.32283465, 0, 0, 0 
2015-02-11T18:12:30, 1982.21969697, 0, 0, 0 
2015-02-11T18:17:30, 1982.28333333, 0, 0, 0 
2015-02-11T18:22:30, 1981.95774648, 0, 0, 0 
2015-02-11T18:27:30, 1981.89928058, 0, 0, 0 
2015-02-11T18:32:30, 1982.0, 0, 0, 0 
2015-02-11T18:37:30, 1982.1958042, 0, 0, 0 
2015-02-11T18:42:30, 1982.18238994, 0, 0, 0 
2015-02-11T18:47:30, 1982.13669065, 0, 0, 0 
2015-02-11T18:52:30, 1982.13690476, 0, 0, 0 
2015-02-11T18:57:30, 1982.1192053, 0, 0, 0 
2015-02-11T19:02:30, 1982.09655172, 0, 0, 0 
2015-02-11T19:07:30, 1982.16312057, 0, 0, 0 
2015-02-11T19:12:30, 1982.12650602, 0, 0, 0 
2015-02-11T19:17:30, 1982.11042945, 0, 0, 0 
2015-02-11T19:22:30, 1982.06024096, 0, 0, 0 
2015-02-11T19:27:30, 1982.0, 0, 0, 0 
2015-02-11T19:32:30, 1981.93370166, 0, 0, 0 
2015-02-11T19:37:30, 1982.04571429, 0, 0, 0 
2015-02-11T19:42:30, 1982.02366864, 0, 0, 0 
2015-02-11T19:47:30, 1982.04268293, 0, 0, 0 
2015-02-11T19:52:30, 1981.96610169, 0, 0, 0 
2015-02-11T19:57:30, 1981.99404762, 0, 0, 0 
2015-02-11T20:02:30, 1981.99390244, 0, 0, 0 
2015-02-11T20:07:30, 1981.925, 0, 0, 0 
2015-02-11T20:12:30, 1981.9375, 0, 0, 0 
2015-02-11T20:17:30, 1981.9760479, 0, 0, 0 
2015-02-11T20:22:30, 1982.00555556, 0, 0, 0 
2015-02-11T20:27:30, 1981.92405063, 0, 0, 0 
2015-02-11T20:32:30, 1981.92771084, 0, 0, 0 
2015-02-11T20:37:30, 1981.86875, 0, 0, 0 
2015-02-11T20:42:30, 1981.73856209, 0, 0, 0 
2015-02-11T20:47:30, 1981.69172932, 0, 0, 0 
2015-02-11T20:52:30, 1981.75524476, 0, 0, 0 
2015-02-11T20:57:30, 1981.76086957, 0, 0, 0 
2015-02-11T21:02:30, 1981.81871345, 0, 0, 0 
2015-02-11T21:07:30, 1981.74496644, 0, 0, 0 
2015-02-11T21:12:30, 1981.73648649, 0, 0, 0 
2015-02-11T21:17:30, 1981.67346939, 0, 0, 0 
2015-02-11T21:22:30, 1981.74015748, 0, 0, 0 
2015-02-11T21:27:30, 1981.74172185, 0, 0, 0 
2015-02-11T21:32:30, 1981.70469799, 0, 0, 0 
2015-02-11T21:37:30, 1981.75, 0, 0, 0 
2015-02-11T21:42:30, 1981.7755102, 0, 0, 0 
2015-02-11T21:47:30, 1981.81081081, 0, 0, 0 
2015-02-11T21:52:30, 1981.70666667, 0, 0, 0 
2015-02-11T21:57:30, 1981.72027972, 0, 0, 0 
2015-02-11T22:02:30, 1981.69285714, 0, 0, 0 
2015-02-11T22:07:30, 1981.6640625, 0, 0, 0 
2015-02-11T22:12:30, 1981.69465649, 0, 0, 0 
2015-02-11T22:17:30, 1981.72868217, 0, 0, 0 
2015-02-11T22:22:30, 1981.63571429, 0, 0, 0 
2015-02-11T22:27:30, 1981.68148148, 0, 0, 0 
2015-02-11T22:32:30, 1981.66666667, 0, 0, 0 
2015-02-11T22:37:30, 1981.63414634, 0, 0, 0 
2015-02-11T22:42:30, 1981.72463768, 0, 0, 0 
2015-02-11T22:47:30, 1981.63703704, 0, 0, 0 
2015-02-11T22:52:30, 1981.66917293, 0, 0, 0 
2015-02-11T22:57:30, 1981.75352113, 0, 0, 0 
2015-02-11T23:02:30, 1981.79874214, 0, 0, 0 
2015-02-11T23:07:30, 1981.7972028, 0, 0, 0 
2015-02-11T23:12:30, 1981.81506849, 0, 0, 0 
2015-02-11T23:17:30, 1981.80722892, 0, 0, 0 
2015-02-11T23:22:30, 1981.73548387, 0, 0, 0 
2015-02-11T23:27:30, 1981.64925373, 0, 0, 0 
2015-02-11T23:32:30, 1981.69014085, 0, 0, 0 
2015-02-11T23:37:30, 1981.74829932, 0, 0, 0 
2015-02-11T23:42:30, 1981.65248227, 0, 0, 0 
2015-02-11T23:47:30, 1981.59055118, 0, 0, 0 
2015-02-11T23:52:30, 1981.64748201, 0, 0, 0 
2015-02-11T23:57:30, 1981.64227642, 0, 0, 0 
2015-02-12T00:02:30, 1981.671875, 0, 0, 0 
2015-02-12T00:07:30, 1981.60629921, 0, 0, 0 
2015-02-12T00:12:30, 1981.61832061, 0, 0, 0 
2015-02-12T00:17:30, 1981.62280702, 0, 0, 0 
2015-02-12T00:22:30, 1981.57258065, 0, 0, 0 
2015-02-12T00:27:30, 1981.625, 0, 0, 0 
2015-02-12T00:32:30, 1981.59663866, 0, 0, 0 
2015-02-12T00:37:30, 1981.54918033, 0, 0, 0 
2015-02-12T00:42:30, 1981.525, 0, 0, 0 
2015-02-12T00:47:30, 1981.53719008, 0, 0, 0 
2015-02-12T00:52:30, 1981.63846154, 0, 0, 0 
2015-02-12T00:57:30, 1981.56451613, 0, 0, 0 
2015-02-12T01:02:30, 1981.6036036, 0, 0, 0 
2015-02-12T01:07:30, 1981.51351351, 0, 0, 0 
2015-02-12T01:12:30, 1981.40206186, 0, 0, 0 
2015-02-12T01:17:30, 1981.42982456, 0, 0, 0 
2015-02-12T01:22:30, 1981.45833333, 0, 0, 0 
2015-02-12T01:27:30, 1981.43478261, 0, 0, 0 
2015-02-12T01:32:30, 1981.32258065, 0, 0, 0 
2015-02-12T01:37:30, 1981.38043478, 0, 0, 0 
2015-02-12T01:42:30, 1981.31818182, 0, 0, 0 
2015-02-12T01:47:30, 1981.35416667, 0, 0, 0 
2015-02-12T01:52:30, 1981.26470588, 0, 0, 0 
2015-02-12T01:57:30, 1981.27777778, 0, 0, 0 
2015-02-12T02:02:30, 1981.36893204, 0, 0, 0 
2015-02-12T02:07:30, 1981.44444444, 0, 0, 0 
2015-02-12T02:12:30, 1981.35714286, 0, 0, 0 
2015-02-12T02:17:30, 1981.33009709, 0, 0, 0 
2015-02-12T02:22:30, 1981.39583333, 0, 0, 0 
2015-02-12T02:27:30, 1981.39449541, 0, 0, 0 
2015-02-12T02:32:30, 1981.36363636, 0, 0, 0 
2015-02-12T02:37:30, 1981.44117647, 0, 0, 0 
2015-02-12T02:42:30, 1981.43023256, 0, 0, 0 
2015-02-12T02:47:30, 1981.37142857, 0, 0, 0 
2015-02-12T02:52:30, 1981.35238095, 0, 0, 0 
2015-02-12T02:57:30, 1981.41758242, 0, 0, 0 
2015-02-12T03:02:30, 1981.37113402, 0, 0, 0 
2015-02-12T03:07:30, 1981.43243243, 0, 0, 0 
2015-02-12T03:12:30, 1981.43925234, 0, 0, 0 
2015-02-12T03:17:30, 1981.45614035, 0, 0, 0 
2015-02-12T03:22:30, 1981.46610169, 0, 0, 0 
2015-02-12T03:27:30, 1981.48598131, 0, 0, 0 
2015-02-12T03:32:30, 1981.46534653, 0, 0, 0 
2015-02-12T03:37:30, 1981.43564356, 0, 0, 0 
2015-02-12T03:42:30, 1981.47959184, 0, 0, 0 
2015-02-12T03:47:30, 1981.4673913, 0, 0, 0 
2015-02-12T03:52:30, 1981.53982301, 0, 0, 0 
2015-02-12T03:57:30, 1981.48245614, 0, 0, 0 
2015-02-12T04:02:30, 1981.47663551, 0, 0, 0 
2015-02-12T04:07:30, 1981.51515152, 0, 0, 0 
2015-02-12T04:12:30, 1981.54464286, 0, 0, 0 
2015-02-12T04:17:30, 1981.46728972, 0, 0, 0 
2015-02-12T04:22:30, 1981.39805825, 0, 0, 0 
2015-02-12T04:27:30, 1981.40594059, 0, 0, 0 
2015-02-12T04:32:30, 1981.42156863, 0, 0, 0 
2015-02-12T04:37:30, 1981.43965517, 0, 0, 0 
2015-02-12T04:42:30, 1981.49593496, 0, 0, 0 
2015-02-12T04:47:30, 1981.53043478, 0, 0, 0 
2015-02-12T04:52:30, 1981.48214286, 0, 0, 0 
2015-02-12T04:57:30, 1981.43518519, 0, 0, 0 
2015-02-12T05:02:30, 1981.46226415, 0, 0, 0 
2015-02-12T05:07:30, 1981.47222222, 0, 0, 0 
2015-02-12T05:12:30, 1981.33333333, 0, 0, 0 
2015-02-12T05:17:30, 1981.38, 0, 0, 0 
2015-02-12T05:22:30, 1981.30434783, 0, 0, 0 
2015-02-12T05:27:30, 1981.19101124, 0, 0, 0 
2015-02-12T05:32:30, 1981.31868132, 0, 0, 0 
2015-02-12T05:37:30, 1981.04054054, 0, 0, 0 
2015-02-12T05:42:30, 1981.025, 0, 0, 0 
2015-02-12T05:47:30, 1981.06976744, 0, 0, 0 
2015-02-12T05:52:30, 1981.11538462, 0, 0, 0 
2015-02-12T05:57:30, 1981.20689655, 0, 0, 0 
2015-02-12T06:02:30, 1981.06818182, 0, 0, 0 
2015-02-12T06:07:30, 1981.15909091, 0, 0, 0 
2015-02-12T06:12:30, 1981.15384615, 0, 0, 0 
2015-02-12T06:17:30, 1981.07865169, 0, 0, 0 
2015-02-12T06:22:30, 1981.22972973, 0, 0, 0 
2015-02-12T06:27:30, 1981.13793103, 0, 0, 0 
2015-02-12T06:32:30, 1981.10526316, 0, 0, 0 
2015-02-12T06:37:30, 1981.09195402, 0, 0, 0 
2015-02-12T06:42:30, 1980.92771084, 0, 0, 0 
2015-02-12T06:47:30, 1981.03092784, 0, 0, 0 
2015-02-12T06:52:30, 1981.12328767, 0, 0, 0 
2015-02-12T06:57:30, 1981.13414634, 0, 0, 0 
2015-02-12T07:02:30, 1981.03846154, 0, 0, 0 
2015-02-12T07:07:30, 1980.88311688, 0, 0, 0 
2015-02-12T07:12:30, 1981.04109589, 0, 0, 0 
2015-02-12T07:17:30, 1981.12857143, 0, 0, 0 
2015-02-12T07:22:30, 1981.03846154, 0, 0, 0 
2015-02-12T07:27:30, 1981.08695652, 0, 0, 0 
2015-02-12T07:32:30, 1981.17525773, 0, 0, 0 
2015-02-12T07:37:30, 1981.16455696, 0, 0, 0 
2015-02-12T07:42:30, 1981.21794872, 0, 0, 0 
2015-02-12T07:47:30, 1981.2, 0, 0, 0 
2015-02-12T07:52:30, 1980.96511628, 0, 0, 0 
2015-02-12T07:57:30, 1981.13414634, 0, 0, 0 
2015-02-12T08:02:30, 1981.10526316, 0, 0, 0 
2015-02-12T08:07:30, 1981.15189873, 0, 0, 0 
2015-02-12T08:12:30, 1981.27368421, 0, 0, 0 
2015-02-12T08:17:30, 1981.2247191, 0, 0, 0 
2015-02-12T08:22:30, 1981.025, 0, 0, 0 
2015-02-12T08:27:30, 1980.91666667, 0, 0, 0 
2015-02-12T08:32:30, 1981.06410256, 0, 0, 0 
2015-02-12T08:37:30, 1980.97468354, 0, 0, 0 
2015-02-12T08:42:30, 1981.03846154, 0, 0, 0 
2015-02-12T08:47:30, 1981.11842105, 0, 0, 0 
2015-02-12T08:52:30, 1980.90666667, 0, 0, 0 
2015-02-12T08:57:30, 1981.11290323, 0, 0, 0 
2015-02-12T09:02:30, 1981.10843373, 0, 0, 0 
2015-02-12T09:07:30, 1981.13043478, 0, 0, 0 
2015-02-12T09:12:30, 1981.12162162, 0, 0, 0 
2015-02-12T09:17:30, 1981.17475728, 0, 0, 0 
2015-02-12T09:22:30, 1981.19101124, 0, 0, 0 
2015-02-12T09:27:30, 1981.32631579, 0, 0, 0 
2015-02-12T09:32:30, 1981.275, 0, 0, 0 
2015-02-12T09:37:30, 1981.22093023, 0, 0, 0 
2015-02-12T09:42:30, 1981.29545455, 0, 0, 0 
2015-02-12T09:47:30, 1981.37254902, 0, 0, 0 
2015-02-12T09:52:30, 1981.41304348, 0, 0, 0 
2015-02-12T09:57:30, 1981.38888889, 0, 0, 0 
2015-02-12T10:02:30, 1981.37209302, 0, 0, 0 
2015-02-12T10:07:30, 1981.19791667, 0, 0, 0 
2015-02-12T10:12:30, 1981.42574257, 0, 0, 0 
2015-02-12T10:17:30, 1981.43362832, 0, 0, 0 
2015-02-12T10:22:30, 1981.48514851, 0, 0, 0 
2015-02-12T10:27:30, 1981.53846154, 0, 0, 0 
2015-02-12T10:32:30, 1981.51351351, 0, 0, 0 
2015-02-12T10:37:30, 1981.60526316, 0, 0, 0 
2015-02-12T10:42:30, 1981.55932203, 0, 0, 0 
2015-02-12T10:47:30, 1981.46153846, 0, 0, 0 
2015-02-12T10:52:30, 1981.57024793, 0, 0, 0 
2015-02-12T10:57:30, 1981.59230769, 0, 0, 0 
2015-02-12T11:02:30, 1981.61206897, 0, 0, 0 
2015-02-12T11:07:30, 1981.58778626, 0, 0, 0 
2015-02-12T11:12:30, 1981.72535211, 0, 0, 0 
2015-02-12T11:17:30, 1981.53781513, 0, 0, 0 
2015-02-12T11:22:30, 1981.66412214, 0, 0, 0 
2015-02-12T11:27:30, 1981.70212766, 0, 0, 0 
2015-02-12T11:32:30, 1981.72258065, 0, 0, 0 
2015-02-12T11:37:30, 1981.648, 0, 0, 0 
2015-02-12T11:42:30, 1981.65079365, 0, 0, 0 
2015-02-12T11:47:30, 1981.6993007, 0, 0, 0 
2015-02-12T11:52:30, 1981.75177305, 0, 0, 0 
2015-02-12T11:57:30, 1981.67164179, 0, 0, 0 
2015-02-12T12:02:30, 1981.59836066, 0, 0, 0 
2015-02-12T12:07:30, 1981.640625, 0, 0, 0 
2015-02-12T12:12:30, 1981.79865772, 0, 0, 0 
2015-02-12T12:17:30, 1981.82580645, 0, 0, 0 
2015-02-12T12:22:30, 1981.79113924, 0, 0, 0 
2015-02-12T12:27:30, 1981.79617834, 0, 0, 0 
2015-02-12T12:32:30, 1981.79113924, 0, 0, 0 
2015-02-12T12:37:30, 1981.91411043, 0, 0, 0 
2015-02-12T12:42:30, 1981.88554217, 0, 0, 0 
2015-02-12T12:47:30, 1981.88823529, 0, 0, 0 
2015-02-12T12:52:30, 1981.79503106, 0, 0, 0 
2015-02-12T12:57:30, 1981.7515528, 0, 0, 0 
2015-02-12T13:02:30, 1981.95757576, 0, 0, 0 
2015-02-12T13:07:30, 1981.88690476, 0, 0, 0 
2015-02-12T13:12:30, 1981.94152047, 0, 0, 0 
2015-02-12T13:17:30, 1981.87654321, 0, 0, 0 
2015-02-12T13:22:30, 1981.96132597, 0, 0, 0 
2015-02-12T13:27:30, 1981.93670886, 0, 0, 0 
2015-02-12T13:32:30, 1981.90116279, 0, 0, 0 
2015-02-12T13:37:30, 1981.87654321, 0, 0, 0 
2015-02-12T13:42:30, 1981.83832335, 0, 0, 0 
2015-02-12T13:47:30, 1981.87654321, 0, 0, 0 
2015-02-12T13:52:30, 1981.89115646, 0, 0, 0 
2015-02-12T13:57:30, 1981.94767442, 0, 0, 0 
2015-02-12T14:02:30, 1981.94482759, 0, 0, 0 
2015-02-12T14:07:30, 1982.01219512, 0, 0, 0 
2015-02-12T14:12:30, 1981.96571429, 0, 0, 0 
2015-02-12T14:17:30, 1982.0, 0, 0, 0 
2015-02-12T14:22:30, 1981.87272727, 0, 0, 0 
2015-02-12T14:27:30, 1981.87349398, 0, 0, 0 
2015-02-12T14:32:30, 1981.82822086, 0, 0, 0 
2015-02-12T14:37:30, 1981.8265896, 0, 0, 0 
2015-02-12T14:42:30, 1981.84375, 0, 0, 0 
2015-02-12T14:47:30, 1981.88679245, 0, 0, 0 
2015-02-12T14:52:30, 1981.92857143, 0, 0, 0 
2015-02-12T14:57:30, 1981.98285714, 0, 0, 0 
2015-02-12T15:02:30, 1982.0304878, 0, 0, 0 
2015-02-12T15:07:30, 1981.95294118, 0, 0, 0 
2015-02-12T15:12:30, 1982.0, 0, 0, 0 
2015-02-12T15:17:30, 1982.04794521, 0, 0, 0 
2015-02-12T15:22:30, 1982.03205128, 0, 0, 0 
2015-02-12T15:27:30, 1982.17647059, 0, 0, 0 
2015-02-12T15:32:30, 1982.07317073, 0, 0, 0 
2015-02-12T15:37:30, 1982.06707317, 0, 0, 0 
2015-02-12T15:42:30, 1982.07407407, 0, 0, 0 
2015-02-12T15:47:30, 1982.02941176, 0, 0, 0 
2015-02-12T15:52:30, 1982.01142857, 0, 0, 0 
2015-02-12T15:57:30, 1982.06179775, 0, 0, 0 
2015-02-12T16:02:30, 1982.02923977, 0, 0, 0 
2015-02-12T16:07:30, 1981.9245283, 0, 0, 0 
2015-02-12T16:12:30, 1981.91176471, 0, 0, 0 
2015-02-12T16:17:30, 1981.91176471, 0, 0, 0 
2015-02-12T16:22:30, 1981.91176471, 0, 0, 0 
2015-02-12T16:27:30, 1981.96527778, 0, 0, 0 
2015-02-12T16:32:30, 1981.88690476, 0, 0, 0 
2015-02-12T16:37:30, 1982.03030303, 0, 0, 0 
2015-02-12T16:42:30, 1981.91194969, 0, 0, 0 
2015-02-12T16:47:30, 1981.90967742, 0, 0, 0 
2015-02-12T16:52:30, 1981.86875, 0, 0, 0 
2015-02-12T16:57:30, 1981.97142857, 0, 0, 0 
2015-02-12T17:02:30, 1982.06508876, 0, 0, 0 
2015-02-12T17:07:30, 1982.01156069, 0, 0, 0 
2015-02-12T17:12:30, 1981.95061728, 0, 0, 0 
2015-02-12T17:17:30, 1981.96610169, 0, 0, 0 
2015-02-12T17:22:30, 1981.89171975, 0, 0, 0 
2015-02-12T17:27:30, 1981.88271605, 0, 0, 0 
2015-02-12T17:32:30, 1981.8343949, 0, 0, 0 
2015-02-12T17:37:30, 1981.81707317, 0, 0, 0 
2015-02-12T17:42:30, 1981.76470588, 0, 0, 0 
2015-02-12T17:47:30, 1981.76821192, 0, 0, 0 
2015-02-12T17:52:30, 1981.82278481, 0, 0, 0 
2015-02-12T17:57:30, 1981.68571429, 0, 0, 0 
2015-02-12T18:02:30, 1981.6796875, 0, 0, 0 
2015-02-12T18:07:30, 1981.69402985, 0, 0, 0 
2015-02-12T18:12:30, 1981.63779528, 0, 0, 0 
2015-02-12T18:17:30, 1981.69172932, 0, 0, 0 
2015-02-12T18:22:30, 1981.71851852, 0, 0, 0 
2015-02-12T18:27:30, 1981.71034483, 0, 0, 0 
2015-02-12T18:32:30, 1981.71034483, 0, 0, 0 
2015-02-12T18:37:30, 1981.6097561, 0, 0, 0 
2015-02-12T18:42:30, 1981.62903226, 0, 0, 0 
2015-02-12T18:47:30, 1981.60526316, 0, 0, 0 
2015-02-12T18:52:30, 1981.49484536, 0, 0, 0 
2015-02-12T18:57:30, 1981.57894737, 0, 0, 0 
2015-02-12T19:02:30, 1981.48245614, 0, 0, 0 
2015-02-12T19:07:30, 1981.5, 0, 0, 0 
2015-02-12T19:12:30, 1981.53921569, 0, 0, 0 
2015-02-12T19:17:30, 1981.609375, 0, 0, 0 
2015-02-12T19:22:30, 1981.53125, 0, 0, 0 
2015-02-12T19:27:30, 1981.57377049, 0, 0, 0 
2015-02-12T19:32:30, 1981.54621849, 0, 0, 0 
2015-02-12T19:37:30, 1981.49180328, 0, 0, 0 
2015-02-12T19:42:30, 1981.52173913, 0, 0, 0 
2015-02-12T19:47:30, 1981.45714286, 0, 0, 0 
2015-02-12T19:52:30, 1981.50833333, 0, 0, 0 
2015-02-12T19:57:30, 1981.46956522, 0, 0, 0 
2015-02-12T20:02:30, 1981.50413223, 0, 0, 0 
2015-02-12T20:07:30, 1981.5412844, 0, 0, 0 
2015-02-12T20:12:30, 1981.57024793, 0, 0, 0 
2015-02-12T20:17:30, 1981.52777778, 0, 0, 0 
2015-02-12T20:22:30, 1981.5, 0, 0, 0 
2015-02-12T20:27:30, 1981.47663551, 0, 0, 0 
2015-02-12T20:32:30, 1981.45794393, 0, 0, 0 
2015-02-12T20:37:30, 1981.47413793, 0, 0, 0 
2015-02-12T20:42:30, 1981.46728972, 0, 0, 0 
2015-02-12T20:47:30, 1981.51754386, 0, 0, 0 
2015-02-12T20:52:30, 1981.48672566, 0, 0, 0 
2015-02-12T20:57:30, 1981.49074074, 0, 0, 0 
2015-02-12T21:02:30, 1981.55789474, 0, 0, 0 
2015-02-12T21:07:30, 1981.53043478, 0, 0, 0 
2015-02-12T21:12:30, 1981.43298969, 0, 0, 0 
2015-02-12T21:17:30, 1981.5, 0, 0, 0 
2015-02-12T21:22:30, 1981.54464286, 0, 0, 0 
2015-02-12T21:27:30, 1981.57142857, 0, 0, 0 
2015-02-12T21:32:30, 1981.49122807, 0, 0, 0 
2015-02-12T21:37:30, 1981.42574257, 0, 0, 0 
2015-02-12T21:42:30, 1981.40909091, 0, 0, 0 
2015-02-12T21:47:30, 1981.43396226, 0, 0, 0 
2015-02-12T21:52:30, 1981.45, 0, 0, 0 
2015-02-12T21:57:30, 1981.49, 0, 0, 0 
2015-02-12T22:02:30, 1981.53211009, 0, 0, 0 
2015-02-12T22:07:30, 1981.45045045, 0, 0, 0 
2015-02-12T22:12:30, 1981.4375, 0, 0, 0 
2015-02-12T22:17:30, 1981.47413793, 0, 0, 0 
2015-02-12T22:22:30, 1981.49090909, 0, 0, 0 
2015-02-12T22:27:30, 1981.57657658, 0, 0, 0 
2015-02-12T22:32:30, 1981.58333333, 0, 0, 0 
2015-02-12T22:37:30, 1981.53921569, 0, 0, 0 
2015-02-12T22:42:30, 1981.53921569, 0, 0, 0 
2015-02-12T22:47:30, 1981.40952381, 0, 0, 0 
2015-02-12T22:52:30, 1981.46296296, 0, 0, 0 
2015-02-12T22:57:30, 1981.54032258, 0, 0, 0 
2015-02-12T23:02:30, 1981.45283019, 0, 0, 0 
2015-02-12T23:07:30, 1981.54098361, 0, 0, 0 
2015-02-12T23:12:30, 1981.50892857, 0, 0, 0 
2015-02-12T23:17:30, 1981.48, 0, 0, 0 
2015-02-12T23:22:30, 1981.47321429, 0, 0, 0 
2015-02-12T23:27:30, 1981.41441441, 0, 0, 0 
2015-02-12T23:32:30, 1981.4742268, 0, 0, 0 
2015-02-12T23:37:30, 1981.42622951, 0, 0, 0 
2015-02-12T23:42:30, 1981.46938776, 0, 0, 0 
2015-02-12T23:47:30, 1981.44705882, 0, 0, 0 
2015-02-12T23:52:30, 1981.33333333, 0, 0, 0 
2015-02-12T23:57:30, 1981.37234043, 0, 0, 0 
2015-02-13T00:02:30, 1981.37113402, 0, 0, 0 
2015-02-13T00:07:30, 1981.38, 0, 0, 0 
2015-02-13T00:12:30, 1981.38095238, 0, 0, 0 
2015-02-13T00:17:30, 1981.26595745, 0, 0, 0 
2015-02-13T00:22:30, 1981.3956044, 0, 0, 0 
2015-02-13T00:27:30, 1981.38947368, 0, 0, 0 
2015-02-13T00:32:30, 1981.37777778, 0, 0, 0 
2015-02-13T00:37:30, 1981.36046512, 0, 0, 0 
2015-02-13T00:42:30, 1981.3, 0, 0, 0 
2015-02-13T00:47:30, 1981.32989691, 0, 0, 0 
2015-02-13T00:52:30, 1981.48039216, 0, 0, 0 
2015-02-13T00:57:30, 1981.44247788, 0, 0, 0 
2015-02-13T01:02:30, 1981.41584158, 0, 0, 0 
2015-02-13T01:07:30, 1981.45, 0, 0, 0 
2015-02-13T01:12:30, 1981.46391753, 0, 0, 0 
2015-02-13T01:17:30, 1981.46226415, 0, 0, 0 
2015-02-13T01:22:30, 1981.39393939, 0, 0, 0 
2015-02-13T01:27:30, 1981.29473684, 0, 0, 0 
2015-02-13T01:32:30, 1981.39772727, 0, 0, 0 
2015-02-13T01:37:30, 1981.39583333, 0, 0, 0 
2015-02-13T01:42:30, 1981.42352941, 0, 0, 0 
2015-02-13T01:47:30, 1981.43564356, 0, 0, 0 
2015-02-13T01:52:30, 1981.39090909, 0, 0, 0 
2015-02-13T01:57:30, 1981.3, 0, 0, 0 
2015-02-13T02:02:30, 1981.19565217, 0, 0, 0 
2015-02-13T02:07:30, 1981.23809524, 0, 0, 0 
2015-02-13T02:12:30, 1981.31632653, 0, 0, 0 
2015-02-13T02:17:30, 1981.37623762, 0, 0, 0 
2015-02-13T02:22:30, 1981.39361702, 0, 0, 0 
2015-02-13T02:27:30, 1981.38461538, 0, 0, 0 
2015-02-13T02:32:30, 1981.3908046, 0, 0, 0 
2015-02-13T02:37:30, 1981.4, 0, 0, 0 
2015-02-13T02:42:30, 1981.36363636, 0, 0, 0 
2015-02-13T02:47:30, 1981.29032258, 0, 0, 0 
2015-02-13T02:52:30, 1981.27710843, 0, 0, 0 
2015-02-13T02:57:30, 1981.14102564, 0, 0, 0 
2015-02-13T03:02:30, 1981.15, 0, 0, 0 
2015-02-13T03:07:30, 1981.05813953, 0, 0, 0 
2015-02-13T03:12:30, 1981.19791667, 0, 0, 0 
2015-02-13T03:17:30, 1981.12222222, 0, 0, 0 
2015-02-13T03:22:30, 1981.10588235, 0, 0, 0 
2015-02-13T03:27:30, 1981.01176471, 0, 0, 0 
2015-02-13T03:32:30, 1981.16455696, 0, 0, 0 
2015-02-13T03:37:30, 1981.11627907, 0, 0, 0 
2015-02-13T03:42:30, 1981.23684211, 0, 0, 0 
2015-02-13T03:47:30, 1981.22222222, 0, 0, 0 
2015-02-13T03:52:30, 1981.31818182, 0, 0, 0 
2015-02-13T03:57:30, 1981.18571429, 0, 0, 0 
2015-02-13T04:02:30, 1981.13513514, 0, 0, 0 
2015-02-13T04:07:30, 1981.22680412, 0, 0, 0 
2015-02-13T04:12:30, 1981.33009709, 0, 0, 0 
2015-02-13T04:17:30, 1981.26373626, 0, 0, 0 
2015-02-13T04:22:30, 1981.04255319, 0, 0, 0 
2015-02-13T04:27:30, 1981.1, 0, 0, 0 
2015-02-13T04:32:30, 1981.10465116, 0, 0, 0 
2015-02-13T04:37:30, 1981.15853659, 0, 0, 0 
2015-02-13T04:42:30, 1981.09090909, 0, 0, 0 
2015-02-13T04:47:30, 1981.11363636, 0, 0, 0 
2015-02-13T04:52:30, 1981.21111111, 0, 0, 0 
2015-02-13T04:57:30, 1980.98648649, 0, 0, 0 
2015-02-13T05:02:30, 1980.84210526, 0, 0, 0 
2015-02-13T05:07:30, 1981.07142857, 0, 0, 0 
2015-02-13T05:12:30, 1981.1, 0, 0, 0 
2015-02-13T05:17:30, 1980.98717949, 0, 0, 0 
2015-02-13T05:22:30, 1981.11111111, 0, 0, 0 
2015-02-13T05:27:30, 1981.04545455, 0, 0, 0 
2015-02-13T05:32:30, 1981.06756757, 0, 0, 0 
2015-02-13T05:37:30, 1981.04054054, 0, 0, 0 
2015-02-13T05:42:30, 1981.1744186, 0, 0, 0 
2015-02-13T05:47:30, 1981.18085106, 0, 0, 0 
2015-02-13T05:52:30, 1981.05263158, 0, 0, 0 
2015-02-13T05:57:30, 1981.13953488, 0, 0, 0 
2015-02-13T06:02:30, 1981.01265823, 0, 0, 0 
2015-02-13T06:07:30, 1980.98684211, 0, 0, 0 
2015-02-13T06:12:30, 1981.0, 0, 0, 0 
2015-02-13T06:17:30, 1981.1884058, 0, 0, 0 
2015-02-13T06:22:30, 1980.97727273, 0, 0, 0 
2015-02-13T06:27:30, 1981.01428571, 0, 0, 0 
2015-02-13T06:32:30, 1981.18888889, 0, 0, 0 
2015-02-13T06:37:30, 1981.35365854, 0, 0, 0 
2015-02-13T06:42:30, 1981.15, 0, 0, 0 
2015-02-13T06:47:30, 1981.18888889, 0, 0, 0 
2015-02-13T06:52:30, 1981.16438356, 0, 0, 0 
2015-02-13T06:57:30, 1980.94444444, 0, 0, 0 
2015-02-13T07:02:30, 1980.875, 0, 0, 0 
2015-02-13T07:07:30, 1980.87356322, 0, 0, 0 
2015-02-13T07:12:30, 1980.74736842, 0, 0, 0 
2015-02-13T07:17:30, 1980.97647059, 0, 0, 0 
2015-02-13T07:22:30, 1980.74324324, 0, 0, 0 
2015-02-13T07:27:30, 1980.87719298, 0, 0, 0 
2015-02-13T07:32:30, 1980.89393939, 0, 0, 0 
2015-02-13T07:37:30, 1981.02272727, 0, 0, 0 
2015-02-13T07:42:30, 1981.06666667, 0, 0, 0 
2015-02-13T07:47:30, 1980.97647059, 0, 0, 0 
2015-02-13T07:52:30, 1981.02631579, 0, 0, 0 
2015-02-13T07:57:30, 1981.075, 0, 0, 0 
2015-02-13T08:02:30, 1980.96428571, 0, 0, 0 
2015-02-13T08:07:30, 1980.8125, 0, 0, 0 
2015-02-13T08:12:30, 1980.87179487, 0, 0, 0 
2015-02-13T08:17:30, 1980.93506494, 0, 0, 0 
2015-02-13T08:22:30, 1980.84415584, 0, 0, 0 
2015-02-13T08:27:30, 1980.84210526, 0, 0, 0 
2015-02-13T08:32:30, 1981.5, 0, 0, 0 
2015-02-13T08:37:30, 1981.5, 0, 0, 0 
2015-02-13T08:42:30, 1981.5, 0, 0, 0 
2015-02-13T08:47:30, 1981.5, 0, 0, 0 
2015-02-13T08:52:30, 1981.5, 0, 0, 0 
2015-02-13T08:57:30, 1981.5, 0, 0, 0 
2015-02-13T09:02:30, 1981.5, 0, 0, 0 
2015-02-13T09:07:30, 1981.5, 0, 0, 0 
2015-02-13T09:12:30, 1981.5, 0, 0, 0 
2015-02-13T09:17:30, 1981.5, 0, 0, 0 
2015-02-13T09:22:30, 1981.5, 0, 0, 0 
2015-02-13T09:27:30, 1981.5, 0, 0, 0 
2015-02-13T09:32:30, 1981.5, 0, 0, 0 
2015-02-13T09:37:30, 1981.5, 0, 0, 0 
2015-02-13T09:42:30, 1981.5, 0, 0, 0 
2015-02-13T09:47:30, 1981.5, 0, 0, 0 
2015-02-13T09:52:30, 1981.5, 0, 0, 0 
2015-02-13T09:57:30, 1981.5, 0, 0, 0 
2015-02-13T10:02:30, 1981.5, 0, 0, 0 
2015-02-13T10:07:30, 1981.5, 0, 0, 0 
2015-02-13T10:12:30, 1981.5, 0, 0, 0 
2015-02-13T10:17:30, 1981.5, 0, 0, 0 
2015-02-13T10:22:30, 1981.5, 0, 0, 0 
2015-02-13T10:27:30, 1981.5, 0, 0, 0 
2015-02-13T10:32:30, 1981.5, 0, 0, 0 
2015-02-13T10:37:30, 1981.5, 0, 0, 0 
2015-02-13T10:42:30, 1981.5, 0, 0, 0 
2015-02-13T10:47:30, 1981.5, 0, 0, 0 
2015-02-13T10:52:30, 1981.30841121, 0, 0, 0 
2015-02-13T10:57:30, 1981.42528736, 0, 0, 0 
2015-02-13T11:02:30, 1981.40196078, 0, 0, 0 
2015-02-13T11:07:30, 1981.40196078, 0, 0, 0 
2015-02-13T11:12:30, 1981.43103448, 0, 0, 0 
2015-02-13T11:17:30, 1981.43518519, 0, 0, 0 
2015-02-13T11:22:30, 1981.45631068, 0, 0, 0 
2015-02-13T11:27:30, 1981.45762712, 0, 0, 0 
2015-02-13T11:32:30, 1981.51694915, 0, 0, 0 
2015-02-13T11:37:30, 1981.45, 0, 0, 0 
2015-02-13T11:42:30, 1981.54310345, 0, 0, 0 
2015-02-13T11:47:30, 1981.62204724, 0, 0, 0 
2015-02-13T11:52:30, 1981.5826087, 0, 0, 0 
2015-02-13T11:57:30, 1981.6259542, 0, 0, 0 
2015-02-13T12:02:30, 1981.47222222, 0, 0, 0 
2015-02-13T12:07:30, 1981.57364341, 0, 0, 0 
2015-02-13T12:12:30, 1981.5862069, 0, 0, 0 
2015-02-13T12:17:30, 1981.63636364, 0, 0, 0 
2015-02-13T12:22:30, 1981.62222222, 0, 0, 0 
2015-02-13T12:27:30, 1981.64341085, 0, 0, 0 
2015-02-13T12:32:30, 1981.67625899, 0, 0, 0 
2015-02-13T12:37:30, 1981.68382353, 0, 0, 0 
2015-02-13T12:42:30, 1981.66666667, 0, 0, 0 
2015-02-13T12:47:30, 1981.74264706, 0, 0, 0 
2015-02-13T12:52:30, 1981.4522293, 0, 0, 0 
2015-02-13T12:57:30, 1981.69117647, 0, 0, 0 
2015-02-13T13:02:30, 1981.74482759, 0, 0, 0 
2015-02-13T13:07:30, 1981.69924812, 0, 0, 0 
2015-02-13T13:12:30, 1981.73584906, 0, 0, 0 
2015-02-13T13:17:30, 1981.75342466, 0, 0, 0 
2015-02-13T13:22:30, 1981.83006536, 0, 0, 0 
2015-02-13T13:27:30, 1981.78947368, 0, 0, 0 
2015-02-13T13:32:30, 1981.8343949, 0, 0, 0 
2015-02-13T13:37:30, 1981.86390533, 0, 0, 0 
2015-02-13T13:42:30, 1981.81012658, 0, 0, 0 
2015-02-13T13:47:30, 1981.85714286, 0, 0, 0 
2015-02-13T13:52:30, 1981.81528662, 0, 0, 0 
2015-02-13T13:57:30, 1981.84705882, 0, 0, 0 
2015-02-13T14:02:30, 1981.88235294, 0, 0, 0 
2015-02-13T14:07:30, 1981.92215569, 0, 0, 0 
2015-02-13T14:12:30, 1981.97575758, 0, 0, 0 
2015-02-13T14:17:30, 1981.96428571, 0, 0, 0 
2015-02-13T14:22:30, 1981.98787879, 0, 0, 0 
2015-02-13T14:27:30, 1981.98816568, 0, 0, 0 
2015-02-13T14:32:30, 1981.98076923, 0, 0, 0 
2015-02-13T14:37:30, 1982.02941176, 0, 0, 0 
2015-02-13T14:42:30, 1981.95180723, 0, 0, 0 
2015-02-13T14:47:30, 1981.9382716, 0, 0, 0 
2015-02-13T14:52:30, 1981.98192771, 0, 0, 0 
2015-02-13T14:57:30, 1982.01226994, 0, 0, 0 
2015-02-13T15:02:30, 1982.05389222, 0, 0, 0 
2015-02-13T15:07:30, 1981.84795322, 0, 0, 0 
2015-02-13T15:12:30, 1981.92215569, 0, 0, 0 
2015-02-13T15:17:30, 1982.01273885, 0, 0, 0 
2015-02-13T15:22:30, 1981.98170732, 0, 0, 0 
2015-02-13T15:27:30, 1092.13084112, 0, 0, 0 
2015-02-13T15:32:30, 725.611111111, 0, 0, 0 
2015-02-13T15:37:30, 686.686390533, 0, 0, 0 
2015-02-13T15:42:30, 699.417322835, 0, 0, 0 
2015-02-13T15:47:30, 700.324137931, 0, 0, 0 
2015-02-13T15:52:30, 699.670967742, 0, 0, 0 
2015-02-13T15:57:30, 699.620253165, 0, 0, 0 
2015-02-13T16:02:30, 699.556451613, 0, 0, 0 
2015-02-13T16:07:30, 700.125984252, 0, 0, 0 
2015-02-13T16:12:30, 700.034482759, 0, 0, 0 
2015-02-13T16:17:30, 700.376068376, 0, 0, 0 
2015-02-13T16:22:30, 699.887931034, 0, 0, 0 
2015-02-13T16:27:30, 699.672413793, 0, 0, 0 
2015-02-13T16:32:30, 699.776859504, 0, 0, 0 
2015-02-13T16:37:30, 699.74015748, 0, 0, 0 
2015-02-13T16:42:30, 700.076271186, 0, 0, 0 
2015-02-13T16:47:30, 696.0, 0, 0, 0 
