# 
# Filename    : /tmp/rfq_lt_h01_ai_in.txt
# PV name     : RFQ:LT:H01:AI_IN
# From        : 2015-02-06T16:45:01.158839
# To          : 2015-02-13T16:45:01.158839
# queryString : ?pv=mean_300(RFQ:LT:H01:AI_IN)&from=2015-02-06T16%3A45%3A01.158839%2B09%3A00&to=2015-02-13T16%3A45%3A01.158839%2B09%3A00
# hostname    : munjipc0
# host IP     : 127.0.1.1
# 
# time, val, nanos, status, severity
2015-02-06T16:47:30, 7333.62580645, 0, 0, 0 
2015-02-06T16:52:30, 7333.60233918, 0, 0, 0 
2015-02-06T16:57:30, 7333.64864865, 0, 0, 0 
2015-02-06T17:02:30, 7333.63803681, 0, 0, 0 
2015-02-06T17:07:30, 7333.66896552, 0, 0, 0 
2015-02-06T17:12:30, 7333.63225806, 0, 0, 0 
2015-02-06T17:17:30, 7333.60248447, 0, 0, 0 
2015-02-06T17:22:30, 7333.49206349, 0, 0, 0 
2015-02-06T17:27:30, 7333.41525424, 0, 0, 0 
2015-02-06T17:32:30, 7333.39694656, 0, 0, 0 
2015-02-06T17:37:30, 7333.38582677, 0, 0, 0 
2015-02-06T17:42:30, 7333.3, 0, 0, 0 
2015-02-06T17:47:30, 7333.06666667, 0, 0, 0 
2015-02-06T17:52:30, 7333.15517241, 0, 0, 0 
2015-02-06T17:57:30, 7333.14393939, 0, 0, 0 
2015-02-06T18:02:30, 7333.02020202, 0, 0, 0 
2015-02-06T18:07:30, 7333.05769231, 0, 0, 0 
2015-02-06T18:12:30, 7333.01904762, 0, 0, 0 
2015-02-06T18:17:30, 7333.11340206, 0, 0, 0 
2015-02-06T18:22:30, 7332.95495495, 0, 0, 0 
2015-02-06T18:27:30, 7332.94623656, 0, 0, 0 
2015-02-06T18:32:30, 7332.77884615, 0, 0, 0 
2015-02-06T18:37:30, 7332.81188119, 0, 0, 0 
2015-02-06T18:42:30, 7332.76666667, 0, 0, 0 
2015-02-06T18:47:30, 7332.77419355, 0, 0, 0 
2015-02-06T18:52:30, 7332.73076923, 0, 0, 0 
2015-02-06T18:57:30, 7332.72727273, 0, 0, 0 
2015-02-06T19:02:30, 7332.61538462, 0, 0, 0 
2015-02-06T19:07:30, 7332.57758621, 0, 0, 0 
2015-02-06T19:12:30, 7332.72440945, 0, 0, 0 
2015-02-06T19:17:30, 7332.67213115, 0, 0, 0 
2015-02-06T19:22:30, 7332.79, 0, 0, 0 
2015-02-06T19:27:30, 7332.640625, 0, 0, 0 
2015-02-06T19:32:30, 7332.52991453, 0, 0, 0 
2015-02-06T19:37:30, 7332.67164179, 0, 0, 0 
2015-02-06T19:42:30, 7332.61702128, 0, 0, 0 
2015-02-06T19:47:30, 7332.54929577, 0, 0, 0 
2015-02-06T19:52:30, 7332.48275862, 0, 0, 0 
2015-02-06T19:57:30, 7332.48684211, 0, 0, 0 
2015-02-06T20:02:30, 7332.4921875, 0, 0, 0 
2015-02-06T20:07:30, 7332.49673203, 0, 0, 0 
2015-02-06T20:12:30, 7332.39873418, 0, 0, 0 
2015-02-06T20:17:30, 7332.39072848, 0, 0, 0 
2015-02-06T20:22:30, 7332.44303797, 0, 0, 0 
2015-02-06T20:27:30, 7332.38095238, 0, 0, 0 
2015-02-06T20:32:30, 7332.43670886, 0, 0, 0 
2015-02-06T20:37:30, 7332.34302326, 0, 0, 0 
2015-02-06T20:42:30, 7332.37931034, 0, 0, 0 
2015-02-06T20:47:30, 7332.34090909, 0, 0, 0 
2015-02-06T20:52:30, 7332.32738095, 0, 0, 0 
2015-02-06T20:57:30, 7332.28571429, 0, 0, 0 
2015-02-06T21:02:30, 7332.2371134, 0, 0, 0 
2015-02-06T21:07:30, 7332.01156069, 0, 0, 0 
2015-02-06T21:12:30, 7331.96174863, 0, 0, 0 
2015-02-06T21:17:30, 7331.99009901, 0, 0, 0 
2015-02-06T21:22:30, 7332.0, 0, 0, 0 
2015-02-06T21:27:30, 7331.95260664, 0, 0, 0 
2015-02-06T21:32:30, 7332.02673797, 0, 0, 0 
2015-02-06T21:37:30, 7331.96296296, 0, 0, 0 
2015-02-06T21:42:30, 7331.92391304, 0, 0, 0 
2015-02-06T21:47:30, 7332.01515152, 0, 0, 0 
2015-02-06T21:52:30, 7331.97905759, 0, 0, 0 
2015-02-06T21:57:30, 7331.99514563, 0, 0, 0 
2015-02-06T22:02:30, 7331.89583333, 0, 0, 0 
2015-02-06T22:07:30, 7331.77368421, 0, 0, 0 
2015-02-06T22:12:30, 7331.79081633, 0, 0, 0 
2015-02-06T22:17:30, 7331.76842105, 0, 0, 0 
2015-02-06T22:22:30, 7331.80213904, 0, 0, 0 
2015-02-06T22:27:30, 7331.6961326, 0, 0, 0 
2015-02-06T22:32:30, 7331.77956989, 0, 0, 0 
2015-02-06T22:37:30, 7331.76271186, 0, 0, 0 
2015-02-06T22:42:30, 7331.6686747, 0, 0, 0 
2015-02-06T22:47:30, 7331.75138122, 0, 0, 0 
2015-02-06T22:52:30, 7331.9281768, 0, 0, 0 
2015-02-06T22:57:30, 7331.82446809, 0, 0, 0 
2015-02-06T23:02:30, 7331.77948718, 0, 0, 0 
2015-02-06T23:07:30, 7331.81182796, 0, 0, 0 
2015-02-06T23:12:30, 7331.81318681, 0, 0, 0 
2015-02-06T23:17:30, 7331.75555556, 0, 0, 0 
2015-02-06T23:22:30, 7331.67759563, 0, 0, 0 
2015-02-06T23:27:30, 7331.66666667, 0, 0, 0 
2015-02-06T23:32:30, 7331.56375839, 0, 0, 0 
2015-02-06T23:37:30, 7331.5704698, 0, 0, 0 
2015-02-06T23:42:30, 7331.63576159, 0, 0, 0 
2015-02-06T23:47:30, 7331.57983193, 0, 0, 0 
2015-02-06T23:52:30, 7331.50344828, 0, 0, 0 
2015-02-06T23:57:30, 7331.54054054, 0, 0, 0 
2015-02-07T00:02:30, 7331.59731544, 0, 0, 0 
2015-02-07T00:07:30, 7331.56198347, 0, 0, 0 
2015-02-07T00:12:30, 7331.54887218, 0, 0, 0 
2015-02-07T00:17:30, 7331.53956835, 0, 0, 0 
2015-02-07T00:22:30, 7331.57342657, 0, 0, 0 
2015-02-07T00:27:30, 7331.54929577, 0, 0, 0 
2015-02-07T00:32:30, 7331.53020134, 0, 0, 0 
2015-02-07T00:37:30, 7331.2972973, 0, 0, 0 
2015-02-07T00:42:30, 7331.22727273, 0, 0, 0 
2015-02-07T00:47:30, 7331.26436782, 0, 0, 0 
2015-02-07T00:52:30, 7331.26470588, 0, 0, 0 
2015-02-07T00:57:30, 7331.29166667, 0, 0, 0 
2015-02-07T01:02:30, 7331.2, 0, 0, 0 
2015-02-07T01:07:30, 7331.11578947, 0, 0, 0 
2015-02-07T01:12:30, 7331.02564103, 0, 0, 0 
2015-02-07T01:17:30, 7331.0, 0, 0, 0 
2015-02-07T01:22:30, 7330.95604396, 0, 0, 0 
2015-02-07T01:27:30, 7330.96363636, 0, 0, 0 
2015-02-07T01:32:30, 7330.77419355, 0, 0, 0 
2015-02-07T01:37:30, 7330.72, 0, 0, 0 
2015-02-07T01:42:30, 7331.05813953, 0, 0, 0 
2015-02-07T01:47:30, 7331.17241379, 0, 0, 0 
2015-02-07T01:52:30, 7331.24166667, 0, 0, 0 
2015-02-07T01:57:30, 7331.04081633, 0, 0, 0 
2015-02-07T02:02:30, 7331.05050505, 0, 0, 0 
2015-02-07T02:07:30, 7331.16216216, 0, 0, 0 
2015-02-07T02:12:30, 7331.07058824, 0, 0, 0 
2015-02-07T02:17:30, 7331.04716981, 0, 0, 0 
2015-02-07T02:22:30, 7331.10638298, 0, 0, 0 
2015-02-07T02:27:30, 7331.06730769, 0, 0, 0 
2015-02-07T02:32:30, 7331.07608696, 0, 0, 0 
2015-02-07T02:37:30, 7331.07070707, 0, 0, 0 
2015-02-07T02:42:30, 7331.09411765, 0, 0, 0 
2015-02-07T02:47:30, 7331.16091954, 0, 0, 0 
2015-02-07T02:52:30, 7331.07526882, 0, 0, 0 
2015-02-07T02:57:30, 7330.78947368, 0, 0, 0 
2015-02-07T03:02:30, 7330.83516484, 0, 0, 0 
2015-02-07T03:07:30, 7330.70114943, 0, 0, 0 
2015-02-07T03:12:30, 7330.75229358, 0, 0, 0 
2015-02-07T03:17:30, 7330.63917526, 0, 0, 0 
2015-02-07T03:22:30, 7330.66666667, 0, 0, 0 
2015-02-07T03:27:30, 7330.7628866, 0, 0, 0 
2015-02-07T03:32:30, 7330.60344828, 0, 0, 0 
2015-02-07T03:37:30, 7330.63888889, 0, 0, 0 
2015-02-07T03:42:30, 7330.66935484, 0, 0, 0 
2015-02-07T03:47:30, 7330.66412214, 0, 0, 0 
2015-02-07T03:52:30, 7330.64705882, 0, 0, 0 
2015-02-07T03:57:30, 7330.61061947, 0, 0, 0 
2015-02-07T04:02:30, 7330.62727273, 0, 0, 0 
2015-02-07T04:07:30, 7330.62616822, 0, 0, 0 
2015-02-07T04:12:30, 7330.63865546, 0, 0, 0 
2015-02-07T04:17:30, 7330.58415842, 0, 0, 0 
2015-02-07T04:22:30, 7330.59482759, 0, 0, 0 
2015-02-07T04:27:30, 7330.57251908, 0, 0, 0 
2015-02-07T04:32:30, 7330.53623188, 0, 0, 0 
2015-02-07T04:37:30, 7330.5625, 0, 0, 0 
2015-02-07T04:42:30, 7330.55395683, 0, 0, 0 
2015-02-07T04:47:30, 7330.51552795, 0, 0, 0 
2015-02-07T04:52:30, 7330.58914729, 0, 0, 0 
2015-02-07T04:57:30, 7330.52898551, 0, 0, 0 
2015-02-07T05:02:30, 7330.54918033, 0, 0, 0 
2015-02-07T05:07:30, 7330.53594771, 0, 0, 0 
2015-02-07T05:12:30, 7330.52941176, 0, 0, 0 
2015-02-07T05:17:30, 7330.5234375, 0, 0, 0 
2015-02-07T05:22:30, 7330.54193548, 0, 0, 0 
2015-02-07T05:27:30, 7330.59060403, 0, 0, 0 
2015-02-07T05:32:30, 7330.5210084, 0, 0, 0 
2015-02-07T05:37:30, 7330.52112676, 0, 0, 0 
2015-02-07T05:42:30, 7330.52348993, 0, 0, 0 
2015-02-07T05:47:30, 7330.53020134, 0, 0, 0 
2015-02-07T05:52:30, 7330.54491018, 0, 0, 0 
2015-02-07T05:57:30, 7330.50314465, 0, 0, 0 
2015-02-07T06:02:30, 7330.52666667, 0, 0, 0 
2015-02-07T06:07:30, 7330.51265823, 0, 0, 0 
2015-02-07T06:12:30, 7330.5, 0, 0, 0 
2015-02-07T06:17:30, 7330.52413793, 0, 0, 0 
2015-02-07T06:22:30, 7330.47619048, 0, 0, 0 
2015-02-07T06:27:30, 7330.52201258, 0, 0, 0 
2015-02-07T06:32:30, 7330.53472222, 0, 0, 0 
2015-02-07T06:37:30, 7330.50609756, 0, 0, 0 
2015-02-07T06:42:30, 7330.52287582, 0, 0, 0 
2015-02-07T06:47:30, 7330.52941176, 0, 0, 0 
2015-02-07T06:52:30, 7330.5, 0, 0, 0 
2015-02-07T06:57:30, 7330.48666667, 0, 0, 0 
2015-02-07T07:02:30, 7330.50694444, 0, 0, 0 
2015-02-07T07:07:30, 7330.47972973, 0, 0, 0 
2015-02-07T07:12:30, 7330.47741935, 0, 0, 0 
2015-02-07T07:17:30, 7330.50364964, 0, 0, 0 
2015-02-07T07:22:30, 7330.48275862, 0, 0, 0 
2015-02-07T07:27:30, 7330.46357616, 0, 0, 0 
2015-02-07T07:32:30, 7330.49681529, 0, 0, 0 
2015-02-07T07:37:30, 7330.45679012, 0, 0, 0 
2015-02-07T07:42:30, 7330.45033113, 0, 0, 0 
2015-02-07T07:47:30, 7330.49668874, 0, 0, 0 
2015-02-07T07:52:30, 7330.5, 0, 0, 0 
2015-02-07T07:57:30, 7330.45390071, 0, 0, 0 
2015-02-07T08:02:30, 7330.50993377, 0, 0, 0 
2015-02-07T08:07:30, 7330.40944882, 0, 0, 0 
2015-02-07T08:12:30, 7330.44366197, 0, 0, 0 
2015-02-07T08:17:30, 7330.41732283, 0, 0, 0 
2015-02-07T08:22:30, 7330.36036036, 0, 0, 0 
2015-02-07T08:27:30, 7330.37391304, 0, 0, 0 
2015-02-07T08:32:30, 7330.42608696, 0, 0, 0 
2015-02-07T08:37:30, 7330.45528455, 0, 0, 0 
2015-02-07T08:42:30, 7330.41025641, 0, 0, 0 
2015-02-07T08:47:30, 7330.43548387, 0, 0, 0 
2015-02-07T08:52:30, 7330.42105263, 0, 0, 0 
2015-02-07T08:57:30, 7330.42857143, 0, 0, 0 
2015-02-07T09:02:30, 7330.29090909, 0, 0, 0 
2015-02-07T09:07:30, 7330.22222222, 0, 0, 0 
2015-02-07T09:12:30, 7330.125, 0, 0, 0 
2015-02-07T09:17:30, 7330.2920354, 0, 0, 0 
2015-02-07T09:22:30, 7330.33663366, 0, 0, 0 
2015-02-07T09:27:30, 7330.30275229, 0, 0, 0 
2015-02-07T09:32:30, 7330.31355932, 0, 0, 0 
2015-02-07T09:37:30, 7330.19148936, 0, 0, 0 
2015-02-07T09:42:30, 7330.24324324, 0, 0, 0 
2015-02-07T09:47:30, 7330.31428571, 0, 0, 0 
2015-02-07T09:52:30, 7330.35106383, 0, 0, 0 
2015-02-07T09:57:30, 7330.51304348, 0, 0, 0 
2015-02-07T10:02:30, 7330.45695364, 0, 0, 0 
2015-02-07T10:07:30, 7330.49275362, 0, 0, 0 
2015-02-07T10:12:30, 7330.45255474, 0, 0, 0 
2015-02-07T10:17:30, 7330.46564885, 0, 0, 0 
2015-02-07T10:22:30, 7330.43884892, 0, 0, 0 
2015-02-07T10:27:30, 7330.44217687, 0, 0, 0 
2015-02-07T10:32:30, 7330.43971631, 0, 0, 0 
2015-02-07T10:37:30, 7330.46666667, 0, 0, 0 
2015-02-07T10:42:30, 7330.46808511, 0, 0, 0 
2015-02-07T10:47:30, 7330.4921875, 0, 0, 0 
2015-02-07T10:52:30, 7330.45801527, 0, 0, 0 
2015-02-07T10:57:30, 7330.48888889, 0, 0, 0 
2015-02-07T11:02:30, 7330.46428571, 0, 0, 0 
2015-02-07T11:07:30, 7330.46357616, 0, 0, 0 
2015-02-07T11:12:30, 7330.48684211, 0, 0, 0 
2015-02-07T11:17:30, 7330.5, 0, 0, 0 
2015-02-07T11:22:30, 7330.488, 0, 0, 0 
2015-02-07T11:27:30, 7330.47222222, 0, 0, 0 
2015-02-07T11:32:30, 7330.47586207, 0, 0, 0 
2015-02-07T11:37:30, 7330.47586207, 0, 0, 0 
2015-02-07T11:42:30, 7330.5037594, 0, 0, 0 
2015-02-07T11:47:30, 7330.5035461, 0, 0, 0 
2015-02-07T11:52:30, 7330.5, 0, 0, 0 
2015-02-07T11:57:30, 7330.50588235, 0, 0, 0 
2015-02-07T12:02:30, 7330.49056604, 0, 0, 0 
2015-02-07T12:07:30, 7330.52147239, 0, 0, 0 
2015-02-07T12:12:30, 7330.54054054, 0, 0, 0 
2015-02-07T12:17:30, 7330.47916667, 0, 0, 0 
2015-02-07T12:22:30, 7330.53284672, 0, 0, 0 
2015-02-07T12:27:30, 7330.51898734, 0, 0, 0 
2015-02-07T12:32:30, 7330.5, 0, 0, 0 
2015-02-07T12:37:30, 7330.48466258, 0, 0, 0 
2015-02-07T12:42:30, 7330.49685535, 0, 0, 0 
2015-02-07T12:47:30, 7330.51034483, 0, 0, 0 
2015-02-07T12:52:30, 7330.50310559, 0, 0, 0 
2015-02-07T12:57:30, 7330.50955414, 0, 0, 0 
2015-02-07T13:02:30, 7330.53164557, 0, 0, 0 
2015-02-07T13:07:30, 7330.51724138, 0, 0, 0 
2015-02-07T13:12:30, 7330.55405405, 0, 0, 0 
2015-02-07T13:17:30, 7330.5620915, 0, 0, 0 
2015-02-07T13:22:30, 7330.55405405, 0, 0, 0 
2015-02-07T13:27:30, 7330.55072464, 0, 0, 0 
2015-02-07T13:32:30, 7330.62857143, 0, 0, 0 
2015-02-07T13:37:30, 7330.51020408, 0, 0, 0 
2015-02-07T13:42:30, 7330.54135338, 0, 0, 0 
2015-02-07T13:47:30, 7330.53846154, 0, 0, 0 
2015-02-07T13:52:30, 7330.59060403, 0, 0, 0 
2015-02-07T13:57:30, 7330.58139535, 0, 0, 0 
2015-02-07T14:02:30, 7330.5617284, 0, 0, 0 
2015-02-07T14:07:30, 7330.60714286, 0, 0, 0 
2015-02-07T14:12:30, 7330.66923077, 0, 0, 0 
2015-02-07T14:17:30, 7330.57931034, 0, 0, 0 
2015-02-07T14:22:30, 7330.57723577, 0, 0, 0 
2015-02-07T14:27:30, 7330.63716814, 0, 0, 0 
2015-02-07T14:32:30, 7330.60330579, 0, 0, 0 
2015-02-07T14:37:30, 7330.58035714, 0, 0, 0 
2015-02-07T14:42:30, 7330.62184874, 0, 0, 0 
2015-02-07T14:47:30, 7330.64661654, 0, 0, 0 
2015-02-07T14:52:30, 7330.65517241, 0, 0, 0 
2015-02-07T14:57:30, 7330.71186441, 0, 0, 0 
2015-02-07T15:02:30, 7330.74107143, 0, 0, 0 
2015-02-07T15:07:30, 7330.71276596, 0, 0, 0 
2015-02-07T15:12:30, 7330.63043478, 0, 0, 0 
2015-02-07T15:17:30, 7330.58267717, 0, 0, 0 
2015-02-07T15:22:30, 7330.56589147, 0, 0, 0 
2015-02-07T15:27:30, 7330.54782609, 0, 0, 0 
2015-02-07T15:32:30, 7330.609375, 0, 0, 0 
2015-02-07T15:37:30, 7330.62162162, 0, 0, 0 
2015-02-07T15:42:30, 7330.6728972, 0, 0, 0 
2015-02-07T15:47:30, 7330.57281553, 0, 0, 0 
2015-02-07T15:52:30, 7330.58677686, 0, 0, 0 
2015-02-07T15:57:30, 7330.62790698, 0, 0, 0 
2015-02-07T16:02:30, 7330.66129032, 0, 0, 0 
2015-02-07T16:07:30, 7330.6969697, 0, 0, 0 
2015-02-07T16:12:30, 7330.60952381, 0, 0, 0 
2015-02-07T16:17:30, 7330.60526316, 0, 0, 0 
2015-02-07T16:22:30, 7330.74045802, 0, 0, 0 
2015-02-07T16:27:30, 7330.74107143, 0, 0, 0 
2015-02-07T16:32:30, 7330.62295082, 0, 0, 0 
2015-02-07T16:37:30, 7330.65, 0, 0, 0 
2015-02-07T16:42:30, 7330.72440945, 0, 0, 0 
2015-02-07T16:47:30, 7330.7027027, 0, 0, 0 
2015-02-07T16:52:30, 7330.70093458, 0, 0, 0 
2015-02-07T16:57:30, 7330.75961538, 0, 0, 0 
2015-02-07T17:02:30, 7330.71681416, 0, 0, 0 
2015-02-07T17:07:30, 7330.69105691, 0, 0, 0 
2015-02-07T17:12:30, 7330.70652174, 0, 0, 0 
2015-02-07T17:17:30, 7330.71717172, 0, 0, 0 
2015-02-07T17:22:30, 7330.82828283, 0, 0, 0 
2015-02-07T17:27:30, 7330.67741935, 0, 0, 0 
2015-02-07T17:32:30, 7330.6440678, 0, 0, 0 
2015-02-07T17:37:30, 7330.71, 0, 0, 0 
2015-02-07T17:42:30, 7330.75, 0, 0, 0 
2015-02-07T17:47:30, 7330.6407767, 0, 0, 0 
2015-02-07T17:52:30, 7330.65833333, 0, 0, 0 
2015-02-07T17:57:30, 7330.62962963, 0, 0, 0 
2015-02-07T18:02:30, 7330.63888889, 0, 0, 0 
2015-02-07T18:07:30, 7330.83673469, 0, 0, 0 
2015-02-07T18:12:30, 7330.83157895, 0, 0, 0 
2015-02-07T18:17:30, 7330.93859649, 0, 0, 0 
2015-02-07T18:22:30, 7330.68085106, 0, 0, 0 
2015-02-07T18:27:30, 7330.82758621, 0, 0, 0 
2015-02-07T18:32:30, 7330.77011494, 0, 0, 0 
2015-02-07T18:37:30, 7330.87368421, 0, 0, 0 
2015-02-07T18:42:30, 7330.73333333, 0, 0, 0 
2015-02-07T18:47:30, 7330.79347826, 0, 0, 0 
2015-02-07T18:52:30, 7330.83333333, 0, 0, 0 
2015-02-07T18:57:30, 7330.75531915, 0, 0, 0 
2015-02-07T19:02:30, 7330.74468085, 0, 0, 0 
2015-02-07T19:07:30, 7330.72727273, 0, 0, 0 
2015-02-07T19:12:30, 7330.75652174, 0, 0, 0 
2015-02-07T19:17:30, 7330.61111111, 0, 0, 0 
2015-02-07T19:22:30, 7330.65656566, 0, 0, 0 
2015-02-07T19:27:30, 7330.77192982, 0, 0, 0 
2015-02-07T19:32:30, 7330.79439252, 0, 0, 0 
2015-02-07T19:37:30, 7330.73267327, 0, 0, 0 
2015-02-07T19:42:30, 7330.76470588, 0, 0, 0 
2015-02-07T19:47:30, 7330.74, 0, 0, 0 
2015-02-07T19:52:30, 7330.6962963, 0, 0, 0 
2015-02-07T19:57:30, 7330.7079646, 0, 0, 0 
2015-02-07T20:02:30, 7330.68316832, 0, 0, 0 
2015-02-07T20:07:30, 7330.67567568, 0, 0, 0 
2015-02-07T20:12:30, 7330.60483871, 0, 0, 0 
2015-02-07T20:17:30, 7330.63551402, 0, 0, 0 
2015-02-07T20:22:30, 7330.65546218, 0, 0, 0 
2015-02-07T20:27:30, 7330.6302521, 0, 0, 0 
2015-02-07T20:32:30, 7330.59349593, 0, 0, 0 
2015-02-07T20:37:30, 7330.63888889, 0, 0, 0 
2015-02-07T20:42:30, 7330.59398496, 0, 0, 0 
2015-02-07T20:47:30, 7330.5826087, 0, 0, 0 
2015-02-07T20:52:30, 7330.56617647, 0, 0, 0 
2015-02-07T20:57:30, 7330.6124031, 0, 0, 0 
2015-02-07T21:02:30, 7330.61688312, 0, 0, 0 
2015-02-07T21:07:30, 7330.59292035, 0, 0, 0 
2015-02-07T21:12:30, 7330.62773723, 0, 0, 0 
2015-02-07T21:17:30, 7330.65546218, 0, 0, 0 
2015-02-07T21:22:30, 7330.60431655, 0, 0, 0 
2015-02-07T21:27:30, 7330.6119403, 0, 0, 0 
2015-02-07T21:32:30, 7330.60869565, 0, 0, 0 
2015-02-07T21:37:30, 7330.56428571, 0, 0, 0 
2015-02-07T21:42:30, 7330.5703125, 0, 0, 0 
2015-02-07T21:47:30, 7330.58823529, 0, 0, 0 
2015-02-07T21:52:30, 7330.53284672, 0, 0, 0 
2015-02-07T21:57:30, 7330.52713178, 0, 0, 0 
2015-02-07T22:02:30, 7330.5862069, 0, 0, 0 
2015-02-07T22:07:30, 7330.53030303, 0, 0, 0 
2015-02-07T22:12:30, 7330.52173913, 0, 0, 0 
2015-02-07T22:17:30, 7330.55479452, 0, 0, 0 
2015-02-07T22:22:30, 7330.57142857, 0, 0, 0 
2015-02-07T22:27:30, 7330.49635036, 0, 0, 0 
2015-02-07T22:32:30, 7330.55944056, 0, 0, 0 
2015-02-07T22:37:30, 7330.53741497, 0, 0, 0 
2015-02-07T22:42:30, 7330.51298701, 0, 0, 0 
2015-02-07T22:47:30, 7330.57037037, 0, 0, 0 
2015-02-07T22:52:30, 7330.53103448, 0, 0, 0 
2015-02-07T22:57:30, 7330.54411765, 0, 0, 0 
2015-02-07T23:02:30, 7330.53846154, 0, 0, 0 
2015-02-07T23:07:30, 7330.58219178, 0, 0, 0 
2015-02-07T23:12:30, 7330.56521739, 0, 0, 0 
2015-02-07T23:17:30, 7330.68275862, 0, 0, 0 
2015-02-07T23:22:30, 7330.59398496, 0, 0, 0 
2015-02-07T23:27:30, 7330.66666667, 0, 0, 0 
2015-02-07T23:32:30, 7330.60144928, 0, 0, 0 
2015-02-07T23:37:30, 7330.5546875, 0, 0, 0 
2015-02-07T23:42:30, 7330.58333333, 0, 0, 0 
2015-02-07T23:47:30, 7330.59027778, 0, 0, 0 
2015-02-07T23:52:30, 7330.55782313, 0, 0, 0 
2015-02-07T23:57:30, 7330.54545455, 0, 0, 0 
2015-02-08T00:02:30, 7330.58441558, 0, 0, 0 
2015-02-08T00:07:30, 7330.51798561, 0, 0, 0 
2015-02-08T00:12:30, 7330.55483871, 0, 0, 0 
2015-02-08T00:17:30, 7330.56589147, 0, 0, 0 
2015-02-08T00:22:30, 7330.53448276, 0, 0, 0 
2015-02-08T00:27:30, 7330.55714286, 0, 0, 0 
2015-02-08T00:32:30, 7330.58865248, 0, 0, 0 
2015-02-08T00:37:30, 7330.60465116, 0, 0, 0 
2015-02-08T00:42:30, 7330.58878505, 0, 0, 0 
2015-02-08T00:47:30, 7330.66071429, 0, 0, 0 
2015-02-08T00:52:30, 7330.71428571, 0, 0, 0 
2015-02-08T00:57:30, 7330.59689922, 0, 0, 0 
2015-02-08T01:02:30, 7330.67676768, 0, 0, 0 
2015-02-08T01:07:30, 7330.69747899, 0, 0, 0 
2015-02-08T01:12:30, 7330.58441558, 0, 0, 0 
2015-02-08T01:17:30, 7330.536, 0, 0, 0 
2015-02-08T01:22:30, 7330.56666667, 0, 0, 0 
2015-02-08T01:27:30, 7330.54716981, 0, 0, 0 
2015-02-08T01:32:30, 7330.51282051, 0, 0, 0 
2015-02-08T01:37:30, 7330.52173913, 0, 0, 0 
2015-02-08T01:42:30, 7330.52631579, 0, 0, 0 
2015-02-08T01:47:30, 7330.51094891, 0, 0, 0 
2015-02-08T01:52:30, 7330.5483871, 0, 0, 0 
2015-02-08T01:57:30, 7330.52287582, 0, 0, 0 
2015-02-08T02:02:30, 7330.54166667, 0, 0, 0 
2015-02-08T02:07:30, 7330.53521127, 0, 0, 0 
2015-02-08T02:12:30, 7330.53383459, 0, 0, 0 
2015-02-08T02:17:30, 7330.54140127, 0, 0, 0 
2015-02-08T02:22:30, 7330.50887574, 0, 0, 0 
2015-02-08T02:27:30, 7330.5, 0, 0, 0 
2015-02-08T02:32:30, 7330.49006623, 0, 0, 0 
2015-02-08T02:37:30, 7330.55921053, 0, 0, 0 
2015-02-08T02:42:30, 7330.5, 0, 0, 0 
2015-02-08T02:47:30, 7330.53956835, 0, 0, 0 
2015-02-08T02:52:30, 7330.50704225, 0, 0, 0 
2015-02-08T02:57:30, 7330.53076923, 0, 0, 0 
2015-02-08T03:02:30, 7330.52631579, 0, 0, 0 
2015-02-08T03:07:30, 7330.50318471, 0, 0, 0 
2015-02-08T03:12:30, 7330.48026316, 0, 0, 0 
2015-02-08T03:17:30, 7330.43939394, 0, 0, 0 
2015-02-08T03:22:30, 7330.47674419, 0, 0, 0 
2015-02-08T03:27:30, 7330.48648649, 0, 0, 0 
2015-02-08T03:32:30, 7330.46491228, 0, 0, 0 
2015-02-08T03:37:30, 7330.49295775, 0, 0, 0 
2015-02-08T03:42:30, 7330.50322581, 0, 0, 0 
2015-02-08T03:47:30, 7330.47142857, 0, 0, 0 
2015-02-08T03:52:30, 7330.46405229, 0, 0, 0 
2015-02-08T03:57:30, 7330.45185185, 0, 0, 0 
2015-02-08T04:02:30, 7330.5, 0, 0, 0 
2015-02-08T04:07:30, 7330.46043165, 0, 0, 0 
2015-02-08T04:12:30, 7330.47887324, 0, 0, 0 
2015-02-08T04:17:30, 7330.46575342, 0, 0, 0 
2015-02-08T04:22:30, 7330.46376812, 0, 0, 0 
2015-02-08T04:27:30, 7330.47169811, 0, 0, 0 
2015-02-08T04:32:30, 7330.39705882, 0, 0, 0 
2015-02-08T04:37:30, 7330.36507937, 0, 0, 0 
2015-02-08T04:42:30, 7330.37735849, 0, 0, 0 
2015-02-08T04:47:30, 7330.38596491, 0, 0, 0 
2015-02-08T04:52:30, 7330.41176471, 0, 0, 0 
2015-02-08T04:57:30, 7330.42608696, 0, 0, 0 
2015-02-08T05:02:30, 7330.39, 0, 0, 0 
2015-02-08T05:07:30, 7330.40869565, 0, 0, 0 
2015-02-08T05:12:30, 7330.37383178, 0, 0, 0 
2015-02-08T05:17:30, 7330.27027027, 0, 0, 0 
2015-02-08T05:22:30, 7330.35, 0, 0, 0 
2015-02-08T05:27:30, 7330.39215686, 0, 0, 0 
2015-02-08T05:32:30, 7330.36206897, 0, 0, 0 
2015-02-08T05:37:30, 7330.3655914, 0, 0, 0 
2015-02-08T05:42:30, 7330.30097087, 0, 0, 0 
2015-02-08T05:47:30, 7330.31325301, 0, 0, 0 
2015-02-08T05:52:30, 7330.36440678, 0, 0, 0 
2015-02-08T05:57:30, 7330.30534351, 0, 0, 0 
2015-02-08T06:02:30, 7330.35772358, 0, 0, 0 
2015-02-08T06:07:30, 7330.46315789, 0, 0, 0 
2015-02-08T06:12:30, 7330.36792453, 0, 0, 0 
2015-02-08T06:17:30, 7330.4676259, 0, 0, 0 
2015-02-08T06:22:30, 7330.376, 0, 0, 0 
2015-02-08T06:27:30, 7330.40740741, 0, 0, 0 
2015-02-08T06:32:30, 7330.3902439, 0, 0, 0 
2015-02-08T06:37:30, 7330.41441441, 0, 0, 0 
2015-02-08T06:42:30, 7330.41284404, 0, 0, 0 
2015-02-08T06:47:30, 7330.21428571, 0, 0, 0 
2015-02-08T06:52:30, 7330.39669421, 0, 0, 0 
2015-02-08T06:57:30, 7330.17272727, 0, 0, 0 
2015-02-08T07:02:30, 7330.28, 0, 0, 0 
2015-02-08T07:07:30, 7330.21111111, 0, 0, 0 
2015-02-08T07:12:30, 7330.1443299, 0, 0, 0 
2015-02-08T07:17:30, 7330.13793103, 0, 0, 0 
2015-02-08T07:22:30, 7330.06185567, 0, 0, 0 
2015-02-08T07:27:30, 7329.92, 0, 0, 0 
2015-02-08T07:32:30, 7330.06097561, 0, 0, 0 
2015-02-08T07:37:30, 7329.94871795, 0, 0, 0 
2015-02-08T07:42:30, 7330.12987013, 0, 0, 0 
2015-02-08T07:47:30, 7330.0, 0, 0, 0 
2015-02-08T07:52:30, 7330.03125, 0, 0, 0 
2015-02-08T07:57:30, 7329.59615385, 0, 0, 0 
2015-02-08T08:02:30, 7329.79310345, 0, 0, 0 
2015-02-08T08:07:30, 7329.57798165, 0, 0, 0 
2015-02-08T08:12:30, 7329.63636364, 0, 0, 0 
2015-02-08T08:17:30, 7329.51456311, 0, 0, 0 
2015-02-08T08:22:30, 7329.52631579, 0, 0, 0 
2015-02-08T08:27:30, 7329.48854962, 0, 0, 0 
2015-02-08T08:32:30, 7329.48507463, 0, 0, 0 
2015-02-08T08:37:30, 7329.43971631, 0, 0, 0 
2015-02-08T08:42:30, 7329.43846154, 0, 0, 0 
2015-02-08T08:47:30, 7329.52348993, 0, 0, 0 
2015-02-08T08:52:30, 7329.44525547, 0, 0, 0 
2015-02-08T08:57:30, 7329.40425532, 0, 0, 0 
2015-02-08T09:02:30, 7329.46621622, 0, 0, 0 
2015-02-08T09:07:30, 7329.40939597, 0, 0, 0 
2015-02-08T09:12:30, 7329.40397351, 0, 0, 0 
2015-02-08T09:17:30, 7329.42176871, 0, 0, 0 
2015-02-08T09:22:30, 7329.40127389, 0, 0, 0 
2015-02-08T09:27:30, 7329.35428571, 0, 0, 0 
2015-02-08T09:32:30, 7329.35849057, 0, 0, 0 
2015-02-08T09:37:30, 7329.32768362, 0, 0, 0 
2015-02-08T09:42:30, 7329.38505747, 0, 0, 0 
2015-02-08T09:47:30, 7329.37125749, 0, 0, 0 
2015-02-08T09:52:30, 7329.39520958, 0, 0, 0 
2015-02-08T09:57:30, 7329.46575342, 0, 0, 0 
2015-02-08T10:02:30, 7329.48780488, 0, 0, 0 
2015-02-08T10:07:30, 7329.43333333, 0, 0, 0 
2015-02-08T10:12:30, 7329.35625, 0, 0, 0 
2015-02-08T10:17:30, 7329.35294118, 0, 0, 0 
2015-02-08T10:22:30, 7329.36470588, 0, 0, 0 
2015-02-08T10:27:30, 7329.37588652, 0, 0, 0 
2015-02-08T10:32:30, 7329.44970414, 0, 0, 0 
2015-02-08T10:37:30, 7329.36419753, 0, 0, 0 
2015-02-08T10:42:30, 7329.39130435, 0, 0, 0 
2015-02-08T10:47:30, 7329.3836478, 0, 0, 0 
2015-02-08T10:52:30, 7329.33766234, 0, 0, 0 
2015-02-08T10:57:30, 7329.41916168, 0, 0, 0 
2015-02-08T11:02:30, 7329.40782123, 0, 0, 0 
2015-02-08T11:07:30, 7329.40384615, 0, 0, 0 
2015-02-08T11:12:30, 7329.33707865, 0, 0, 0 
2015-02-08T11:17:30, 7329.34355828, 0, 0, 0 
2015-02-08T11:22:30, 7329.43506494, 0, 0, 0 
2015-02-08T11:27:30, 7329.42176871, 0, 0, 0 
2015-02-08T11:32:30, 7329.40697674, 0, 0, 0 
2015-02-08T11:37:30, 7329.39240506, 0, 0, 0 
2015-02-08T11:42:30, 7329.43312102, 0, 0, 0 
2015-02-08T11:47:30, 7329.43835616, 0, 0, 0 
2015-02-08T11:52:30, 7329.44444444, 0, 0, 0 
2015-02-08T11:57:30, 7329.45070423, 0, 0, 0 
2015-02-08T12:02:30, 7329.5078125, 0, 0, 0 
2015-02-08T12:07:30, 7329.61344538, 0, 0, 0 
2015-02-08T12:12:30, 7329.50381679, 0, 0, 0 
2015-02-08T12:17:30, 7329.57692308, 0, 0, 0 
2015-02-08T12:22:30, 7329.5, 0, 0, 0 
2015-02-08T12:27:30, 7329.58333333, 0, 0, 0 
2015-02-08T12:32:30, 7329.58461538, 0, 0, 0 
2015-02-08T12:37:30, 7329.56060606, 0, 0, 0 
2015-02-08T12:42:30, 7329.51612903, 0, 0, 0 
2015-02-08T12:47:30, 7329.576, 0, 0, 0 
2015-02-08T12:52:30, 7329.62962963, 0, 0, 0 
2015-02-08T12:57:30, 7329.67741935, 0, 0, 0 
2015-02-08T13:02:30, 7329.71578947, 0, 0, 0 
2015-02-08T13:07:30, 7329.61320755, 0, 0, 0 
2015-02-08T13:12:30, 7329.59550562, 0, 0, 0 
2015-02-08T13:17:30, 7329.72131148, 0, 0, 0 
2015-02-08T13:22:30, 7329.64102564, 0, 0, 0 
2015-02-08T13:27:30, 7329.74380165, 0, 0, 0 
2015-02-08T13:32:30, 7329.72649573, 0, 0, 0 
2015-02-08T13:37:30, 7329.72222222, 0, 0, 0 
2015-02-08T13:42:30, 7329.77333333, 0, 0, 0 
2015-02-08T13:47:30, 7329.78823529, 0, 0, 0 
2015-02-08T13:52:30, 7329.83505155, 0, 0, 0 
2015-02-08T13:57:30, 7329.8, 0, 0, 0 
2015-02-08T14:02:30, 7329.84615385, 0, 0, 0 
2015-02-08T14:07:30, 7330.01282051, 0, 0, 0 
2015-02-08T14:12:30, 7329.8125, 0, 0, 0 
2015-02-08T14:17:30, 7329.94505495, 0, 0, 0 
2015-02-08T14:22:30, 7329.98837209, 0, 0, 0 
2015-02-08T14:27:30, 7330.09090909, 0, 0, 0 
2015-02-08T14:32:30, 7330.0776699, 0, 0, 0 
2015-02-08T14:37:30, 7329.94565217, 0, 0, 0 
2015-02-08T14:42:30, 7330.12941176, 0, 0, 0 
2015-02-08T14:47:30, 7330.10344828, 0, 0, 0 
2015-02-08T14:52:30, 7330.30263158, 0, 0, 0 
2015-02-08T14:57:30, 7330.26732673, 0, 0, 0 
2015-02-08T15:02:30, 7330.22105263, 0, 0, 0 
2015-02-08T15:07:30, 7330.18823529, 0, 0, 0 
2015-02-08T15:12:30, 7330.2247191, 0, 0, 0 
2015-02-08T15:17:30, 7330.1443299, 0, 0, 0 
2015-02-08T15:22:30, 7330.27659574, 0, 0, 0 
2015-02-08T15:27:30, 7330.28735632, 0, 0, 0 
2015-02-08T15:32:30, 7330.26851852, 0, 0, 0 
2015-02-08T15:37:30, 7330.2972973, 0, 0, 0 
2015-02-08T15:42:30, 7330.17977528, 0, 0, 0 
2015-02-08T15:47:30, 7330.3, 0, 0, 0 
2015-02-08T15:52:30, 7330.3125, 0, 0, 0 
2015-02-08T15:57:30, 7330.28865979, 0, 0, 0 
2015-02-08T16:02:30, 7330.23809524, 0, 0, 0 
2015-02-08T16:07:30, 7330.2826087, 0, 0, 0 
2015-02-08T16:12:30, 7330.30327869, 0, 0, 0 
2015-02-08T16:17:30, 7330.32967033, 0, 0, 0 
2015-02-08T16:22:30, 7330.37647059, 0, 0, 0 
2015-02-08T16:27:30, 7330.40677966, 0, 0, 0 
2015-02-08T16:32:30, 7330.3539823, 0, 0, 0 
2015-02-08T16:37:30, 7330.3984375, 0, 0, 0 
2015-02-08T16:42:30, 7330.39047619, 0, 0, 0 
2015-02-08T16:47:30, 7330.40625, 0, 0, 0 
2015-02-08T16:52:30, 7330.29807692, 0, 0, 0 
2015-02-08T16:57:30, 7330.40540541, 0, 0, 0 
2015-02-08T17:02:30, 7330.4159292, 0, 0, 0 
2015-02-08T17:07:30, 7330.36065574, 0, 0, 0 
2015-02-08T17:12:30, 7330.36134454, 0, 0, 0 
2015-02-08T17:17:30, 7330.34513274, 0, 0, 0 
2015-02-08T17:22:30, 7330.44852941, 0, 0, 0 
2015-02-08T17:27:30, 7330.42063492, 0, 0, 0 
2015-02-08T17:32:30, 7330.41791045, 0, 0, 0 
2015-02-08T17:37:30, 7330.38211382, 0, 0, 0 
2015-02-08T17:42:30, 7330.38095238, 0, 0, 0 
2015-02-08T17:47:30, 7330.44354839, 0, 0, 0 
2015-02-08T17:52:30, 7330.40963855, 0, 0, 0 
2015-02-08T17:57:30, 7330.38235294, 0, 0, 0 
2015-02-08T18:02:30, 7330.43434343, 0, 0, 0 
2015-02-08T18:07:30, 7330.35483871, 0, 0, 0 
2015-02-08T18:12:30, 7330.35245902, 0, 0, 0 
2015-02-08T18:17:30, 7330.4625, 0, 0, 0 
2015-02-08T18:22:30, 7330.39252336, 0, 0, 0 
2015-02-08T18:27:30, 7330.36893204, 0, 0, 0 
2015-02-08T18:32:30, 7330.38938053, 0, 0, 0 
2015-02-08T18:37:30, 7330.33673469, 0, 0, 0 
2015-02-08T18:42:30, 7330.40151515, 0, 0, 0 
2015-02-08T18:47:30, 7330.3625, 0, 0, 0 
2015-02-08T18:52:30, 7330.30555556, 0, 0, 0 
2015-02-08T18:57:30, 7330.28571429, 0, 0, 0 
2015-02-08T19:02:30, 7330.32432432, 0, 0, 0 
2015-02-08T19:07:30, 7330.37795276, 0, 0, 0 
2015-02-08T19:12:30, 7330.375, 0, 0, 0 
2015-02-08T19:17:30, 7330.47787611, 0, 0, 0 
2015-02-08T19:22:30, 7330.42735043, 0, 0, 0 
2015-02-08T19:27:30, 7330.39655172, 0, 0, 0 
2015-02-08T19:32:30, 7330.3592233, 0, 0, 0 
2015-02-08T19:37:30, 7330.35714286, 0, 0, 0 
2015-02-08T19:42:30, 7330.30769231, 0, 0, 0 
2015-02-08T19:47:30, 7330.27350427, 0, 0, 0 
2015-02-08T19:52:30, 7330.39784946, 0, 0, 0 
2015-02-08T19:57:30, 7330.23148148, 0, 0, 0 
2015-02-08T20:02:30, 7330.34567901, 0, 0, 0 
2015-02-08T20:07:30, 7330.32, 0, 0, 0 
2015-02-08T20:12:30, 7330.24705882, 0, 0, 0 
2015-02-08T20:17:30, 7330.29069767, 0, 0, 0 
2015-02-08T20:22:30, 7330.28828829, 0, 0, 0 
2015-02-08T20:27:30, 7330.40816327, 0, 0, 0 
2015-02-08T20:32:30, 7330.12631579, 0, 0, 0 
2015-02-08T20:37:30, 7330.36893204, 0, 0, 0 
2015-02-08T20:42:30, 7330.28971963, 0, 0, 0 
2015-02-08T20:47:30, 7330.2173913, 0, 0, 0 
2015-02-08T20:52:30, 7330.32989691, 0, 0, 0 
2015-02-08T20:57:30, 7330.26415094, 0, 0, 0 
2015-02-08T21:02:30, 7330.27, 0, 0, 0 
2015-02-08T21:07:30, 7330.32110092, 0, 0, 0 
2015-02-08T21:12:30, 7330.17475728, 0, 0, 0 
2015-02-08T21:17:30, 7330.26804124, 0, 0, 0 
2015-02-08T21:22:30, 7330.26966292, 0, 0, 0 
2015-02-08T21:27:30, 7330.31081081, 0, 0, 0 
2015-02-08T21:32:30, 7330.25742574, 0, 0, 0 
2015-02-08T21:37:30, 7330.30097087, 0, 0, 0 
2015-02-08T21:42:30, 7330.22988506, 0, 0, 0 
2015-02-08T21:47:30, 7330.2875, 0, 0, 0 
2015-02-08T21:52:30, 7330.19587629, 0, 0, 0 
2015-02-08T21:57:30, 7330.12087912, 0, 0, 0 
2015-02-08T22:02:30, 7330.01176471, 0, 0, 0 
2015-02-08T22:07:30, 7330.1625, 0, 0, 0 
2015-02-08T22:12:30, 7330.29347826, 0, 0, 0 
2015-02-08T22:17:30, 7330.35051546, 0, 0, 0 
2015-02-08T22:22:30, 7330.38, 0, 0, 0 
2015-02-08T22:27:30, 7330.39772727, 0, 0, 0 
2015-02-08T22:32:30, 7330.33653846, 0, 0, 0 
2015-02-08T22:37:30, 7330.29885057, 0, 0, 0 
2015-02-08T22:42:30, 7330.34343434, 0, 0, 0 
2015-02-08T22:47:30, 7330.35955056, 0, 0, 0 
2015-02-08T22:52:30, 7330.33695652, 0, 0, 0 
2015-02-08T22:57:30, 7330.32183908, 0, 0, 0 
2015-02-08T23:02:30, 7330.28915663, 0, 0, 0 
2015-02-08T23:07:30, 7330.3, 0, 0, 0 
2015-02-08T23:12:30, 7330.14634146, 0, 0, 0 
2015-02-08T23:17:30, 7330.19354839, 0, 0, 0 
2015-02-08T23:22:30, 7330.0, 0, 0, 0 
2015-02-08T23:27:30, 7329.94594595, 0, 0, 0 
2015-02-08T23:32:30, 7329.98989899, 0, 0, 0 
2015-02-08T23:37:30, 7330.0952381, 0, 0, 0 
2015-02-08T23:42:30, 7329.9875, 0, 0, 0 
2015-02-08T23:47:30, 7330.04878049, 0, 0, 0 
2015-02-08T23:52:30, 7329.89361702, 0, 0, 0 
2015-02-08T23:57:30, 7330.23376623, 0, 0, 0 
2015-02-09T00:02:30, 7330.19191919, 0, 0, 0 
2015-02-09T00:07:30, 7330.11904762, 0, 0, 0 
2015-02-09T00:12:30, 7330.18571429, 0, 0, 0 
2015-02-09T00:17:30, 7330.05882353, 0, 0, 0 
2015-02-09T00:22:30, 7330.19117647, 0, 0, 0 
2015-02-09T00:27:30, 7330.24742268, 0, 0, 0 
2015-02-09T00:32:30, 7330.18390805, 0, 0, 0 
2015-02-09T00:37:30, 7330.12087912, 0, 0, 0 
2015-02-09T00:42:30, 7330.21698113, 0, 0, 0 
2015-02-09T00:47:30, 7330.33333333, 0, 0, 0 
2015-02-09T00:52:30, 7330.375, 0, 0, 0 
2015-02-09T00:57:30, 7330.29787234, 0, 0, 0 
2015-02-09T01:02:30, 7330.30097087, 0, 0, 0 
2015-02-09T01:07:30, 7330.38961039, 0, 0, 0 
2015-02-09T01:12:30, 7330.21, 0, 0, 0 
2015-02-09T01:17:30, 7330.04123711, 0, 0, 0 
2015-02-09T01:22:30, 7330.0, 0, 0, 0 
2015-02-09T01:27:30, 7330.11688312, 0, 0, 0 
2015-02-09T01:32:30, 7330.12345679, 0, 0, 0 
2015-02-09T01:37:30, 7330.13483146, 0, 0, 0 
2015-02-09T01:42:30, 7330.21875, 0, 0, 0 
2015-02-09T01:47:30, 7330.24299065, 0, 0, 0 
2015-02-09T01:52:30, 7330.29213483, 0, 0, 0 
2015-02-09T01:57:30, 7330.33653846, 0, 0, 0 
2015-02-09T02:02:30, 7330.36363636, 0, 0, 0 
2015-02-09T02:07:30, 7330.3, 0, 0, 0 
2015-02-09T02:12:30, 7330.36842105, 0, 0, 0 
2015-02-09T02:17:30, 7330.27522936, 0, 0, 0 
2015-02-09T02:22:30, 7330.36144578, 0, 0, 0 
2015-02-09T02:27:30, 7330.32323232, 0, 0, 0 
2015-02-09T02:32:30, 7330.38383838, 0, 0, 0 
2015-02-09T02:37:30, 7330.32142857, 0, 0, 0 
2015-02-09T02:42:30, 7330.36607143, 0, 0, 0 
2015-02-09T02:47:30, 7330.39784946, 0, 0, 0 
2015-02-09T02:52:30, 7330.15662651, 0, 0, 0 
2015-02-09T02:57:30, 7330.375, 0, 0, 0 
2015-02-09T03:02:30, 7330.33, 0, 0, 0 
2015-02-09T03:07:30, 7330.33043478, 0, 0, 0 
2015-02-09T03:12:30, 7330.22680412, 0, 0, 0 
2015-02-09T03:17:30, 7330.14634146, 0, 0, 0 
2015-02-09T03:22:30, 7329.97297297, 0, 0, 0 
2015-02-09T03:27:30, 7330.10666667, 0, 0, 0 
2015-02-09T03:32:30, 7329.98529412, 0, 0, 0 
2015-02-09T03:37:30, 7330.07142857, 0, 0, 0 
2015-02-09T03:42:30, 7330.15151515, 0, 0, 0 
2015-02-09T03:47:30, 7330.08433735, 0, 0, 0 
2015-02-09T03:52:30, 7329.87912088, 0, 0, 0 
2015-02-09T03:57:30, 7329.85046729, 0, 0, 0 
2015-02-09T04:02:30, 7329.7804878, 0, 0, 0 
2015-02-09T04:07:30, 7329.76923077, 0, 0, 0 
2015-02-09T04:12:30, 7329.87012987, 0, 0, 0 
2015-02-09T04:17:30, 7329.81318681, 0, 0, 0 
2015-02-09T04:22:30, 7329.79411765, 0, 0, 0 
2015-02-09T04:27:30, 7330.14814815, 0, 0, 0 
2015-02-09T04:32:30, 7330.35051546, 0, 0, 0 
2015-02-09T04:37:30, 7330.27659574, 0, 0, 0 
2015-02-09T04:42:30, 7330.3030303, 0, 0, 0 
2015-02-09T04:47:30, 7330.31, 0, 0, 0 
2015-02-09T04:52:30, 7330.33333333, 0, 0, 0 
2015-02-09T04:57:30, 7330.41489362, 0, 0, 0 
2015-02-09T05:02:30, 7330.33333333, 0, 0, 0 
2015-02-09T05:07:30, 7330.41573034, 0, 0, 0 
2015-02-09T05:12:30, 7330.32142857, 0, 0, 0 
2015-02-09T05:17:30, 7330.35185185, 0, 0, 0 
2015-02-09T05:22:30, 7330.37168142, 0, 0, 0 
2015-02-09T05:27:30, 7330.37142857, 0, 0, 0 
2015-02-09T05:32:30, 7330.46721311, 0, 0, 0 
2015-02-09T05:37:30, 7330.375, 0, 0, 0 
2015-02-09T05:42:30, 7330.35051546, 0, 0, 0 
2015-02-09T05:47:30, 7330.28, 0, 0, 0 
2015-02-09T05:52:30, 7330.01298701, 0, 0, 0 
2015-02-09T05:57:30, 7330.08433735, 0, 0, 0 
2015-02-09T06:02:30, 7330.13333333, 0, 0, 0 
2015-02-09T06:07:30, 7330.17582418, 0, 0, 0 
2015-02-09T06:12:30, 7330.01470588, 0, 0, 0 
2015-02-09T06:17:30, 7330.02197802, 0, 0, 0 
2015-02-09T06:22:30, 7329.98591549, 0, 0, 0 
2015-02-09T06:27:30, 7329.85882353, 0, 0, 0 
2015-02-09T06:32:30, 7329.84146341, 0, 0, 0 
2015-02-09T06:37:30, 7329.97560976, 0, 0, 0 
2015-02-09T06:42:30, 7329.81578947, 0, 0, 0 
2015-02-09T06:47:30, 7329.71794872, 0, 0, 0 
2015-02-09T06:52:30, 7329.77227723, 0, 0, 0 
2015-02-09T06:57:30, 7329.79268293, 0, 0, 0 
2015-02-09T07:02:30, 7329.82954545, 0, 0, 0 
2015-02-09T07:07:30, 7329.89156627, 0, 0, 0 
2015-02-09T07:12:30, 7329.69767442, 0, 0, 0 
2015-02-09T07:17:30, 7329.67021277, 0, 0, 0 
2015-02-09T07:22:30, 7329.55752212, 0, 0, 0 
2015-02-09T07:27:30, 7329.60504202, 0, 0, 0 
2015-02-09T07:32:30, 7329.58, 0, 0, 0 
2015-02-09T07:37:30, 7329.56666667, 0, 0, 0 
2015-02-09T07:42:30, 7329.52777778, 0, 0, 0 
2015-02-09T07:47:30, 7329.56363636, 0, 0, 0 
2015-02-09T07:52:30, 7329.47727273, 0, 0, 0 
2015-02-09T07:57:30, 7329.53846154, 0, 0, 0 
2015-02-09T08:02:30, 7329.54225352, 0, 0, 0 
2015-02-09T08:07:30, 7329.58064516, 0, 0, 0 
2015-02-09T08:12:30, 7329.57983193, 0, 0, 0 
2015-02-09T08:17:30, 7329.49565217, 0, 0, 0 
2015-02-09T08:22:30, 7329.4587156, 0, 0, 0 
2015-02-09T08:27:30, 7329.5982906, 0, 0, 0 
2015-02-09T08:32:30, 7329.5390625, 0, 0, 0 
2015-02-09T08:37:30, 7329.49166667, 0, 0, 0 
2015-02-09T08:42:30, 7329.475, 0, 0, 0 
2015-02-09T08:47:30, 7329.59663866, 0, 0, 0 
2015-02-09T08:52:30, 7329.54700855, 0, 0, 0 
2015-02-09T08:57:30, 7329.55357143, 0, 0, 0 
2015-02-09T09:02:30, 7329.64444444, 0, 0, 0 
2015-02-09T09:07:30, 7329.60784314, 0, 0, 0 
2015-02-09T09:12:30, 7329.59482759, 0, 0, 0 
2015-02-09T09:17:30, 7329.50925926, 0, 0, 0 
2015-02-09T09:22:30, 7329.58490566, 0, 0, 0 
2015-02-09T09:27:30, 7329.60227273, 0, 0, 0 
2015-02-09T09:32:30, 7329.66315789, 0, 0, 0 
2015-02-09T09:37:30, 7329.5, 0, 0, 0 
2015-02-09T09:42:30, 7329.57758621, 0, 0, 0 
2015-02-09T09:47:30, 7329.49565217, 0, 0, 0 
2015-02-09T09:52:30, 7329.51818182, 0, 0, 0 
2015-02-09T09:57:30, 7329.53043478, 0, 0, 0 
2015-02-09T10:02:30, 7329.70192308, 0, 0, 0 
2015-02-09T10:07:30, 7329.69863014, 0, 0, 0 
2015-02-09T10:12:30, 7329.6875, 0, 0, 0 
2015-02-09T10:17:30, 7329.69047619, 0, 0, 0 
2015-02-09T10:22:30, 7329.66326531, 0, 0, 0 
2015-02-09T10:27:30, 7329.97402597, 0, 0, 0 
2015-02-09T10:32:30, 7330.04040404, 0, 0, 0 
2015-02-09T10:37:30, 7330.171875, 0, 0, 0 
2015-02-09T10:42:30, 7330.06024096, 0, 0, 0 
2015-02-09T10:47:30, 7330.26829268, 0, 0, 0 
2015-02-09T10:52:30, 7330.375, 0, 0, 0 
2015-02-09T10:57:30, 7330.46043165, 0, 0, 0 
2015-02-09T11:02:30, 7330.5106383, 0, 0, 0 
2015-02-09T11:07:30, 7330.51754386, 0, 0, 0 
2015-02-09T11:12:30, 7330.75862069, 0, 0, 0 
2015-02-09T11:17:30, 7331.08536585, 0, 0, 0 
2015-02-09T11:22:30, 7331.44247788, 0, 0, 0 
2015-02-09T11:27:30, 7331.57333333, 0, 0, 0 
2015-02-09T11:32:30, 7331.75903614, 0, 0, 0 
2015-02-09T11:37:30, 7331.82198953, 0, 0, 0 
2015-02-09T11:42:30, 7331.81382979, 0, 0, 0 
2015-02-09T11:47:30, 7331.975, 0, 0, 0 
2015-02-09T11:52:30, 7332.08947368, 0, 0, 0 
2015-02-09T11:57:30, 7332.33918129, 0, 0, 0 
2015-02-09T12:02:30, 7332.42635659, 0, 0, 0 
2015-02-09T12:07:30, 7332.51724138, 0, 0, 0 
2015-02-09T12:12:30, 7332.62295082, 0, 0, 0 
2015-02-09T12:17:30, 7332.73553719, 0, 0, 0 
2015-02-09T12:22:30, 7332.86138614, 0, 0, 0 
2015-02-09T12:27:30, 7332.98, 0, 0, 0 
2015-02-09T12:32:30, 7332.88, 0, 0, 0 
2015-02-09T12:37:30, 7333.04347826, 0, 0, 0 
2015-02-09T12:42:30, 7333.17045455, 0, 0, 0 
2015-02-09T12:47:30, 7333.35779817, 0, 0, 0 
2015-02-09T12:52:30, 7333.56153846, 0, 0, 0 
2015-02-09T12:57:30, 7333.6125, 0, 0, 0 
2015-02-09T13:02:30, 7333.67549669, 0, 0, 0 
2015-02-09T13:07:30, 7333.76111111, 0, 0, 0 
2015-02-09T13:12:30, 7333.80628272, 0, 0, 0 
2015-02-09T13:17:30, 7333.90306122, 0, 0, 0 
2015-02-09T13:22:30, 7334.08839779, 0, 0, 0 
2015-02-09T13:27:30, 7334.09895833, 0, 0, 0 
2015-02-09T13:32:30, 7334.21787709, 0, 0, 0 
2015-02-09T13:37:30, 7334.32544379, 0, 0, 0 
2015-02-09T13:42:30, 7334.31137725, 0, 0, 0 
2015-02-09T13:47:30, 7334.41916168, 0, 0, 0 
2015-02-09T13:52:30, 7334.47619048, 0, 0, 0 
2015-02-09T13:57:30, 7334.48888889, 0, 0, 0 
2015-02-09T14:02:30, 7334.42567568, 0, 0, 0 
2015-02-09T14:07:30, 7334.56896552, 0, 0, 0 
2015-02-09T14:12:30, 7334.73913043, 0, 0, 0 
2015-02-09T14:17:30, 7334.77118644, 0, 0, 0 
2015-02-09T14:22:30, 7334.90322581, 0, 0, 0 
2015-02-09T14:27:30, 7335.10576923, 0, 0, 0 
2015-02-09T14:32:30, 7335.13, 0, 0, 0 
2015-02-09T14:37:30, 7335.13333333, 0, 0, 0 
2015-02-09T14:42:30, 7335.26724138, 0, 0, 0 
2015-02-09T14:47:30, 7335.448, 0, 0, 0 
2015-02-09T14:52:30, 7335.49264706, 0, 0, 0 
2015-02-09T14:57:30, 7335.49350649, 0, 0, 0 
2015-02-09T15:02:30, 7335.50310559, 0, 0, 0 
2015-02-09T15:07:30, 7335.5, 0, 0, 0 
2015-02-09T15:12:30, 7335.53642384, 0, 0, 0 
2015-02-09T15:17:30, 7335.52409639, 0, 0, 0 
2015-02-09T15:22:30, 7335.60135135, 0, 0, 0 
2015-02-09T15:27:30, 7335.55633803, 0, 0, 0 
2015-02-09T15:32:30, 7335.52941176, 0, 0, 0 
2015-02-09T15:37:30, 7335.58394161, 0, 0, 0 
2015-02-09T15:42:30, 7335.53383459, 0, 0, 0 
2015-02-09T15:47:30, 7335.5648855, 0, 0, 0 
2015-02-09T15:52:30, 7335.52985075, 0, 0, 0 
2015-02-09T15:57:30, 7335.60150376, 0, 0, 0 
2015-02-09T16:02:30, 7335.55479452, 0, 0, 0 
2015-02-09T16:07:30, 7335.53383459, 0, 0, 0 
2015-02-09T16:12:30, 7335.57664234, 0, 0, 0 
2015-02-09T16:17:30, 7335.5472973, 0, 0, 0 
2015-02-09T16:22:30, 7335.53191489, 0, 0, 0 
2015-02-09T16:27:30, 7335.60169492, 0, 0, 0 
2015-02-09T16:32:30, 7335.61313869, 0, 0, 0 
2015-02-09T16:37:30, 7335.56818182, 0, 0, 0 
2015-02-09T16:42:30, 7335.76666667, 0, 0, 0 
2015-02-09T16:47:30, 7335.87272727, 0, 0, 0 
2015-02-09T16:52:30, 7336.05319149, 0, 0, 0 
2015-02-09T16:57:30, 7336.08256881, 0, 0, 0 
2015-02-09T17:02:30, 7336.01869159, 0, 0, 0 
2015-02-09T17:07:30, 7335.94392523, 0, 0, 0 
2015-02-09T17:12:30, 7335.92307692, 0, 0, 0 
2015-02-09T17:17:30, 7335.84313725, 0, 0, 0 
2015-02-09T17:22:30, 7335.77272727, 0, 0, 0 
2015-02-09T17:27:30, 7335.64492754, 0, 0, 0 
2015-02-09T17:32:30, 7335.62585034, 0, 0, 0 
2015-02-09T17:37:30, 7335.59459459, 0, 0, 0 
2015-02-09T17:42:30, 7335.52112676, 0, 0, 0 
2015-02-09T17:47:30, 7335.52, 0, 0, 0 
2015-02-09T17:52:30, 7335.50641026, 0, 0, 0 
2015-02-09T17:57:30, 7335.50359712, 0, 0, 0 
2015-02-09T18:02:30, 7335.47712418, 0, 0, 0 
2015-02-09T18:07:30, 7335.47945205, 0, 0, 0 
2015-02-09T18:12:30, 7335.46808511, 0, 0, 0 
2015-02-09T18:17:30, 7335.45945946, 0, 0, 0 
2015-02-09T18:22:30, 7335.43925234, 0, 0, 0 
2015-02-09T18:27:30, 7335.40206186, 0, 0, 0 
2015-02-09T18:32:30, 7335.20183486, 0, 0, 0 
2015-02-09T18:37:30, 7335.20754717, 0, 0, 0 
2015-02-09T18:42:30, 7335.15533981, 0, 0, 0 
2015-02-09T18:47:30, 7335.14141414, 0, 0, 0 
2015-02-09T18:52:30, 7334.88505747, 0, 0, 0 
2015-02-09T18:57:30, 7334.82644628, 0, 0, 0 
2015-02-09T19:02:30, 7334.83486239, 0, 0, 0 
2015-02-09T19:07:30, 7334.70408163, 0, 0, 0 
2015-02-09T19:12:30, 7334.81818182, 0, 0, 0 
2015-02-09T19:17:30, 7334.75757576, 0, 0, 0 
2015-02-09T19:22:30, 7334.62280702, 0, 0, 0 
2015-02-09T19:27:30, 7334.42477876, 0, 0, 0 
2015-02-09T19:32:30, 7334.51587302, 0, 0, 0 
2015-02-09T19:37:30, 7334.4379085, 0, 0, 0 
2015-02-09T19:42:30, 7334.39072848, 0, 0, 0 
2015-02-09T19:47:30, 7334.40540541, 0, 0, 0 
2015-02-09T19:52:30, 7334.45625, 0, 0, 0 
2015-02-09T19:57:30, 7334.46575342, 0, 0, 0 
2015-02-09T20:02:30, 7334.43859649, 0, 0, 0 
2015-02-09T20:07:30, 7334.36263736, 0, 0, 0 
2015-02-09T20:12:30, 7334.43292683, 0, 0, 0 
2015-02-09T20:17:30, 7334.40340909, 0, 0, 0 
2015-02-09T20:22:30, 7334.33918129, 0, 0, 0 
2015-02-09T20:27:30, 7334.41025641, 0, 0, 0 
2015-02-09T20:32:30, 7334.3452381, 0, 0, 0 
2015-02-09T20:37:30, 7334.35078534, 0, 0, 0 
2015-02-09T20:42:30, 7334.45121951, 0, 0, 0 
2015-02-09T20:47:30, 7334.35449735, 0, 0, 0 
2015-02-09T20:52:30, 7334.30857143, 0, 0, 0 
2015-02-09T20:57:30, 7334.30769231, 0, 0, 0 
2015-02-09T21:02:30, 7334.23497268, 0, 0, 0 
2015-02-09T21:07:30, 7334.3253012, 0, 0, 0 
2015-02-09T21:12:30, 7334.3030303, 0, 0, 0 
2015-02-09T21:17:30, 7334.26020408, 0, 0, 0 
2015-02-09T21:22:30, 7334.23958333, 0, 0, 0 
2015-02-09T21:27:30, 7334.2408377, 0, 0, 0 
2015-02-09T21:32:30, 7334.22994652, 0, 0, 0 
2015-02-09T21:37:30, 7334.19170984, 0, 0, 0 
2015-02-09T21:42:30, 7334.17204301, 0, 0, 0 
2015-02-09T21:47:30, 7334.16393443, 0, 0, 0 
2015-02-09T21:52:30, 7334.06965174, 0, 0, 0 
2015-02-09T21:57:30, 7334.05154639, 0, 0, 0 
2015-02-09T22:02:30, 7334.11351351, 0, 0, 0 
2015-02-09T22:07:30, 7333.99489796, 0, 0, 0 
2015-02-09T22:12:30, 7333.90721649, 0, 0, 0 
2015-02-09T22:17:30, 7333.94797688, 0, 0, 0 
2015-02-09T22:22:30, 7333.93641618, 0, 0, 0 
2015-02-09T22:27:30, 7333.9, 0, 0, 0 
2015-02-09T22:32:30, 7333.9281768, 0, 0, 0 
2015-02-09T22:37:30, 7333.90860215, 0, 0, 0 
2015-02-09T22:42:30, 7333.94818653, 0, 0, 0 
2015-02-09T22:47:30, 7333.92146597, 0, 0, 0 
2015-02-09T22:52:30, 7333.86243386, 0, 0, 0 
2015-02-09T22:57:30, 7333.9076087, 0, 0, 0 
2015-02-09T23:02:30, 7333.77906977, 0, 0, 0 
2015-02-09T23:07:30, 7334.00546448, 0, 0, 0 
2015-02-09T23:12:30, 7334.02150538, 0, 0, 0 
2015-02-09T23:17:30, 7333.95428571, 0, 0, 0 
2015-02-09T23:22:30, 7333.98857143, 0, 0, 0 
2015-02-09T23:27:30, 7333.99450549, 0, 0, 0 
2015-02-09T23:32:30, 7333.86772487, 0, 0, 0 
2015-02-09T23:37:30, 7333.83615819, 0, 0, 0 
2015-02-09T23:42:30, 7333.78494624, 0, 0, 0 
2015-02-09T23:47:30, 7333.75418994, 0, 0, 0 
2015-02-09T23:52:30, 7333.79532164, 0, 0, 0 
2015-02-09T23:57:30, 7333.79234973, 0, 0, 0 
2015-02-10T00:02:30, 7333.78285714, 0, 0, 0 
2015-02-10T00:07:30, 7333.88826816, 0, 0, 0 
2015-02-10T00:12:30, 7333.83243243, 0, 0, 0 
2015-02-10T00:17:30, 7333.78333333, 0, 0, 0 
2015-02-10T00:22:30, 7333.84971098, 0, 0, 0 
2015-02-10T00:27:30, 7333.95024876, 0, 0, 0 
2015-02-10T00:32:30, 7333.80104712, 0, 0, 0 
2015-02-10T00:37:30, 7333.86285714, 0, 0, 0 
2015-02-10T00:42:30, 7333.90217391, 0, 0, 0 
2015-02-10T00:47:30, 7333.95238095, 0, 0, 0 
2015-02-10T00:52:30, 7333.90502793, 0, 0, 0 
2015-02-10T00:57:30, 7333.88461538, 0, 0, 0 
2015-02-10T01:02:30, 7333.88059701, 0, 0, 0 
2015-02-10T01:07:30, 7333.80681818, 0, 0, 0 
2015-02-10T01:12:30, 7333.88205128, 0, 0, 0 
2015-02-10T01:17:30, 7333.85, 0, 0, 0 
2015-02-10T01:22:30, 7333.855, 0, 0, 0 
2015-02-10T01:27:30, 7333.85638298, 0, 0, 0 
2015-02-10T01:32:30, 7333.83769634, 0, 0, 0 
2015-02-10T01:37:30, 7333.86666667, 0, 0, 0 
2015-02-10T01:42:30, 7333.84102564, 0, 0, 0 
2015-02-10T01:47:30, 7333.84615385, 0, 0, 0 
2015-02-10T01:52:30, 7333.77248677, 0, 0, 0 
2015-02-10T01:57:30, 7333.81564246, 0, 0, 0 
2015-02-10T02:02:30, 7333.81609195, 0, 0, 0 
2015-02-10T02:07:30, 7333.87894737, 0, 0, 0 
2015-02-10T02:12:30, 7333.8238342, 0, 0, 0 
2015-02-10T02:17:30, 7333.88043478, 0, 0, 0 
2015-02-10T02:22:30, 7333.79274611, 0, 0, 0 
2015-02-10T02:27:30, 7333.82162162, 0, 0, 0 
2015-02-10T02:32:30, 7333.92473118, 0, 0, 0 
2015-02-10T02:37:30, 7333.91052632, 0, 0, 0 
2015-02-10T02:42:30, 7333.88324873, 0, 0, 0 
2015-02-10T02:47:30, 7333.94680851, 0, 0, 0 
2015-02-10T02:52:30, 7333.9047619, 0, 0, 0 
2015-02-10T02:57:30, 7333.91878173, 0, 0, 0 
2015-02-10T03:02:30, 7333.890625, 0, 0, 0 
2015-02-10T03:07:30, 7333.86910995, 0, 0, 0 
2015-02-10T03:12:30, 7333.94652406, 0, 0, 0 
2015-02-10T03:17:30, 7333.80729167, 0, 0, 0 
2015-02-10T03:22:30, 7333.79888268, 0, 0, 0 
2015-02-10T03:27:30, 7333.82446809, 0, 0, 0 
2015-02-10T03:32:30, 7333.9027027, 0, 0, 0 
2015-02-10T03:37:30, 7333.82758621, 0, 0, 0 
2015-02-10T03:42:30, 7333.81865285, 0, 0, 0 
2015-02-10T03:47:30, 7333.78378378, 0, 0, 0 
2015-02-10T03:52:30, 7333.78787879, 0, 0, 0 
2015-02-10T03:57:30, 7333.8071066, 0, 0, 0 
2015-02-10T04:02:30, 7333.93442623, 0, 0, 0 
2015-02-10T04:07:30, 7333.84285714, 0, 0, 0 
2015-02-10T04:12:30, 7333.74251497, 0, 0, 0 
2015-02-10T04:17:30, 7333.80110497, 0, 0, 0 
2015-02-10T04:22:30, 7333.76530612, 0, 0, 0 
2015-02-10T04:27:30, 7333.8021978, 0, 0, 0 
2015-02-10T04:32:30, 7333.73410405, 0, 0, 0 
2015-02-10T04:37:30, 7333.73184358, 0, 0, 0 
2015-02-10T04:42:30, 7333.7431694, 0, 0, 0 
2015-02-10T04:47:30, 7333.66292135, 0, 0, 0 
2015-02-10T04:52:30, 7333.7245509, 0, 0, 0 
2015-02-10T04:57:30, 7333.72282609, 0, 0, 0 
2015-02-10T05:02:30, 7333.74719101, 0, 0, 0 
2015-02-10T05:07:30, 7333.76582278, 0, 0, 0 
2015-02-10T05:12:30, 7333.72049689, 0, 0, 0 
2015-02-10T05:17:30, 7333.72043011, 0, 0, 0 
2015-02-10T05:22:30, 7333.72891566, 0, 0, 0 
2015-02-10T05:27:30, 7333.70652174, 0, 0, 0 
2015-02-10T05:32:30, 7333.67613636, 0, 0, 0 
2015-02-10T05:37:30, 7333.75, 0, 0, 0 
2015-02-10T05:42:30, 7333.64021164, 0, 0, 0 
2015-02-10T05:47:30, 7333.59876543, 0, 0, 0 
2015-02-10T05:52:30, 7333.67403315, 0, 0, 0 
2015-02-10T05:57:30, 7333.66857143, 0, 0, 0 
2015-02-10T06:02:30, 7333.71195652, 0, 0, 0 
2015-02-10T06:07:30, 7333.69811321, 0, 0, 0 
2015-02-10T06:12:30, 7333.70056497, 0, 0, 0 
2015-02-10T06:17:30, 7333.71084337, 0, 0, 0 
2015-02-10T06:22:30, 7333.63157895, 0, 0, 0 
2015-02-10T06:27:30, 7333.65945946, 0, 0, 0 
2015-02-10T06:32:30, 7333.66272189, 0, 0, 0 
2015-02-10T06:37:30, 7333.65868263, 0, 0, 0 
2015-02-10T06:42:30, 7333.63513514, 0, 0, 0 
2015-02-10T06:47:30, 7333.625, 0, 0, 0 
2015-02-10T06:52:30, 7333.59863946, 0, 0, 0 
2015-02-10T06:57:30, 7333.59574468, 0, 0, 0 
2015-02-10T07:02:30, 7333.55479452, 0, 0, 0 
2015-02-10T07:07:30, 7333.51376147, 0, 0, 0 
2015-02-10T07:12:30, 7333.53020134, 0, 0, 0 
2015-02-10T07:17:30, 7333.62043796, 0, 0, 0 
2015-02-10T07:22:30, 7333.55555556, 0, 0, 0 
2015-02-10T07:27:30, 7333.53389831, 0, 0, 0 
2015-02-10T07:32:30, 7333.48695652, 0, 0, 0 
2015-02-10T07:37:30, 7333.53968254, 0, 0, 0 
2015-02-10T07:42:30, 7333.52517986, 0, 0, 0 
2015-02-10T07:47:30, 7333.53146853, 0, 0, 0 
2015-02-10T07:52:30, 7333.41935484, 0, 0, 0 
2015-02-10T07:57:30, 7333.44444444, 0, 0, 0 
2015-02-10T08:02:30, 7333.60126582, 0, 0, 0 
2015-02-10T08:07:30, 7333.5203252, 0, 0, 0 
2015-02-10T08:12:30, 7333.55172414, 0, 0, 0 
2015-02-10T08:17:30, 7333.65217391, 0, 0, 0 
2015-02-10T08:22:30, 7333.55371901, 0, 0, 0 
2015-02-10T08:27:30, 7333.50724638, 0, 0, 0 
2015-02-10T08:32:30, 7333.49586777, 0, 0, 0 
2015-02-10T08:37:30, 7333.4789916, 0, 0, 0 
2015-02-10T08:42:30, 7333.49152542, 0, 0, 0 
2015-02-10T08:47:30, 7333.41025641, 0, 0, 0 
2015-02-10T08:52:30, 7333.50769231, 0, 0, 0 
2015-02-10T08:57:30, 7333.47244094, 0, 0, 0 
2015-02-10T09:02:30, 7333.51587302, 0, 0, 0 
2015-02-10T09:07:30, 7333.61688312, 0, 0, 0 
2015-02-10T09:12:30, 7333.60759494, 0, 0, 0 
2015-02-10T09:17:30, 7333.78333333, 0, 0, 0 
2015-02-10T09:22:30, 7333.83597884, 0, 0, 0 
2015-02-10T09:27:30, 7333.9197861, 0, 0, 0 
2015-02-10T09:32:30, 7334.12437811, 0, 0, 0 
2015-02-10T09:37:30, 7334.25, 0, 0, 0 
2015-02-10T09:42:30, 7334.38011696, 0, 0, 0 
2015-02-10T09:47:30, 7334.43382353, 0, 0, 0 
2015-02-10T09:52:30, 7334.48717949, 0, 0, 0 
2015-02-10T09:57:30, 7334.6173913, 0, 0, 0 
2015-02-10T10:02:30, 7334.64893617, 0, 0, 0 
2015-02-10T10:07:30, 7335.03092784, 0, 0, 0 
2015-02-10T10:12:30, 7334.9787234, 0, 0, 0 
2015-02-10T10:17:30, 7333.70344828, 0, 0, 0 
2015-02-10T10:22:30, 7333.67261905, 0, 0, 0 
2015-02-10T10:27:30, 7333.67682927, 0, 0, 0 
2015-02-10T10:32:30, 7333.70430108, 0, 0, 0 
2015-02-10T10:37:30, 7333.78488372, 0, 0, 0 
2015-02-10T10:42:30, 7333.93717277, 0, 0, 0 
2015-02-10T10:47:30, 7334.0, 0, 0, 0 
2015-02-10T10:52:30, 7334.04787234, 0, 0, 0 
2015-02-10T10:57:30, 7334.11167513, 0, 0, 0 
2015-02-10T11:02:30, 7334.26900585, 0, 0, 0 
2015-02-10T11:07:30, 7334.26506024, 0, 0, 0 
2015-02-10T11:12:30, 7334.47272727, 0, 0, 0 
2015-02-10T11:17:30, 7334.57258065, 0, 0, 0 
2015-02-10T11:22:30, 7334.58823529, 0, 0, 0 
2015-02-10T11:27:30, 7334.82352941, 0, 0, 0 
2015-02-10T11:32:30, 7334.70689655, 0, 0, 0 
2015-02-10T11:37:30, 7334.89622642, 0, 0, 0 
2015-02-10T11:42:30, 7334.97580645, 0, 0, 0 
2015-02-10T11:47:30, 7335.203125, 0, 0, 0 
2015-02-10T11:52:30, 7334.90654206, 0, 0, 0 
2015-02-10T11:57:30, 7335.125, 0, 0, 0 
2015-02-10T12:02:30, 7335.29577465, 0, 0, 0 
2015-02-10T12:07:30, 7335.38211382, 0, 0, 0 
2015-02-10T12:12:30, 7335.19191919, 0, 0, 0 
2015-02-10T12:17:30, 7335.30555556, 0, 0, 0 
2015-02-10T12:22:30, 7335.40944882, 0, 0, 0 
2015-02-10T12:27:30, 7335.47945205, 0, 0, 0 
2015-02-10T12:32:30, 7335.48, 0, 0, 0 
2015-02-10T12:37:30, 7335.49342105, 0, 0, 0 
2015-02-10T12:42:30, 7335.50326797, 0, 0, 0 
2015-02-10T12:47:30, 7335.46451613, 0, 0, 0 
2015-02-10T12:52:30, 7335.48201439, 0, 0, 0 
2015-02-10T12:57:30, 7335.4751773, 0, 0, 0 
2015-02-10T13:02:30, 7335.45637584, 0, 0, 0 
2015-02-10T13:07:30, 7335.51315789, 0, 0, 0 
2015-02-10T13:12:30, 7335.51875, 0, 0, 0 
2015-02-10T13:17:30, 7335.50967742, 0, 0, 0 
2015-02-10T13:22:30, 7335.52903226, 0, 0, 0 
2015-02-10T13:27:30, 7335.51428571, 0, 0, 0 
2015-02-10T13:32:30, 7335.51388889, 0, 0, 0 
2015-02-10T13:37:30, 7335.49350649, 0, 0, 0 
2015-02-10T13:42:30, 7335.50632911, 0, 0, 0 
2015-02-10T13:47:30, 7335.49693252, 0, 0, 0 
2015-02-10T13:52:30, 7335.48701299, 0, 0, 0 
2015-02-10T13:57:30, 7335.54605263, 0, 0, 0 
2015-02-10T14:02:30, 7335.52317881, 0, 0, 0 
2015-02-10T14:07:30, 7335.53793103, 0, 0, 0 
2015-02-10T14:12:30, 7335.52, 0, 0, 0 
2015-02-10T14:17:30, 7335.50641026, 0, 0, 0 
2015-02-10T14:22:30, 7335.50980392, 0, 0, 0 
2015-02-10T14:27:30, 7335.51633987, 0, 0, 0 
2015-02-10T14:32:30, 7335.50359712, 0, 0, 0 
2015-02-10T14:37:30, 7335.52, 0, 0, 0 
2015-02-10T14:42:30, 7335.56547619, 0, 0, 0 
2015-02-10T14:47:30, 7335.52597403, 0, 0, 0 
2015-02-10T14:52:30, 7335.5443038, 0, 0, 0 
2015-02-10T14:57:30, 7335.59375, 0, 0, 0 
2015-02-10T15:02:30, 7335.54285714, 0, 0, 0 
2015-02-10T15:07:30, 7335.53020134, 0, 0, 0 
2015-02-10T15:12:30, 7335.55828221, 0, 0, 0 
2015-02-10T15:17:30, 7335.52447552, 0, 0, 0 
2015-02-10T15:22:30, 7335.5035461, 0, 0, 0 
2015-02-10T15:27:30, 7335.54421769, 0, 0, 0 
2015-02-10T15:32:30, 7335.54268293, 0, 0, 0 
2015-02-10T15:37:30, 7335.55696203, 0, 0, 0 
2015-02-10T15:42:30, 7335.50993377, 0, 0, 0 
2015-02-10T15:47:30, 7335.54901961, 0, 0, 0 
2015-02-10T15:52:30, 7335.52229299, 0, 0, 0 
2015-02-10T15:57:30, 7335.54605263, 0, 0, 0 
2015-02-10T16:02:30, 7335.53289474, 0, 0, 0 
2015-02-10T16:07:30, 7335.52348993, 0, 0, 0 
2015-02-10T16:12:30, 7335.62068966, 0, 0, 0 
2015-02-10T16:17:30, 7335.56164384, 0, 0, 0 
2015-02-10T16:22:30, 7335.67460317, 0, 0, 0 
2015-02-10T16:27:30, 7335.56716418, 0, 0, 0 
2015-02-10T16:32:30, 7335.67375887, 0, 0, 0 
2015-02-10T16:37:30, 7335.62745098, 0, 0, 0 
2015-02-10T16:42:30, 7335.63970588, 0, 0, 0 
2015-02-10T16:47:30, 7335.64748201, 0, 0, 0 
2015-02-10T16:52:30, 7335.55491329, 0, 0, 0 
2015-02-10T16:57:30, 7335.66412214, 0, 0, 0 
2015-02-10T17:02:30, 7335.60150376, 0, 0, 0 
2015-02-10T17:07:30, 7335.625, 0, 0, 0 
2015-02-10T17:12:30, 7335.53521127, 0, 0, 0 
2015-02-10T17:17:30, 7335.51633987, 0, 0, 0 
2015-02-10T17:22:30, 7335.50649351, 0, 0, 0 
2015-02-10T17:27:30, 7335.51923077, 0, 0, 0 
2015-02-10T17:32:30, 7335.48993289, 0, 0, 0 
2015-02-10T17:37:30, 7335.5035461, 0, 0, 0 
2015-02-10T17:42:30, 7335.55414013, 0, 0, 0 
2015-02-10T17:47:30, 7335.52229299, 0, 0, 0 
2015-02-10T17:52:30, 7335.55333333, 0, 0, 0 
2015-02-10T17:57:30, 7335.51592357, 0, 0, 0 
2015-02-10T18:02:30, 7335.51020408, 0, 0, 0 
2015-02-10T18:07:30, 7335.52597403, 0, 0, 0 
2015-02-10T18:12:30, 7335.4625, 0, 0, 0 
2015-02-10T18:17:30, 7335.54887218, 0, 0, 0 
2015-02-10T18:22:30, 7335.45751634, 0, 0, 0 
2015-02-10T18:27:30, 7335.50694444, 0, 0, 0 
2015-02-10T18:32:30, 7335.44370861, 0, 0, 0 
2015-02-10T18:37:30, 7335.50684932, 0, 0, 0 
2015-02-10T18:42:30, 7335.44966443, 0, 0, 0 
2015-02-10T18:47:30, 7335.40909091, 0, 0, 0 
2015-02-10T18:52:30, 7335.44202899, 0, 0, 0 
2015-02-10T18:57:30, 7335.42580645, 0, 0, 0 
2015-02-10T19:02:30, 7335.48, 0, 0, 0 
2015-02-10T19:07:30, 7335.41721854, 0, 0, 0 
2015-02-10T19:12:30, 7335.44347826, 0, 0, 0 
2015-02-10T19:17:30, 7335.27777778, 0, 0, 0 
2015-02-10T19:22:30, 7335.375, 0, 0, 0 
2015-02-10T19:27:30, 7335.453125, 0, 0, 0 
2015-02-10T19:32:30, 7335.4028777, 0, 0, 0 
2015-02-10T19:37:30, 7335.43442623, 0, 0, 0 
2015-02-10T19:42:30, 7335.376, 0, 0, 0 
2015-02-10T19:47:30, 7335.35433071, 0, 0, 0 
2015-02-10T19:52:30, 7335.37272727, 0, 0, 0 
2015-02-10T19:57:30, 7335.29230769, 0, 0, 0 
2015-02-10T20:02:30, 7335.248, 0, 0, 0 
2015-02-10T20:07:30, 7335.12844037, 0, 0, 0 
2015-02-10T20:12:30, 7335.18584071, 0, 0, 0 
2015-02-10T20:17:30, 7335.2231405, 0, 0, 0 
2015-02-10T20:22:30, 7335.11538462, 0, 0, 0 
2015-02-10T20:27:30, 7335.27102804, 0, 0, 0 
2015-02-10T20:32:30, 7335.17272727, 0, 0, 0 
2015-02-10T20:37:30, 7335.14503817, 0, 0, 0 
2015-02-10T20:42:30, 7335.01754386, 0, 0, 0 
2015-02-10T20:47:30, 7335.03539823, 0, 0, 0 
2015-02-10T20:52:30, 7334.94915254, 0, 0, 0 
2015-02-10T20:57:30, 7335.0, 0, 0, 0 
2015-02-10T21:02:30, 7335.04065041, 0, 0, 0 
2015-02-10T21:07:30, 7335.02898551, 0, 0, 0 
2015-02-10T21:12:30, 7335.05882353, 0, 0, 0 
2015-02-10T21:17:30, 7334.91735537, 0, 0, 0 
2015-02-10T21:22:30, 7335.00943396, 0, 0, 0 
2015-02-10T21:27:30, 7335.00952381, 0, 0, 0 
2015-02-10T21:32:30, 7335.01941748, 0, 0, 0 
2015-02-10T21:37:30, 7334.94915254, 0, 0, 0 
2015-02-10T21:42:30, 7334.925, 0, 0, 0 
2015-02-10T21:47:30, 7334.953125, 0, 0, 0 
2015-02-10T21:52:30, 7334.96938776, 0, 0, 0 
2015-02-10T21:57:30, 7334.86614173, 0, 0, 0 
2015-02-10T22:02:30, 7334.82644628, 0, 0, 0 
2015-02-10T22:07:30, 7334.81578947, 0, 0, 0 
2015-02-10T22:12:30, 7334.74603175, 0, 0, 0 
2015-02-10T22:17:30, 7334.6147541, 0, 0, 0 
2015-02-10T22:22:30, 7334.58139535, 0, 0, 0 
2015-02-10T22:27:30, 7334.66964286, 0, 0, 0 
2015-02-10T22:32:30, 7334.59649123, 0, 0, 0 
2015-02-10T22:37:30, 7334.57777778, 0, 0, 0 
2015-02-10T22:42:30, 7334.64492754, 0, 0, 0 
2015-02-10T22:47:30, 7334.59259259, 0, 0, 0 
2015-02-10T22:52:30, 7334.56551724, 0, 0, 0 
2015-02-10T22:57:30, 7334.62237762, 0, 0, 0 
2015-02-10T23:02:30, 7334.52985075, 0, 0, 0 
2015-02-10T23:07:30, 7334.49032258, 0, 0, 0 
2015-02-10T23:12:30, 7334.52702703, 0, 0, 0 
2015-02-10T23:17:30, 7334.59259259, 0, 0, 0 
2015-02-10T23:22:30, 7334.50735294, 0, 0, 0 
2015-02-10T23:27:30, 7334.5, 0, 0, 0 
2015-02-10T23:32:30, 7334.42405063, 0, 0, 0 
2015-02-10T23:37:30, 7334.58333333, 0, 0, 0 
2015-02-10T23:42:30, 7334.45283019, 0, 0, 0 
2015-02-10T23:47:30, 7334.42647059, 0, 0, 0 
2015-02-10T23:52:30, 7334.45806452, 0, 0, 0 
2015-02-10T23:57:30, 7334.49068323, 0, 0, 0 
2015-02-11T00:02:30, 7334.43055556, 0, 0, 0 
2015-02-11T00:07:30, 7334.42771084, 0, 0, 0 
2015-02-11T00:12:30, 7334.41216216, 0, 0, 0 
2015-02-11T00:17:30, 7334.41358025, 0, 0, 0 
2015-02-11T00:22:30, 7334.39053254, 0, 0, 0 
2015-02-11T00:27:30, 7334.43421053, 0, 0, 0 
2015-02-11T00:32:30, 7334.40243902, 0, 0, 0 
2015-02-11T00:37:30, 7334.37426901, 0, 0, 0 
2015-02-11T00:42:30, 7334.45348837, 0, 0, 0 
2015-02-11T00:47:30, 7334.38764045, 0, 0, 0 
2015-02-11T00:52:30, 7334.31288344, 0, 0, 0 
2015-02-11T00:57:30, 7334.41558442, 0, 0, 0 
2015-02-11T01:02:30, 7334.40251572, 0, 0, 0 
2015-02-11T01:07:30, 7334.32022472, 0, 0, 0 
2015-02-11T01:12:30, 7334.36538462, 0, 0, 0 
2015-02-11T01:17:30, 7334.38650307, 0, 0, 0 
2015-02-11T01:22:30, 7334.21387283, 0, 0, 0 
2015-02-11T01:27:30, 7334.19791667, 0, 0, 0 
2015-02-11T01:32:30, 7334.17647059, 0, 0, 0 
2015-02-11T01:37:30, 7334.13978495, 0, 0, 0 
2015-02-11T01:42:30, 7334.16129032, 0, 0, 0 
2015-02-11T01:47:30, 7334.13131313, 0, 0, 0 
2015-02-11T01:52:30, 7334.23350254, 0, 0, 0 
2015-02-11T01:57:30, 7334.21827411, 0, 0, 0 
2015-02-11T02:02:30, 7334.25365854, 0, 0, 0 
2015-02-11T02:07:30, 7334.16582915, 0, 0, 0 
2015-02-11T02:12:30, 7334.16022099, 0, 0, 0 
2015-02-11T02:17:30, 7334.12886598, 0, 0, 0 
2015-02-11T02:22:30, 7333.99456522, 0, 0, 0 
2015-02-11T02:27:30, 7334.19072165, 0, 0, 0 
2015-02-11T02:32:30, 7334.18041237, 0, 0, 0 
2015-02-11T02:37:30, 7334.28729282, 0, 0, 0 
2015-02-11T02:42:30, 7334.14285714, 0, 0, 0 
2015-02-11T02:47:30, 7334.20571429, 0, 0, 0 
2015-02-11T02:52:30, 7334.18023256, 0, 0, 0 
2015-02-11T02:57:30, 7334.18131868, 0, 0, 0 
2015-02-11T03:02:30, 7334.23979592, 0, 0, 0 
2015-02-11T03:07:30, 7334.1865285, 0, 0, 0 
2015-02-11T03:12:30, 7334.08648649, 0, 0, 0 
2015-02-11T03:17:30, 7334.12429379, 0, 0, 0 
2015-02-11T03:22:30, 7334.13218391, 0, 0, 0 
2015-02-11T03:27:30, 7334.09793814, 0, 0, 0 
2015-02-11T03:32:30, 7334.06735751, 0, 0, 0 
2015-02-11T03:37:30, 7334.06217617, 0, 0, 0 
2015-02-11T03:42:30, 7334.085, 0, 0, 0 
2015-02-11T03:47:30, 7334.04301075, 0, 0, 0 
2015-02-11T03:52:30, 7334.08648649, 0, 0, 0 
2015-02-11T03:57:30, 7334.035, 0, 0, 0 
2015-02-11T04:02:30, 7334.02150538, 0, 0, 0 
2015-02-11T04:07:30, 7334.13114754, 0, 0, 0 
2015-02-11T04:12:30, 7334.06103286, 0, 0, 0 
2015-02-11T04:17:30, 7334.109375, 0, 0, 0 
2015-02-11T04:22:30, 7334.11165049, 0, 0, 0 
2015-02-11T04:27:30, 7334.02061856, 0, 0, 0 
2015-02-11T04:32:30, 7334.00490196, 0, 0, 0 
2015-02-11T04:37:30, 7333.90430622, 0, 0, 0 
2015-02-11T04:42:30, 7333.92346939, 0, 0, 0 
2015-02-11T04:47:30, 7333.94240838, 0, 0, 0 
2015-02-11T04:52:30, 7333.91282051, 0, 0, 0 
2015-02-11T04:57:30, 7333.93085106, 0, 0, 0 
2015-02-11T05:02:30, 7333.93627451, 0, 0, 0 
2015-02-11T05:07:30, 7333.95, 0, 0, 0 
2015-02-11T05:12:30, 7333.8952381, 0, 0, 0 
2015-02-11T05:17:30, 7333.95876289, 0, 0, 0 
2015-02-11T05:22:30, 7333.95187166, 0, 0, 0 
2015-02-11T05:27:30, 7333.94554455, 0, 0, 0 
2015-02-11T05:32:30, 7333.95714286, 0, 0, 0 
2015-02-11T05:37:30, 7333.92222222, 0, 0, 0 
2015-02-11T05:42:30, 7333.91836735, 0, 0, 0 
2015-02-11T05:47:30, 7333.815, 0, 0, 0 
2015-02-11T05:52:30, 7333.98522167, 0, 0, 0 
2015-02-11T05:57:30, 7333.88888889, 0, 0, 0 
2015-02-11T06:02:30, 7333.94358974, 0, 0, 0 
2015-02-11T06:07:30, 7333.90217391, 0, 0, 0 
2015-02-11T06:12:30, 7333.88709677, 0, 0, 0 
2015-02-11T06:17:30, 7333.90909091, 0, 0, 0 
2015-02-11T06:22:30, 7333.91370558, 0, 0, 0 
2015-02-11T06:27:30, 7333.75129534, 0, 0, 0 
2015-02-11T06:32:30, 7333.77900552, 0, 0, 0 
2015-02-11T06:37:30, 7333.76923077, 0, 0, 0 
2015-02-11T06:42:30, 7333.74033149, 0, 0, 0 
2015-02-11T06:47:30, 7333.77835052, 0, 0, 0 
2015-02-11T06:52:30, 7333.74860335, 0, 0, 0 
2015-02-11T06:57:30, 7333.60795455, 0, 0, 0 
2015-02-11T07:02:30, 7333.62427746, 0, 0, 0 
2015-02-11T07:07:30, 7333.55405405, 0, 0, 0 
2015-02-11T07:12:30, 7333.5, 0, 0, 0 
2015-02-11T07:17:30, 7333.66878981, 0, 0, 0 
2015-02-11T07:22:30, 7333.55072464, 0, 0, 0 
2015-02-11T07:27:30, 7333.53488372, 0, 0, 0 
2015-02-11T07:32:30, 7333.54263566, 0, 0, 0 
2015-02-11T07:37:30, 7333.57236842, 0, 0, 0 
2015-02-11T07:42:30, 7333.56129032, 0, 0, 0 
2015-02-11T07:47:30, 7333.53947368, 0, 0, 0 
2015-02-11T07:52:30, 7333.52238806, 0, 0, 0 
2015-02-11T07:57:30, 7333.4676259, 0, 0, 0 
2015-02-11T08:02:30, 7333.31531532, 0, 0, 0 
2015-02-11T08:07:30, 7333.2815534, 0, 0, 0 
2015-02-11T08:12:30, 7333.30833333, 0, 0, 0 
2015-02-11T08:17:30, 7332.92920354, 0, 0, 0 
2015-02-11T08:22:30, 7333.07843137, 0, 0, 0 
2015-02-11T08:27:30, 7332.94252874, 0, 0, 0 
2015-02-11T08:32:30, 7333.11956522, 0, 0, 0 
2015-02-11T08:37:30, 7333.17647059, 0, 0, 0 
2015-02-11T08:42:30, 7333.04464286, 0, 0, 0 
2015-02-11T08:47:30, 7333.19387755, 0, 0, 0 
2015-02-11T08:52:30, 7333.41129032, 0, 0, 0 
2015-02-11T08:57:30, 7333.34677419, 0, 0, 0 
2015-02-11T09:02:30, 7333.4, 0, 0, 0 
2015-02-11T09:07:30, 7333.19491525, 0, 0, 0 
2015-02-11T09:12:30, 7333.14457831, 0, 0, 0 
2015-02-11T09:17:30, 7332.97457627, 0, 0, 0 
2015-02-11T09:22:30, 7332.88709677, 0, 0, 0 
2015-02-11T09:27:30, 7332.90654206, 0, 0, 0 
2015-02-11T09:32:30, 7332.98245614, 0, 0, 0 
2015-02-11T09:37:30, 7333.17213115, 0, 0, 0 
2015-02-11T09:42:30, 7333.44615385, 0, 0, 0 
2015-02-11T09:47:30, 7333.45384615, 0, 0, 0 
2015-02-11T09:52:30, 7333.41891892, 0, 0, 0 
2015-02-11T09:57:30, 7333.67924528, 0, 0, 0 
2015-02-11T10:02:30, 7333.71686747, 0, 0, 0 
2015-02-11T10:07:30, 5786.4601227, 0, 0, 0 
2015-02-11T10:12:30, 4213.01785714, 0, 0, 0 
2015-02-11T10:17:30, 4197.15697674, 0, 0, 0 
2015-02-11T10:22:30, 4196.82840237, 0, 0, 0 
2015-02-11T10:27:30, 4196.65868263, 0, 0, 0 
2015-02-11T10:32:30, 4196.64052288, 0, 0, 0 
2015-02-11T10:37:30, 4196.62091503, 0, 0, 0 
2015-02-11T10:42:30, 4196.60869565, 0, 0, 0 
2015-02-11T10:47:30, 4196.61111111, 0, 0, 0 
2015-02-11T10:52:30, 4196.56934307, 0, 0, 0 
2015-02-11T10:57:30, 4196.52671756, 0, 0, 0 
2015-02-11T11:02:30, 4196.49074074, 0, 0, 0 
2015-02-11T11:07:30, 4196.52727273, 0, 0, 0 
2015-02-11T11:12:30, 4196.53097345, 0, 0, 0 
2015-02-11T11:17:30, 4196.52830189, 0, 0, 0 
2015-02-11T11:22:30, 4196.5049505, 0, 0, 0 
2015-02-11T11:27:30, 4196.52892562, 0, 0, 0 
2015-02-11T11:32:30, 4196.53703704, 0, 0, 0 
2015-02-11T11:37:30, 4196.53535354, 0, 0, 0 
2015-02-11T11:42:30, 4196.5483871, 0, 0, 0 
2015-02-11T11:47:30, 4196.54166667, 0, 0, 0 
2015-02-11T11:52:30, 4196.51282051, 0, 0, 0 
2015-02-11T11:57:30, 4167.27272727, 0, 0, 0 
2015-02-11T12:02:30, 4092.50955414, 0, 0, 0 
2015-02-11T12:07:30, 4092.48920863, 0, 0, 0 
2015-02-11T12:12:30, 4092.44512195, 0, 0, 0 
2015-02-11T12:17:30, 4092.44295302, 0, 0, 0 
2015-02-11T12:22:30, 4092.45, 0, 0, 0 
2015-02-11T12:27:30, 4092.43624161, 0, 0, 0 
2015-02-11T12:32:30, 4092.4522293, 0, 0, 0 
2015-02-11T12:37:30, 4092.44604317, 0, 0, 0 
2015-02-11T12:42:30, 4092.46794872, 0, 0, 0 
2015-02-11T12:47:30, 4092.48175182, 0, 0, 0 
2015-02-11T12:52:30, 4092.51639344, 0, 0, 0 
2015-02-11T12:57:30, 4092.44537815, 0, 0, 0 
2015-02-11T13:02:30, 4092.5, 0, 0, 0 
2015-02-11T13:07:30, 4092.47014925, 0, 0, 0 
2015-02-11T13:12:30, 4092.46153846, 0, 0, 0 
2015-02-11T13:17:30, 4092.51145038, 0, 0, 0 
2015-02-11T13:22:30, 4092.46902655, 0, 0, 0 
2015-02-11T13:27:30, 4092.50359712, 0, 0, 0 
2015-02-11T13:32:30, 4092.5, 0, 0, 0 
2015-02-11T13:37:30, 4092.49640288, 0, 0, 0 
2015-02-11T13:42:30, 4092.5112782, 0, 0, 0 
2015-02-11T13:47:30, 4092.47826087, 0, 0, 0 
2015-02-11T13:52:30, 4092.4893617, 0, 0, 0 
2015-02-11T13:57:30, 4092.45, 0, 0, 0 
2015-02-11T14:02:30, 4092.48026316, 0, 0, 0 
2015-02-11T14:07:30, 4092.46212121, 0, 0, 0 
2015-02-11T14:12:30, 4092.44755245, 0, 0, 0 
2015-02-11T14:17:30, 4092.43089431, 0, 0, 0 
2015-02-11T14:22:30, 4092.51094891, 0, 0, 0 
2015-02-11T14:27:30, 4092.47552448, 0, 0, 0 
2015-02-11T14:32:30, 4092.47916667, 0, 0, 0 
2015-02-11T14:37:30, 4092.484375, 0, 0, 0 
2015-02-11T14:42:30, 4092.46527778, 0, 0, 0 
2015-02-11T14:47:30, 4092.45384615, 0, 0, 0 
2015-02-11T14:52:30, 4092.51111111, 0, 0, 0 
2015-02-11T14:57:30, 4092.50847458, 0, 0, 0 
2015-02-11T15:02:30, 4092.54263566, 0, 0, 0 
2015-02-11T15:07:30, 4092.53508772, 0, 0, 0 
2015-02-11T15:12:30, 4092.55357143, 0, 0, 0 
2015-02-11T15:17:30, 4092.5, 0, 0, 0 
2015-02-11T15:22:30, 4092.5042735, 0, 0, 0 
2015-02-11T15:27:30, 4092.52307692, 0, 0, 0 
2015-02-11T15:32:30, 4092.51694915, 0, 0, 0 
2015-02-11T15:37:30, 4092.47540984, 0, 0, 0 
2015-02-11T15:42:30, 4092.43801653, 0, 0, 0 
2015-02-11T15:47:30, 4092.5, 0, 0, 0 
2015-02-11T15:52:30, 4092.47857143, 0, 0, 0 
2015-02-11T15:57:30, 4092.48333333, 0, 0, 0 
2015-02-11T16:02:30, 4092.48461538, 0, 0, 0 
2015-02-11T16:07:30, 4092.47826087, 0, 0, 0 
2015-02-11T16:12:30, 4092.45038168, 0, 0, 0 
2015-02-11T16:17:30, 4092.49285714, 0, 0, 0 
2015-02-11T16:22:30, 4092.4822695, 0, 0, 0 
2015-02-11T16:27:30, 4092.47272727, 0, 0, 0 
2015-02-11T16:32:30, 4092.44594595, 0, 0, 0 
2015-02-11T16:37:30, 4092.42666667, 0, 0, 0 
2015-02-11T16:42:30, 4092.45205479, 0, 0, 0 
2015-02-11T16:47:30, 4092.43421053, 0, 0, 0 
2015-02-11T16:52:30, 4092.45751634, 0, 0, 0 
2015-02-11T16:57:30, 4092.47204969, 0, 0, 0 
2015-02-11T17:02:30, 4092.43396226, 0, 0, 0 
2015-02-11T17:07:30, 4092.43708609, 0, 0, 0 
2015-02-11T17:12:30, 4092.42857143, 0, 0, 0 
2015-02-11T17:17:30, 4092.45112782, 0, 0, 0 
2015-02-11T17:22:30, 4092.41726619, 0, 0, 0 
2015-02-11T17:27:30, 4092.40410959, 0, 0, 0 
2015-02-11T17:32:30, 4092.47402597, 0, 0, 0 
2015-02-11T17:37:30, 4092.40740741, 0, 0, 0 
2015-02-11T17:42:30, 4092.42168675, 0, 0, 0 
2015-02-11T17:47:30, 4092.40243902, 0, 0, 0 
2015-02-11T17:52:30, 4092.43274854, 0, 0, 0 
2015-02-11T17:57:30, 4092.3373494, 0, 0, 0 
2015-02-11T18:02:30, 4092.44217687, 0, 0, 0 
2015-02-11T18:07:30, 4092.35795455, 0, 0, 0 
2015-02-11T18:12:30, 4092.27932961, 0, 0, 0 
2015-02-11T18:17:30, 4092.31210191, 0, 0, 0 
2015-02-11T18:22:30, 4092.28571429, 0, 0, 0 
2015-02-11T18:27:30, 4092.23636364, 0, 0, 0 
2015-02-11T18:32:30, 4092.18674699, 0, 0, 0 
2015-02-11T18:37:30, 4092.14556962, 0, 0, 0 
2015-02-11T18:42:30, 4092.13173653, 0, 0, 0 
2015-02-11T18:47:30, 4092.1910828, 0, 0, 0 
2015-02-11T18:52:30, 4092.16049383, 0, 0, 0 
2015-02-11T18:57:30, 4092.04195804, 0, 0, 0 
2015-02-11T19:02:30, 4092.0516129, 0, 0, 0 
2015-02-11T19:07:30, 4092.03571429, 0, 0, 0 
2015-02-11T19:12:30, 4092.06790123, 0, 0, 0 
2015-02-11T19:17:30, 4092.0, 0, 0, 0 
2015-02-11T19:22:30, 4092.075, 0, 0, 0 
2015-02-11T19:27:30, 4092.01764706, 0, 0, 0 
2015-02-11T19:32:30, 4092.00632911, 0, 0, 0 
2015-02-11T19:37:30, 4092.1402439, 0, 0, 0 
2015-02-11T19:42:30, 4091.96341463, 0, 0, 0 
2015-02-11T19:47:30, 4092.10843373, 0, 0, 0 
2015-02-11T19:52:30, 4091.88304094, 0, 0, 0 
2015-02-11T19:57:30, 4091.92258065, 0, 0, 0 
2015-02-11T20:02:30, 4091.93902439, 0, 0, 0 
2015-02-11T20:07:30, 4091.95138889, 0, 0, 0 
2015-02-11T20:12:30, 4091.85, 0, 0, 0 
2015-02-11T20:17:30, 4091.90909091, 0, 0, 0 
2015-02-11T20:22:30, 4091.9281768, 0, 0, 0 
2015-02-11T20:27:30, 4091.86592179, 0, 0, 0 
2015-02-11T20:32:30, 4091.86363636, 0, 0, 0 
2015-02-11T20:37:30, 4091.80113636, 0, 0, 0 
2015-02-11T20:42:30, 4091.75316456, 0, 0, 0 
2015-02-11T20:47:30, 4091.76190476, 0, 0, 0 
2015-02-11T20:52:30, 4091.79329609, 0, 0, 0 
2015-02-11T20:57:30, 4091.77514793, 0, 0, 0 
2015-02-11T21:02:30, 4091.80239521, 0, 0, 0 
2015-02-11T21:07:30, 4091.72222222, 0, 0, 0 
2015-02-11T21:12:30, 4091.68181818, 0, 0, 0 
2015-02-11T21:17:30, 4091.67272727, 0, 0, 0 
2015-02-11T21:22:30, 4091.70440252, 0, 0, 0 
2015-02-11T21:27:30, 4091.74418605, 0, 0, 0 
2015-02-11T21:32:30, 4091.68263473, 0, 0, 0 
2015-02-11T21:37:30, 4091.63522013, 0, 0, 0 
2015-02-11T21:42:30, 4091.61349693, 0, 0, 0 
2015-02-11T21:47:30, 4091.59064327, 0, 0, 0 
2015-02-11T21:52:30, 4091.54666667, 0, 0, 0 
2015-02-11T21:57:30, 4091.55629139, 0, 0, 0 
2015-02-11T22:02:30, 4091.6015625, 0, 0, 0 
2015-02-11T22:07:30, 4091.58865248, 0, 0, 0 
2015-02-11T22:12:30, 4091.54545455, 0, 0, 0 
2015-02-11T22:17:30, 4091.54814815, 0, 0, 0 
2015-02-11T22:22:30, 4091.52142857, 0, 0, 0 
2015-02-11T22:27:30, 4091.53333333, 0, 0, 0 
2015-02-11T22:32:30, 4091.54676259, 0, 0, 0 
2015-02-11T22:37:30, 4091.52348993, 0, 0, 0 
2015-02-11T22:42:30, 4091.56521739, 0, 0, 0 
2015-02-11T22:47:30, 4091.54609929, 0, 0, 0 
2015-02-11T22:52:30, 4091.56521739, 0, 0, 0 
2015-02-11T22:57:30, 4091.52592593, 0, 0, 0 
2015-02-11T23:02:30, 4091.54166667, 0, 0, 0 
2015-02-11T23:07:30, 4091.51724138, 0, 0, 0 
2015-02-11T23:12:30, 4091.48, 0, 0, 0 
2015-02-11T23:17:30, 4091.58510638, 0, 0, 0 
2015-02-11T23:22:30, 4091.50505051, 0, 0, 0 
2015-02-11T23:27:30, 4091.48888889, 0, 0, 0 
2015-02-11T23:32:30, 4091.53684211, 0, 0, 0 
2015-02-11T23:37:30, 4091.53061224, 0, 0, 0 
2015-02-11T23:42:30, 4091.52272727, 0, 0, 0 
2015-02-11T23:47:30, 4091.48, 0, 0, 0 
2015-02-11T23:52:30, 4091.52631579, 0, 0, 0 
2015-02-11T23:57:30, 4091.5, 0, 0, 0 
2015-02-12T00:02:30, 4091.5, 0, 0, 0 
2015-02-12T00:07:30, 4091.5, 0, 0, 0 
2015-02-12T00:12:30, 4091.51948052, 0, 0, 0 
2015-02-12T00:17:30, 4091.53333333, 0, 0, 0 
2015-02-12T00:22:30, 4091.5, 0, 0, 0 
2015-02-12T00:27:30, 4091.58064516, 0, 0, 0 
2015-02-12T00:32:30, 4091.52083333, 0, 0, 0 
2015-02-12T00:37:30, 4091.5037594, 0, 0, 0 
2015-02-12T00:42:30, 4091.54954955, 0, 0, 0 
2015-02-12T00:47:30, 4091.55963303, 0, 0, 0 
2015-02-12T00:52:30, 4091.53225806, 0, 0, 0 
2015-02-12T00:57:30, 4091.5326087, 0, 0, 0 
2015-02-12T01:02:30, 4091.53932584, 0, 0, 0 
2015-02-12T01:07:30, 4091.53030303, 0, 0, 0 
2015-02-12T01:12:30, 4091.43181818, 0, 0, 0 
2015-02-12T01:17:30, 4091.39393939, 0, 0, 0 
2015-02-12T01:22:30, 4091.42307692, 0, 0, 0 
2015-02-12T01:27:30, 4091.32142857, 0, 0, 0 
2015-02-12T01:32:30, 4091.49230769, 0, 0, 0 
2015-02-12T01:37:30, 4091.35714286, 0, 0, 0 
2015-02-12T01:42:30, 4091.20454545, 0, 0, 0 
2015-02-12T01:47:30, 4091.31818182, 0, 0, 0 
2015-02-12T01:52:30, 4091.38888889, 0, 0, 0 
2015-02-12T01:57:30, 4091.35294118, 0, 0, 0 
2015-02-12T02:02:30, 4091.46153846, 0, 0, 0 
2015-02-12T02:07:30, 4091.5, 0, 0, 0 
2015-02-12T02:12:30, 4091.19444444, 0, 0, 0 
2015-02-12T02:17:30, 4091.23684211, 0, 0, 0 
2015-02-12T02:22:30, 4091.19354839, 0, 0, 0 
2015-02-12T02:27:30, 4091.32258065, 0, 0, 0 
2015-02-12T02:32:30, 4091.15217391, 0, 0, 0 
2015-02-12T02:37:30, 4091.1, 0, 0, 0 
2015-02-12T02:42:30, 4091.14705882, 0, 0, 0 
2015-02-12T02:47:30, 4091.13636364, 0, 0, 0 
2015-02-12T02:52:30, 4091.1, 0, 0, 0 
2015-02-12T02:57:30, 4091.0, 0, 0, 0 
2015-02-12T03:02:30, 4090.9375, 0, 0, 0 
2015-02-12T03:07:30, 4090.65, 0, 0, 0 
2015-02-12T03:12:30, 4090.97368421, 0, 0, 0 
2015-02-12T03:17:30, 4090.88095238, 0, 0, 0 
2015-02-12T03:22:30, 4090.88, 0, 0, 0 
2015-02-12T03:27:30, 4091.13793103, 0, 0, 0 
2015-02-12T03:32:30, 4091.11538462, 0, 0, 0 
2015-02-12T03:37:30, 4090.88888889, 0, 0, 0 
2015-02-12T03:42:30, 4091.05, 0, 0, 0 
2015-02-12T03:47:30, 4090.80769231, 0, 0, 0 
2015-02-12T03:52:30, 4090.91489362, 0, 0, 0 
2015-02-12T03:57:30, 4091.18604651, 0, 0, 0 
2015-02-12T04:02:30, 4091.0, 0, 0, 0 
2015-02-12T04:07:30, 4091.20454545, 0, 0, 0 
2015-02-12T04:12:30, 4091.11111111, 0, 0, 0 
2015-02-12T04:17:30, 4091.15517241, 0, 0, 0 
2015-02-12T04:22:30, 4091.02222222, 0, 0, 0 
2015-02-12T04:27:30, 4091.02702703, 0, 0, 0 
2015-02-12T04:32:30, 4091.19230769, 0, 0, 0 
2015-02-12T04:37:30, 4091.1, 0, 0, 0 
2015-02-12T04:42:30, 4091.03846154, 0, 0, 0 
2015-02-12T04:47:30, 4091.13157895, 0, 0, 0 
2015-02-12T04:52:30, 4090.96969697, 0, 0, 0 
2015-02-12T04:57:30, 4091.24324324, 0, 0, 0 
2015-02-12T05:02:30, 4091.125, 0, 0, 0 
2015-02-12T05:07:30, 4091.24324324, 0, 0, 0 
2015-02-12T05:12:30, 4091.11320755, 0, 0, 0 
2015-02-12T05:17:30, 4091.18181818, 0, 0, 0 
2015-02-12T05:22:30, 4091.22222222, 0, 0, 0 
2015-02-12T05:27:30, 4090.91176471, 0, 0, 0 
2015-02-12T05:32:30, 4091.21052632, 0, 0, 0 
2015-02-12T05:37:30, 4090.84782609, 0, 0, 0 
2015-02-12T05:42:30, 4090.8, 0, 0, 0 
2015-02-12T05:47:30, 4090.91836735, 0, 0, 0 
2015-02-12T05:52:30, 4090.97777778, 0, 0, 0 
2015-02-12T05:57:30, 4091.15384615, 0, 0, 0 
2015-02-12T06:02:30, 4090.97777778, 0, 0, 0 
2015-02-12T06:07:30, 4091.02173913, 0, 0, 0 
2015-02-12T06:12:30, 4091.02631579, 0, 0, 0 
2015-02-12T06:17:30, 4091.27777778, 0, 0, 0 
2015-02-12T06:22:30, 4091.28571429, 0, 0, 0 
2015-02-12T06:27:30, 4091.23728814, 0, 0, 0 
2015-02-12T06:32:30, 4091.2, 0, 0, 0 
2015-02-12T06:37:30, 4091.18965517, 0, 0, 0 
2015-02-12T06:42:30, 4091.08333333, 0, 0, 0 
2015-02-12T06:47:30, 4091.17142857, 0, 0, 0 
2015-02-12T06:52:30, 4091.16216216, 0, 0, 0 
2015-02-12T06:57:30, 4091.06122449, 0, 0, 0 
2015-02-12T07:02:30, 4091.18518519, 0, 0, 0 
2015-02-12T07:07:30, 4090.8, 0, 0, 0 
2015-02-12T07:12:30, 4091.05555556, 0, 0, 0 
2015-02-12T07:17:30, 4091.12121212, 0, 0, 0 
2015-02-12T07:22:30, 4091.16666667, 0, 0, 0 
2015-02-12T07:27:30, 4091.23333333, 0, 0, 0 
2015-02-12T07:32:30, 4091.13636364, 0, 0, 0 
2015-02-12T07:37:30, 4090.80769231, 0, 0, 0 
2015-02-12T07:42:30, 4090.91891892, 0, 0, 0 
2015-02-12T07:47:30, 4090.92105263, 0, 0, 0 
2015-02-12T07:52:30, 4090.86111111, 0, 0, 0 
2015-02-12T07:57:30, 4091.0, 0, 0, 0 
2015-02-12T08:02:30, 4090.73529412, 0, 0, 0 
2015-02-12T08:07:30, 4090.71428571, 0, 0, 0 
2015-02-12T08:12:30, 4090.75609756, 0, 0, 0 
2015-02-12T08:17:30, 4090.84090909, 0, 0, 0 
2015-02-12T08:22:30, 4090.63636364, 0, 0, 0 
2015-02-12T08:27:30, 4090.79487179, 0, 0, 0 
2015-02-12T08:32:30, 4091.025, 0, 0, 0 
2015-02-12T08:37:30, 4090.83333333, 0, 0, 0 
2015-02-12T08:42:30, 4091.1, 0, 0, 0 
2015-02-12T08:47:30, 4091.02380952, 0, 0, 0 
2015-02-12T08:52:30, 4090.95348837, 0, 0, 0 
2015-02-12T08:57:30, 4090.97368421, 0, 0, 0 
2015-02-12T09:02:30, 4091.03448276, 0, 0, 0 
2015-02-12T09:07:30, 4091.19230769, 0, 0, 0 
2015-02-12T09:12:30, 4090.925, 0, 0, 0 
2015-02-12T09:17:30, 4091.19444444, 0, 0, 0 
2015-02-12T09:22:30, 4091.23333333, 0, 0, 0 
2015-02-12T09:27:30, 4091.09302326, 0, 0, 0 
2015-02-12T09:32:30, 4090.97058824, 0, 0, 0 
2015-02-12T09:37:30, 4091.05555556, 0, 0, 0 
2015-02-12T09:42:30, 4091.14285714, 0, 0, 0 
2015-02-12T09:47:30, 4091.21875, 0, 0, 0 
2015-02-12T09:52:30, 4091.0, 0, 0, 0 
2015-02-12T09:57:30, 4091.05263158, 0, 0, 0 
2015-02-12T10:02:30, 4090.88461538, 0, 0, 0 
2015-02-12T10:07:30, 4090.85, 0, 0, 0 
2015-02-12T10:12:30, 4090.9375, 0, 0, 0 
2015-02-12T10:17:30, 4091.16666667, 0, 0, 0 
2015-02-12T10:22:30, 4091.2195122, 0, 0, 0 
2015-02-12T10:27:30, 4091.05882353, 0, 0, 0 
2015-02-12T10:32:30, 4091.1, 0, 0, 0 
2015-02-12T10:37:30, 4091.28571429, 0, 0, 0 
2015-02-12T10:42:30, 4091.33333333, 0, 0, 0 
2015-02-12T10:47:30, 4091.07142857, 0, 0, 0 
2015-02-12T10:52:30, 4091.23809524, 0, 0, 0 
2015-02-12T10:57:30, 4091.23684211, 0, 0, 0 
2015-02-12T11:02:30, 4091.22222222, 0, 0, 0 
2015-02-12T11:07:30, 4091.40677966, 0, 0, 0 
2015-02-12T11:12:30, 4091.46153846, 0, 0, 0 
2015-02-12T11:17:30, 4091.35849057, 0, 0, 0 
2015-02-12T11:22:30, 4091.32835821, 0, 0, 0 
2015-02-12T11:27:30, 4091.37704918, 0, 0, 0 
2015-02-12T11:32:30, 4091.375, 0, 0, 0 
2015-02-12T11:37:30, 4091.46296296, 0, 0, 0 
2015-02-12T11:42:30, 4091.22972973, 0, 0, 0 
2015-02-12T11:47:30, 4091.5, 0, 0, 0 
2015-02-12T11:52:30, 4091.5, 0, 0, 0 
2015-02-12T11:57:30, 3994.72619048, 0, 0, 0 
2015-02-12T12:02:30, 4020.69230769, 0, 0, 0 
2015-02-12T12:07:30, 4020.66129032, 0, 0, 0 
2015-02-12T12:12:30, 4020.81481481, 0, 0, 0 
2015-02-12T12:17:30, 4020.71621622, 0, 0, 0 
2015-02-12T12:22:30, 4020.75, 0, 0, 0 
2015-02-12T12:27:30, 4020.63157895, 0, 0, 0 
2015-02-12T12:32:30, 4020.73214286, 0, 0, 0 
2015-02-12T12:37:30, 4020.59677419, 0, 0, 0 
2015-02-12T12:42:30, 4020.63793103, 0, 0, 0 
2015-02-12T12:47:30, 4020.55769231, 0, 0, 0 
2015-02-12T12:52:30, 4020.64705882, 0, 0, 0 
2015-02-12T12:57:30, 4020.75757576, 0, 0, 0 
2015-02-12T13:02:30, 4020.66153846, 0, 0, 0 
2015-02-12T13:07:30, 4020.64285714, 0, 0, 0 
2015-02-12T13:12:30, 4020.55714286, 0, 0, 0 
2015-02-12T13:17:30, 4020.70149254, 0, 0, 0 
2015-02-12T13:22:30, 4020.6779661, 0, 0, 0 
2015-02-12T13:27:30, 4020.69354839, 0, 0, 0 
2015-02-12T13:32:30, 4020.75510204, 0, 0, 0 
2015-02-12T13:37:30, 4020.86538462, 0, 0, 0 
2015-02-12T13:42:30, 4020.92857143, 0, 0, 0 
2015-02-12T13:47:30, 4021.25581395, 0, 0, 0 
2015-02-12T13:52:30, 4021.11538462, 0, 0, 0 
2015-02-12T13:57:30, 4021.11764706, 0, 0, 0 
2015-02-12T14:02:30, 4021.47457627, 0, 0, 0 
2015-02-12T14:07:30, 4021.2972973, 0, 0, 0 
2015-02-12T14:12:30, 4021.32075472, 0, 0, 0 
2015-02-12T14:17:30, 4021.34146341, 0, 0, 0 
2015-02-12T14:22:30, 4021.35294118, 0, 0, 0 
2015-02-12T14:27:30, 4021.17391304, 0, 0, 0 
2015-02-12T14:32:30, 4021.31944444, 0, 0, 0 
2015-02-12T14:37:30, 4021.36708861, 0, 0, 0 
2015-02-12T14:42:30, 4021.47368421, 0, 0, 0 
2015-02-12T14:47:30, 4021.48809524, 0, 0, 0 
2015-02-12T14:52:30, 4021.51886792, 0, 0, 0 
2015-02-12T14:57:30, 4021.55172414, 0, 0, 0 
2015-02-12T15:02:30, 4021.45238095, 0, 0, 0 
2015-02-12T15:07:30, 4021.51041667, 0, 0, 0 
2015-02-12T15:12:30, 4021.47826087, 0, 0, 0 
2015-02-12T15:17:30, 4021.47959184, 0, 0, 0 
2015-02-12T15:22:30, 4021.51086957, 0, 0, 0 
2015-02-12T15:27:30, 4021.56122449, 0, 0, 0 
2015-02-12T15:32:30, 4021.52747253, 0, 0, 0 
2015-02-12T15:37:30, 4021.54901961, 0, 0, 0 
2015-02-12T15:42:30, 4021.56701031, 0, 0, 0 
2015-02-12T15:47:30, 4021.51376147, 0, 0, 0 
2015-02-12T15:52:30, 4021.5, 0, 0, 0 
2015-02-12T15:57:30, 4021.57, 0, 0, 0 
2015-02-12T16:02:30, 4021.5462963, 0, 0, 0 
2015-02-12T16:07:30, 4021.4957265, 0, 0, 0 
2015-02-12T16:12:30, 4021.51376147, 0, 0, 0 
2015-02-12T16:17:30, 4021.51376147, 0, 0, 0 
2015-02-12T16:22:30, 4021.51376147, 0, 0, 0 
2015-02-12T16:27:30, 4021.6557377, 0, 0, 0 
2015-02-12T16:32:30, 4021.57988166, 0, 0, 0 
2015-02-12T16:37:30, 4021.52702703, 0, 0, 0 
2015-02-12T16:42:30, 4021.55633803, 0, 0, 0 
2015-02-12T16:47:30, 4021.55555556, 0, 0, 0 
2015-02-12T16:52:30, 4021.5, 0, 0, 0 
2015-02-12T16:57:30, 4021.55797101, 0, 0, 0 
2015-02-12T17:02:30, 4021.53623188, 0, 0, 0 
2015-02-12T17:07:30, 4021.59574468, 0, 0, 0 
2015-02-12T17:12:30, 4021.5390625, 0, 0, 0 
2015-02-12T17:17:30, 4021.54545455, 0, 0, 0 
2015-02-12T17:22:30, 4021.56818182, 0, 0, 0 
2015-02-12T17:27:30, 4021.54794521, 0, 0, 0 
2015-02-12T17:32:30, 4021.56603774, 0, 0, 0 
2015-02-12T17:37:30, 4021.56849315, 0, 0, 0 
2015-02-12T17:42:30, 4021.55033557, 0, 0, 0 
2015-02-12T17:47:30, 4021.54605263, 0, 0, 0 
2015-02-12T17:52:30, 4021.55714286, 0, 0, 0 
2015-02-12T17:57:30, 4021.53521127, 0, 0, 0 
2015-02-12T18:02:30, 4021.56923077, 0, 0, 0 
2015-02-12T18:07:30, 4021.51639344, 0, 0, 0 
2015-02-12T18:12:30, 4021.52112676, 0, 0, 0 
2015-02-12T18:17:30, 4021.61643836, 0, 0, 0 
2015-02-12T18:22:30, 4021.5, 0, 0, 0 
2015-02-12T18:27:30, 4021.55797101, 0, 0, 0 
2015-02-12T18:32:30, 4021.58169935, 0, 0, 0 
2015-02-12T18:37:30, 4021.55072464, 0, 0, 0 
2015-02-12T18:42:30, 4021.57241379, 0, 0, 0 
2015-02-12T18:47:30, 4021.53947368, 0, 0, 0 
2015-02-12T18:52:30, 4021.56756757, 0, 0, 0 
2015-02-12T18:57:30, 4021.55479452, 0, 0, 0 
2015-02-12T19:02:30, 4021.52083333, 0, 0, 0 
2015-02-12T19:07:30, 4021.52755906, 0, 0, 0 
2015-02-12T19:12:30, 4021.55555556, 0, 0, 0 
2015-02-12T19:17:30, 4021.57664234, 0, 0, 0 
2015-02-12T19:22:30, 4021.58666667, 0, 0, 0 
2015-02-12T19:27:30, 4021.54676259, 0, 0, 0 
2015-02-12T19:32:30, 4021.5, 0, 0, 0 
2015-02-12T19:37:30, 4021.55882353, 0, 0, 0 
2015-02-12T19:42:30, 4021.46078431, 0, 0, 0 
2015-02-12T19:47:30, 4021.51, 0, 0, 0 
2015-02-12T19:52:30, 4021.51612903, 0, 0, 0 
2015-02-12T19:57:30, 4021.50537634, 0, 0, 0 
2015-02-12T20:02:30, 4021.48039216, 0, 0, 0 
2015-02-12T20:07:30, 4021.5, 0, 0, 0 
2015-02-12T20:12:30, 4021.4787234, 0, 0, 0 
2015-02-12T20:17:30, 4021.51376147, 0, 0, 0 
2015-02-12T20:22:30, 4021.47126437, 0, 0, 0 
2015-02-12T20:27:30, 4021.55696203, 0, 0, 0 
2015-02-12T20:32:30, 4021.5, 0, 0, 0 
2015-02-12T20:37:30, 4021.4742268, 0, 0, 0 
2015-02-12T20:42:30, 4021.53773585, 0, 0, 0 
2015-02-12T20:47:30, 4021.53333333, 0, 0, 0 
2015-02-12T20:52:30, 4021.43678161, 0, 0, 0 
2015-02-12T20:57:30, 4021.51960784, 0, 0, 0 
2015-02-12T21:02:30, 4021.54054054, 0, 0, 0 
2015-02-12T21:07:30, 4021.54782609, 0, 0, 0 
2015-02-12T21:12:30, 4021.51879699, 0, 0, 0 
2015-02-12T21:17:30, 4021.51515152, 0, 0, 0 
2015-02-12T21:22:30, 4021.53921569, 0, 0, 0 
2015-02-12T21:27:30, 4021.4952381, 0, 0, 0 
2015-02-12T21:32:30, 4021.53773585, 0, 0, 0 
2015-02-12T21:37:30, 4021.51666667, 0, 0, 0 
2015-02-12T21:42:30, 4021.52, 0, 0, 0 
2015-02-12T21:47:30, 4021.5047619, 0, 0, 0 
2015-02-12T21:52:30, 4021.5625, 0, 0, 0 
2015-02-12T21:57:30, 4021.54945055, 0, 0, 0 
2015-02-12T22:02:30, 4021.45794393, 0, 0, 0 
2015-02-12T22:07:30, 4021.50485437, 0, 0, 0 
2015-02-12T22:12:30, 4021.4893617, 0, 0, 0 
2015-02-12T22:17:30, 4021.49438202, 0, 0, 0 
2015-02-12T22:22:30, 4021.46153846, 0, 0, 0 
2015-02-12T22:27:30, 4021.42045455, 0, 0, 0 
2015-02-12T22:32:30, 4021.4893617, 0, 0, 0 
2015-02-12T22:37:30, 4021.51685393, 0, 0, 0 
2015-02-12T22:42:30, 4021.49382716, 0, 0, 0 
2015-02-12T22:47:30, 4021.52040816, 0, 0, 0 
2015-02-12T22:52:30, 4021.5, 0, 0, 0 
2015-02-12T22:57:30, 4021.54166667, 0, 0, 0 
2015-02-12T23:02:30, 4021.4950495, 0, 0, 0 
2015-02-12T23:07:30, 4021.50537634, 0, 0, 0 
2015-02-12T23:12:30, 4021.47572816, 0, 0, 0 
2015-02-12T23:17:30, 4021.48863636, 0, 0, 0 
2015-02-12T23:22:30, 3879.85840708, 0, 0, 0 
2015-02-12T23:27:30, 4021.5212766, 0, 0, 0 
2015-02-12T23:32:30, 4021.48837209, 0, 0, 0 
2015-02-12T23:37:30, 4021.42857143, 0, 0, 0 
2015-02-12T23:42:30, 4021.51388889, 0, 0, 0 
2015-02-12T23:47:30, 4021.47959184, 0, 0, 0 
2015-02-12T23:52:30, 4021.51807229, 0, 0, 0 
2015-02-12T23:57:30, 4021.47252747, 0, 0, 0 
2015-02-13T00:02:30, 4021.4950495, 0, 0, 0 
2015-02-13T00:07:30, 4021.54081633, 0, 0, 0 
2015-02-13T00:12:30, 4021.49514563, 0, 0, 0 
2015-02-13T00:17:30, 4021.48245614, 0, 0, 0 
2015-02-13T00:22:30, 4021.56896552, 0, 0, 0 
2015-02-13T00:27:30, 4021.54310345, 0, 0, 0 
2015-02-13T00:32:30, 4021.55263158, 0, 0, 0 
2015-02-13T00:37:30, 4021.525, 0, 0, 0 
2015-02-13T00:42:30, 4021.61111111, 0, 0, 0 
2015-02-13T00:47:30, 4021.54135338, 0, 0, 0 
2015-02-13T00:52:30, 4021.55737705, 0, 0, 0 
2015-02-13T00:57:30, 4021.50925926, 0, 0, 0 
2015-02-13T01:02:30, 4021.54074074, 0, 0, 0 
2015-02-13T01:07:30, 4021.52336449, 0, 0, 0 
2015-02-13T01:12:30, 4021.52991453, 0, 0, 0 
2015-02-13T01:17:30, 4021.52459016, 0, 0, 0 
2015-02-13T01:22:30, 4021.5, 0, 0, 0 
2015-02-13T01:27:30, 4021.53125, 0, 0, 0 
2015-02-13T01:32:30, 4021.5, 0, 0, 0 
2015-02-13T01:37:30, 4021.52173913, 0, 0, 0 
2015-02-13T01:42:30, 4021.53703704, 0, 0, 0 
2015-02-13T01:47:30, 4021.49586777, 0, 0, 0 
2015-02-13T01:52:30, 4021.51724138, 0, 0, 0 
2015-02-13T01:57:30, 4021.53271028, 0, 0, 0 
2015-02-13T02:02:30, 4021.51886792, 0, 0, 0 
2015-02-13T02:07:30, 4021.56779661, 0, 0, 0 
2015-02-13T02:12:30, 4021.5, 0, 0, 0 
2015-02-13T02:17:30, 4021.52671756, 0, 0, 0 
2015-02-13T02:22:30, 4021.52173913, 0, 0, 0 
2015-02-13T02:27:30, 4021.54615385, 0, 0, 0 
2015-02-13T02:32:30, 4021.52991453, 0, 0, 0 
2015-02-13T02:37:30, 4021.46610169, 0, 0, 0 
2015-02-13T02:42:30, 4021.52631579, 0, 0, 0 
2015-02-13T02:47:30, 4021.49137931, 0, 0, 0 
2015-02-13T02:52:30, 4021.51968504, 0, 0, 0 
2015-02-13T02:57:30, 4021.49484536, 0, 0, 0 
2015-02-13T03:02:30, 4021.54639175, 0, 0, 0 
2015-02-13T03:07:30, 4021.52542373, 0, 0, 0 
2015-02-13T03:12:30, 4021.52380952, 0, 0, 0 
2015-02-13T03:17:30, 4021.44565217, 0, 0, 0 
2015-02-13T03:22:30, 4021.49038462, 0, 0, 0 
2015-02-13T03:27:30, 4021.5203252, 0, 0, 0 
2015-02-13T03:32:30, 4021.5203252, 0, 0, 0 
2015-02-13T03:37:30, 4021.51666667, 0, 0, 0 
2015-02-13T03:42:30, 4021.47457627, 0, 0, 0 
2015-02-13T03:47:30, 4021.55102041, 0, 0, 0 
2015-02-13T03:52:30, 4021.52991453, 0, 0, 0 
2015-02-13T03:57:30, 4021.49606299, 0, 0, 0 
2015-02-13T04:02:30, 4021.54545455, 0, 0, 0 
2015-02-13T04:07:30, 4021.51041667, 0, 0, 0 
2015-02-13T04:12:30, 4021.54098361, 0, 0, 0 
2015-02-13T04:17:30, 4021.54166667, 0, 0, 0 
2015-02-13T04:22:30, 4021.52380952, 0, 0, 0 
2015-02-13T04:27:30, 4021.4950495, 0, 0, 0 
2015-02-13T04:32:30, 4021.51515152, 0, 0, 0 
2015-02-13T04:37:30, 4021.44954128, 0, 0, 0 
2015-02-13T04:42:30, 4021.54117647, 0, 0, 0 
2015-02-13T04:47:30, 4021.44444444, 0, 0, 0 
2015-02-13T04:52:30, 4021.51851852, 0, 0, 0 
2015-02-13T04:57:30, 4021.52459016, 0, 0, 0 
2015-02-13T05:02:30, 4021.5106383, 0, 0, 0 
2015-02-13T05:07:30, 4021.51428571, 0, 0, 0 
2015-02-13T05:12:30, 4021.5326087, 0, 0, 0 
2015-02-13T05:17:30, 4021.52212389, 0, 0, 0 
2015-02-13T05:22:30, 4021.50485437, 0, 0, 0 
2015-02-13T05:27:30, 4021.53932584, 0, 0, 0 
2015-02-13T05:32:30, 4021.5, 0, 0, 0 
2015-02-13T05:37:30, 4021.50526316, 0, 0, 0 
2015-02-13T05:42:30, 4021.52475248, 0, 0, 0 
2015-02-13T05:47:30, 4021.51219512, 0, 0, 0 
2015-02-13T05:52:30, 4021.5, 0, 0, 0 
2015-02-13T05:57:30, 4021.45977011, 0, 0, 0 
2015-02-13T06:02:30, 4021.55238095, 0, 0, 0 
2015-02-13T06:07:30, 4021.51923077, 0, 0, 0 
2015-02-13T06:12:30, 4021.55752212, 0, 0, 0 
2015-02-13T06:17:30, 4021.50980392, 0, 0, 0 
2015-02-13T06:22:30, 4021.50925926, 0, 0, 0 
2015-02-13T06:27:30, 4021.5257732, 0, 0, 0 
2015-02-13T06:32:30, 4021.56842105, 0, 0, 0 
2015-02-13T06:37:30, 4021.5, 0, 0, 0 
2015-02-13T06:42:30, 4021.5, 0, 0, 0 
2015-02-13T06:47:30, 4021.50526316, 0, 0, 0 
2015-02-13T06:52:30, 4021.54117647, 0, 0, 0 
2015-02-13T06:57:30, 4021.45945946, 0, 0, 0 
2015-02-13T07:02:30, 4021.48684211, 0, 0, 0 
2015-02-13T07:07:30, 4021.46774194, 0, 0, 0 
2015-02-13T07:12:30, 3805.17307692, 0, 0, 0 
2015-02-13T07:17:30, 4014.46774194, 0, 0, 0 
2015-02-13T07:22:30, 4021.48, 0, 0, 0 
2015-02-13T07:27:30, 4021.47945205, 0, 0, 0 
2015-02-13T07:32:30, 4021.4084507, 0, 0, 0 
2015-02-13T07:37:30, 4021.45762712, 0, 0, 0 
2015-02-13T07:42:30, 4021.53125, 0, 0, 0 
2015-02-13T07:47:30, 4021.49315068, 0, 0, 0 
2015-02-13T07:52:30, 4021.43548387, 0, 0, 0 
2015-02-13T07:57:30, 4021.44285714, 0, 0, 0 
2015-02-13T08:02:30, 4021.51612903, 0, 0, 0 
2015-02-13T08:07:30, 4021.5, 0, 0, 0 
2015-02-13T08:12:30, 4021.37878788, 0, 0, 0 
2015-02-13T08:17:30, 4021.37681159, 0, 0, 0 
2015-02-13T08:22:30, 4021.46666667, 0, 0, 0 
2015-02-13T08:27:30, 4021.32608696, 0, 0, 0 
2015-02-13T08:32:30, 4020.0, 0, 0, 0 
2015-02-13T08:37:30, 4020.0, 0, 0, 0 
2015-02-13T08:42:30, 4020.0, 0, 0, 0 
2015-02-13T08:47:30, 4020.0, 0, 0, 0 
2015-02-13T08:52:30, 4020.0, 0, 0, 0 
2015-02-13T08:57:30, 4020.0, 0, 0, 0 
2015-02-13T09:02:30, 4020.0, 0, 0, 0 
2015-02-13T09:07:30, 4020.0, 0, 0, 0 
2015-02-13T09:12:30, 4020.0, 0, 0, 0 
2015-02-13T09:17:30, 4020.0, 0, 0, 0 
2015-02-13T09:22:30, 4020.0, 0, 0, 0 
2015-02-13T09:27:30, 4020.0, 0, 0, 0 
2015-02-13T09:32:30, 4020.0, 0, 0, 0 
2015-02-13T09:37:30, 4020.0, 0, 0, 0 
2015-02-13T09:42:30, 4020.0, 0, 0, 0 
2015-02-13T09:47:30, 4020.0, 0, 0, 0 
2015-02-13T09:52:30, 4020.0, 0, 0, 0 
2015-02-13T09:57:30, 4020.0, 0, 0, 0 
2015-02-13T10:02:30, 4020.0, 0, 0, 0 
2015-02-13T10:07:30, 4020.0, 0, 0, 0 
2015-02-13T10:12:30, 4020.0, 0, 0, 0 
2015-02-13T10:17:30, 4020.0, 0, 0, 0 
2015-02-13T10:22:30, 4020.0, 0, 0, 0 
2015-02-13T10:27:30, 4020.0, 0, 0, 0 
2015-02-13T10:32:30, 4020.0, 0, 0, 0 
2015-02-13T10:37:30, 4020.0, 0, 0, 0 
2015-02-13T10:42:30, 4020.0, 0, 0, 0 
2015-02-13T10:47:30, 4021.0, 0, 0, 0 
2015-02-13T10:52:30, 4021.54861111, 0, 0, 0 
2015-02-13T10:57:30, 4021.57718121, 0, 0, 0 
2015-02-13T11:02:30, 4021.58, 0, 0, 0 
2015-02-13T11:07:30, 4021.546875, 0, 0, 0 
2015-02-13T11:12:30, 4021.62, 0, 0, 0 
2015-02-13T11:17:30, 4021.56, 0, 0, 0 
2015-02-13T11:22:30, 4021.57232704, 0, 0, 0 
2015-02-13T11:27:30, 4021.61676647, 0, 0, 0 
2015-02-13T11:32:30, 4021.59281437, 0, 0, 0 
2015-02-13T11:37:30, 4021.60689655, 0, 0, 0 
2015-02-13T11:42:30, 4021.59493671, 0, 0, 0 
2015-02-13T11:47:30, 4021.61212121, 0, 0, 0 
2015-02-13T11:52:30, 4021.69078947, 0, 0, 0 
2015-02-13T11:57:30, 4021.75268817, 0, 0, 0 
2015-02-13T12:02:30, 4021.63690476, 0, 0, 0 
2015-02-13T12:07:30, 4021.75257732, 0, 0, 0 
2015-02-13T12:12:30, 4021.76836158, 0, 0, 0 
2015-02-13T12:17:30, 4021.66470588, 0, 0, 0 
2015-02-13T12:22:30, 4021.76608187, 0, 0, 0 
2015-02-13T12:27:30, 4021.68627451, 0, 0, 0 
2015-02-13T12:32:30, 4021.72327044, 0, 0, 0 
2015-02-13T12:37:30, 4021.7, 0, 0, 0 
2015-02-13T12:42:30, 4021.73295455, 0, 0, 0 
2015-02-13T12:47:30, 4021.7202381, 0, 0, 0 
2015-02-13T12:52:30, 3987.02649007, 0, 0, 0 
2015-02-13T12:57:30, 4021.68902439, 0, 0, 0 
2015-02-13T13:02:30, 4021.7625, 0, 0, 0 
2015-02-13T13:07:30, 4021.84713376, 0, 0, 0 
2015-02-13T13:12:30, 4021.92215569, 0, 0, 0 
2015-02-13T13:17:30, 4021.94767442, 0, 0, 0 
2015-02-13T13:22:30, 4022.03947368, 0, 0, 0 
2015-02-13T13:27:30, 4022.04268293, 0, 0, 0 
2015-02-13T13:32:30, 4022.12101911, 0, 0, 0 
2015-02-13T13:37:30, 4022.1625, 0, 0, 0 
2015-02-13T13:42:30, 4022.29012346, 0, 0, 0 
2015-02-13T13:47:30, 4022.30434783, 0, 0, 0 
2015-02-13T13:52:30, 4022.38311688, 0, 0, 0 
2015-02-13T13:57:30, 4022.30177515, 0, 0, 0 
2015-02-13T14:02:30, 4022.4301676, 0, 0, 0 
2015-02-13T14:07:30, 4022.39053254, 0, 0, 0 
2015-02-13T14:12:30, 4022.40645161, 0, 0, 0 
2015-02-13T14:17:30, 4022.43046358, 0, 0, 0 
2015-02-13T14:22:30, 4022.49342105, 0, 0, 0 
2015-02-13T14:27:30, 4022.45578231, 0, 0, 0 
2015-02-13T14:32:30, 4022.46103896, 0, 0, 0 
2015-02-13T14:37:30, 4022.47852761, 0, 0, 0 
2015-02-13T14:42:30, 4022.45890411, 0, 0, 0 
2015-02-13T14:47:30, 4022.46666667, 0, 0, 0 
2015-02-13T14:52:30, 4022.51219512, 0, 0, 0 
2015-02-13T14:57:30, 4022.45070423, 0, 0, 0 
2015-02-13T15:02:30, 4022.5, 0, 0, 0 
2015-02-13T15:07:30, 4022.504, 0, 0, 0 
2015-02-13T15:12:30, 4022.5, 0, 0, 0 
2015-02-13T15:17:30, 4022.48484848, 0, 0, 0 
2015-02-13T15:22:30, 4022.5, 0, 0, 0 
2015-02-13T15:27:30, 4080.49315068, 0, 0, 0 
2015-02-13T15:32:30, 4097.92465753, 0, 0, 0 
2015-02-13T15:37:30, 4093.64670659, 0, 0, 0 
2015-02-13T15:42:30, 4093.7037037, 0, 0, 0 
2015-02-13T15:47:30, 4093.75147929, 0, 0, 0 
2015-02-13T15:52:30, 4095.89583333, 0, 0, 0 
2015-02-13T15:57:30, 4117.36082474, 0, 0, 0 
2015-02-13T16:02:30, 4104.625, 0, 0, 0 
2015-02-13T16:07:30, 4100.17424242, 0, 0, 0 
2015-02-13T16:12:30, 4171.45070423, 0, 0, 0 
2015-02-13T16:17:30, 4197.6779661, 0, 0, 0 
2015-02-13T16:22:30, 4197.62711864, 0, 0, 0 
2015-02-13T16:27:30, 4197.63235294, 0, 0, 0 
2015-02-13T16:32:30, 4133.36, 0, 0, 0 
2015-02-13T16:37:30, 4197.72, 0, 0, 0 
2015-02-13T16:42:30, 4197.765625, 0, 0, 0 
2015-02-13T16:47:30, 4197.5, 0, 0, 0 
