# 
# Filename    : /tmp/rfq_tt_h05_ai_c.txt
# PV name     : RFQ:TT:H05:AI_C
# From        : 2015-02-06T16:45:01.158839
# To          : 2015-02-13T16:45:01.158839
# queryString : ?pv=mean_300(RFQ:TT:H05:AI_C)&from=2015-02-06T16%3A45%3A01.158839%2B09%3A00&to=2015-02-13T16%3A45%3A01.158839%2B09%3A00
# hostname    : munjipc0
# host IP     : 127.0.1.1
# 
# time, val, nanos, status, severity
2015-02-06T16:47:30, 22.7633333333, 0, 0, 0 
2015-02-06T16:52:30, 22.6973758865, 0, 0, 0 
2015-02-06T16:57:30, 22.6283802817, 0, 0, 0 
2015-02-06T17:02:30, 22.5243617021, 0, 0, 0 
2015-02-06T17:07:30, 22.4247426471, 0, 0, 0 
2015-02-06T17:12:30, 22.2471724138, 0, 0, 0 
2015-02-06T17:17:30, 22.1752430556, 0, 0, 0 
2015-02-06T17:22:30, 22.1219148936, 0, 0, 0 
2015-02-06T17:27:30, 22.0703225806, 0, 0, 0 
2015-02-06T17:32:30, 22.0183848797, 0, 0, 0 
2015-02-06T17:37:30, 21.9251428571, 0, 0, 0 
2015-02-06T17:42:30, 21.8462587413, 0, 0, 0 
2015-02-06T17:47:30, 21.7986805556, 0, 0, 0 
2015-02-06T17:52:30, 21.7503272727, 0, 0, 0 
2015-02-06T17:57:30, 21.7025964912, 0, 0, 0 
2015-02-06T18:02:30, 21.6506666667, 0, 0, 0 
2015-02-06T18:07:30, 21.5742756184, 0, 0, 0 
2015-02-06T18:12:30, 21.5118309859, 0, 0, 0 
2015-02-06T18:17:30, 21.4668292683, 0, 0, 0 
2015-02-06T18:22:30, 21.3979787234, 0, 0, 0 
2015-02-06T18:27:30, 21.34, 0, 0, 0 
2015-02-06T18:32:30, 21.2797202797, 0, 0, 0 
2015-02-06T18:37:30, 21.2400353357, 0, 0, 0 
2015-02-06T18:42:30, 21.1938078292, 0, 0, 0 
2015-02-06T18:47:30, 21.1429577465, 0, 0, 0 
2015-02-06T18:52:30, 21.0502857143, 0, 0, 0 
2015-02-06T18:57:30, 20.9969204152, 0, 0, 0 
2015-02-06T19:02:30, 20.9362454874, 0, 0, 0 
2015-02-06T19:07:30, 20.869122807, 0, 0, 0 
2015-02-06T19:12:30, 20.8185409253, 0, 0, 0 
2015-02-06T19:17:30, 20.753951049, 0, 0, 0 
2015-02-06T19:22:30, 20.6919655172, 0, 0, 0 
2015-02-06T19:27:30, 20.623745583, 0, 0, 0 
2015-02-06T19:32:30, 20.5758041958, 0, 0, 0 
2015-02-06T19:37:30, 20.5236610169, 0, 0, 0 
2015-02-06T19:42:30, 20.4599305556, 0, 0, 0 
2015-02-06T19:47:30, 20.4160899654, 0, 0, 0 
2015-02-06T19:52:30, 20.344532872, 0, 0, 0 
2015-02-06T19:57:30, 20.2967148014, 0, 0, 0 
2015-02-06T20:02:30, 20.2437894737, 0, 0, 0 
2015-02-06T20:07:30, 20.1740909091, 0, 0, 0 
2015-02-06T20:12:30, 20.1148042705, 0, 0, 0 
2015-02-06T20:17:30, 20.0751929825, 0, 0, 0 
2015-02-06T20:22:30, 20.0252595156, 0, 0, 0 
2015-02-06T20:27:30, 19.9813333333, 0, 0, 0 
2015-02-06T20:32:30, 19.915, 0, 0, 0 
2015-02-06T20:37:30, 19.8528315412, 0, 0, 0 
2015-02-06T20:42:30, 19.818442029, 0, 0, 0 
2015-02-06T20:47:30, 19.7769964664, 0, 0, 0 
2015-02-06T20:52:30, 19.7177738516, 0, 0, 0 
2015-02-06T20:57:30, 19.670326087, 0, 0, 0 
2015-02-06T21:02:30, 19.61, 0, 0, 0 
2015-02-06T21:07:30, 19.5749469965, 0, 0, 0 
2015-02-06T21:12:30, 19.5288659794, 0, 0, 0 
2015-02-06T21:17:30, 19.4804395604, 0, 0, 0 
2015-02-06T21:22:30, 19.4170567376, 0, 0, 0 
2015-02-06T21:27:30, 19.3670877193, 0, 0, 0 
2015-02-06T21:32:30, 19.3275517241, 0, 0, 0 
2015-02-06T21:37:30, 19.295017301, 0, 0, 0 
2015-02-06T21:42:30, 19.2453846154, 0, 0, 0 
2015-02-06T21:47:30, 19.1935314685, 0, 0, 0 
2015-02-06T21:52:30, 19.1452464789, 0, 0, 0 
2015-02-06T21:57:30, 19.0945936396, 0, 0, 0 
2015-02-06T22:02:30, 19.0648951049, 0, 0, 0 
2015-02-06T22:07:30, 19.0096587031, 0, 0, 0 
2015-02-06T22:12:30, 18.960625, 0, 0, 0 
2015-02-06T22:17:30, 18.9209122807, 0, 0, 0 
2015-02-06T22:22:30, 18.8800340136, 0, 0, 0 
2015-02-06T22:27:30, 18.8392907801, 0, 0, 0 
2015-02-06T22:32:30, 18.8041696113, 0, 0, 0 
2015-02-06T22:37:30, 18.7692708333, 0, 0, 0 
2015-02-06T22:42:30, 18.7230851064, 0, 0, 0 
2015-02-06T22:47:30, 18.6697163121, 0, 0, 0 
2015-02-06T22:52:30, 18.6356785714, 0, 0, 0 
2015-02-06T22:57:30, 18.5872377622, 0, 0, 0 
2015-02-06T23:02:30, 18.5561403509, 0, 0, 0 
2015-02-06T23:07:30, 18.503202847, 0, 0, 0 
2015-02-06T23:12:30, 18.4603571429, 0, 0, 0 
2015-02-06T23:17:30, 18.4176241135, 0, 0, 0 
2015-02-06T23:22:30, 18.3763859649, 0, 0, 0 
2015-02-06T23:27:30, 18.3301388889, 0, 0, 0 
2015-02-06T23:32:30, 18.2760791367, 0, 0, 0 
2015-02-06T23:37:30, 18.2293454545, 0, 0, 0 
2015-02-06T23:42:30, 18.1866304348, 0, 0, 0 
2015-02-06T23:47:30, 18.1440925267, 0, 0, 0 
2015-02-06T23:52:30, 18.116797153, 0, 0, 0 
2015-02-06T23:57:30, 18.093554007, 0, 0, 0 
2015-02-07T00:02:30, 18.0291039427, 0, 0, 0 
2015-02-07T00:07:30, 17.9573448276, 0, 0, 0 
2015-02-07T00:12:30, 17.9373010381, 0, 0, 0 
2015-02-07T00:17:30, 17.9147569444, 0, 0, 0 
2015-02-07T00:22:30, 17.8583928571, 0, 0, 0 
2015-02-07T00:27:30, 17.814084507, 0, 0, 0 
2015-02-07T00:32:30, 17.7937323944, 0, 0, 0 
2015-02-07T00:37:30, 17.7702730375, 0, 0, 0 
2015-02-07T00:42:30, 17.6920209059, 0, 0, 0 
2015-02-07T00:47:30, 17.6553716216, 0, 0, 0 
2015-02-07T00:52:30, 17.6413402062, 0, 0, 0 
2015-02-07T00:57:30, 17.6390175439, 0, 0, 0 
2015-02-07T01:02:30, 17.6169014085, 0, 0, 0 
2015-02-07T01:07:30, 17.5464236111, 0, 0, 0 
2015-02-07T01:12:30, 17.4917288136, 0, 0, 0 
2015-02-07T01:17:30, 17.4822887324, 0, 0, 0 
2015-02-07T01:22:30, 17.4569784173, 0, 0, 0 
2015-02-07T01:27:30, 17.4182068966, 0, 0, 0 
2015-02-07T01:32:30, 17.3721708185, 0, 0, 0 
2015-02-07T01:37:30, 17.3551041667, 0, 0, 0 
2015-02-07T01:42:30, 17.3290410959, 0, 0, 0 
2015-02-07T01:47:30, 17.30725, 0, 0, 0 
2015-02-07T01:52:30, 17.2386879433, 0, 0, 0 
2015-02-07T01:57:30, 17.1942105263, 0, 0, 0 
2015-02-07T02:02:30, 17.1803272727, 0, 0, 0 
2015-02-07T02:07:30, 17.1784697509, 0, 0, 0 
2015-02-07T02:12:30, 17.1806545455, 0, 0, 0 
2015-02-07T02:17:30, 17.1448275862, 0, 0, 0 
2015-02-07T02:22:30, 17.1077622378, 0, 0, 0 
2015-02-07T02:27:30, 17.0691221374, 0, 0, 0 
2015-02-07T02:32:30, 17.0358781362, 0, 0, 0 
2015-02-07T02:37:30, 17.0258844765, 0, 0, 0 
2015-02-07T02:42:30, 16.9898188406, 0, 0, 0 
2015-02-07T02:47:30, 16.9524731183, 0, 0, 0 
2015-02-07T02:52:30, 16.8998888889, 0, 0, 0 
2015-02-07T02:57:30, 16.8857839721, 0, 0, 0 
2015-02-07T03:02:30, 16.8800381679, 0, 0, 0 
2015-02-07T03:07:30, 16.8656896552, 0, 0, 0 
2015-02-07T03:12:30, 16.780528169, 0, 0, 0 
2015-02-07T03:17:30, 16.745177305, 0, 0, 0 
2015-02-07T03:22:30, 16.732014652, 0, 0, 0 
2015-02-07T03:27:30, 16.7289925373, 0, 0, 0 
2015-02-07T03:32:30, 16.7184363636, 0, 0, 0 
2015-02-07T03:37:30, 16.7015302491, 0, 0, 0 
2015-02-07T03:42:30, 16.6457342657, 0, 0, 0 
2015-02-07T03:47:30, 16.5992733564, 0, 0, 0 
2015-02-07T03:52:30, 16.5983088235, 0, 0, 0 
2015-02-07T03:57:30, 16.5734364261, 0, 0, 0 
2015-02-07T04:02:30, 16.5626829268, 0, 0, 0 
2015-02-07T04:07:30, 16.5353583618, 0, 0, 0 
2015-02-07T04:12:30, 16.4685512367, 0, 0, 0 
2015-02-07T04:17:30, 16.4483157895, 0, 0, 0 
2015-02-07T04:22:30, 16.4293793103, 0, 0, 0 
2015-02-07T04:27:30, 16.4187586207, 0, 0, 0 
2015-02-07T04:32:30, 16.3758245614, 0, 0, 0 
2015-02-07T04:37:30, 16.3510830325, 0, 0, 0 
2015-02-07T04:42:30, 16.3088275862, 0, 0, 0 
2015-02-07T04:47:30, 16.2826714801, 0, 0, 0 
2015-02-07T04:52:30, 16.2719434629, 0, 0, 0 
2015-02-07T04:57:30, 16.2706428571, 0, 0, 0 
2015-02-07T05:02:30, 16.2667247387, 0, 0, 0 
2015-02-07T05:07:30, 16.2449116608, 0, 0, 0 
2015-02-07T05:12:30, 16.2275958188, 0, 0, 0 
2015-02-07T05:17:30, 16.1930072464, 0, 0, 0 
2015-02-07T05:22:30, 16.1622968198, 0, 0, 0 
2015-02-07T05:27:30, 16.1248421053, 0, 0, 0 
2015-02-07T05:32:30, 16.1130851064, 0, 0, 0 
2015-02-07T05:37:30, 16.1053710247, 0, 0, 0 
2015-02-07T05:42:30, 16.0910074627, 0, 0, 0 
2015-02-07T05:47:30, 16.0640636042, 0, 0, 0 
2015-02-07T05:52:30, 16.0372759857, 0, 0, 0 
2015-02-07T05:57:30, 16.0042909091, 0, 0, 0 
2015-02-07T06:02:30, 15.9913090909, 0, 0, 0 
2015-02-07T06:07:30, 15.9685172414, 0, 0, 0 
2015-02-07T06:12:30, 15.9655789474, 0, 0, 0 
2015-02-07T06:17:30, 15.9651971326, 0, 0, 0 
2015-02-07T06:22:30, 15.9632542373, 0, 0, 0 
2015-02-07T06:27:30, 15.9474226804, 0, 0, 0 
2015-02-07T06:32:30, 15.9411510791, 0, 0, 0 
2015-02-07T06:37:30, 15.8810877193, 0, 0, 0 
2015-02-07T06:42:30, 15.8497938144, 0, 0, 0 
2015-02-07T06:47:30, 15.8149084249, 0, 0, 0 
2015-02-07T06:52:30, 15.8117602996, 0, 0, 0 
2015-02-07T06:57:30, 15.8011594203, 0, 0, 0 
2015-02-07T07:02:30, 15.7865201465, 0, 0, 0 
2015-02-07T07:07:30, 15.749122807, 0, 0, 0 
2015-02-07T07:12:30, 15.6815357143, 0, 0, 0 
2015-02-07T07:17:30, 15.6761090909, 0, 0, 0 
2015-02-07T07:22:30, 15.6546341463, 0, 0, 0 
2015-02-07T07:27:30, 15.6515884477, 0, 0, 0 
2015-02-07T07:32:30, 15.6433454545, 0, 0, 0 
2015-02-07T07:37:30, 15.6371478873, 0, 0, 0 
2015-02-07T07:42:30, 15.6157706093, 0, 0, 0 
2015-02-07T07:47:30, 15.5527697842, 0, 0, 0 
2015-02-07T07:52:30, 15.5178397213, 0, 0, 0 
2015-02-07T07:57:30, 15.5121582734, 0, 0, 0 
2015-02-07T08:02:30, 15.5093661972, 0, 0, 0 
2015-02-07T08:07:30, 15.5087188612, 0, 0, 0 
2015-02-07T08:12:30, 15.5085409253, 0, 0, 0 
2015-02-07T08:17:30, 15.5054243542, 0, 0, 0 
2015-02-07T08:22:30, 15.5015734266, 0, 0, 0 
2015-02-07T08:27:30, 15.49, 0, 0, 0 
2015-02-07T08:32:30, 15.4776, 0, 0, 0 
2015-02-07T08:37:30, 15.4620209059, 0, 0, 0 
2015-02-07T08:42:30, 15.4162807018, 0, 0, 0 
2015-02-07T08:47:30, 15.393442029, 0, 0, 0 
2015-02-07T08:52:30, 15.3980357143, 0, 0, 0 
2015-02-07T08:57:30, 15.3768796992, 0, 0, 0 
2015-02-07T09:02:30, 15.4043617021, 0, 0, 0 
2015-02-07T09:07:30, 15.4014184397, 0, 0, 0 
2015-02-07T09:12:30, 15.3949285714, 0, 0, 0 
2015-02-07T09:17:30, 15.4099651568, 0, 0, 0 
2015-02-07T09:22:30, 15.4225524476, 0, 0, 0 
2015-02-07T09:27:30, 15.4325174825, 0, 0, 0 
2015-02-07T09:32:30, 15.4477419355, 0, 0, 0 
2015-02-07T09:37:30, 15.4607986111, 0, 0, 0 
2015-02-07T09:42:30, 15.4594520548, 0, 0, 0 
2015-02-07T09:47:30, 15.4483098592, 0, 0, 0 
2015-02-07T09:52:30, 15.4323188406, 0, 0, 0 
2015-02-07T09:57:30, 15.4403508772, 0, 0, 0 
2015-02-07T10:02:30, 15.438, 0, 0, 0 
2015-02-07T10:07:30, 15.4486759582, 0, 0, 0 
2015-02-07T10:12:30, 15.4576124567, 0, 0, 0 
2015-02-07T10:17:30, 15.4610069444, 0, 0, 0 
2015-02-07T10:22:30, 15.4350714286, 0, 0, 0 
2015-02-07T10:27:30, 15.4509252669, 0, 0, 0 
2015-02-07T10:32:30, 15.4691071429, 0, 0, 0 
2015-02-07T10:37:30, 15.4832042254, 0, 0, 0 
2015-02-07T10:42:30, 15.4908273381, 0, 0, 0 
2015-02-07T10:47:30, 15.48875, 0, 0, 0 
2015-02-07T10:52:30, 15.4761805556, 0, 0, 0 
2015-02-07T10:57:30, 15.4920863309, 0, 0, 0 
2015-02-07T11:02:30, 15.4915770609, 0, 0, 0 
2015-02-07T11:07:30, 15.4945229682, 0, 0, 0 
2015-02-07T11:12:30, 15.5057142857, 0, 0, 0 
2015-02-07T11:17:30, 15.5006944444, 0, 0, 0 
2015-02-07T11:22:30, 15.5069791667, 0, 0, 0 
2015-02-07T11:27:30, 15.514858156, 0, 0, 0 
2015-02-07T11:32:30, 15.5204529617, 0, 0, 0 
2015-02-07T11:37:30, 15.5155477032, 0, 0, 0 
2015-02-07T11:42:30, 15.5205782313, 0, 0, 0 
2015-02-07T11:47:30, 15.5192418773, 0, 0, 0 
2015-02-07T11:52:30, 15.5182042254, 0, 0, 0 
2015-02-07T11:57:30, 15.5240955631, 0, 0, 0 
2015-02-07T12:02:30, 15.5204421769, 0, 0, 0 
2015-02-07T12:07:30, 15.5238652482, 0, 0, 0 
2015-02-07T12:12:30, 15.5236200717, 0, 0, 0 
2015-02-07T12:17:30, 15.5235714286, 0, 0, 0 
2015-02-07T12:22:30, 15.5320547945, 0, 0, 0 
2015-02-07T12:27:30, 15.5334602076, 0, 0, 0 
2015-02-07T12:32:30, 15.5449134948, 0, 0, 0 
2015-02-07T12:37:30, 15.5882229965, 0, 0, 0 
2015-02-07T12:42:30, 15.6006271777, 0, 0, 0 
2015-02-07T12:47:30, 15.6234519573, 0, 0, 0 
2015-02-07T12:52:30, 15.6634027778, 0, 0, 0 
2015-02-07T12:57:30, 15.6724305556, 0, 0, 0 
2015-02-07T13:02:30, 15.6751219512, 0, 0, 0 
2015-02-07T13:07:30, 15.6714930556, 0, 0, 0 
2015-02-07T13:12:30, 15.6845907473, 0, 0, 0 
2015-02-07T13:17:30, 15.6840689655, 0, 0, 0 
2015-02-07T13:22:30, 15.7142142857, 0, 0, 0 
2015-02-07T13:27:30, 15.6876363636, 0, 0, 0 
2015-02-07T13:32:30, 15.6925089606, 0, 0, 0 
2015-02-07T13:37:30, 15.7049480969, 0, 0, 0 
2015-02-07T13:42:30, 15.7234375, 0, 0, 0 
2015-02-07T13:47:30, 15.7827368421, 0, 0, 0 
2015-02-07T13:52:30, 15.7223958333, 0, 0, 0 
2015-02-07T13:57:30, 15.684245614, 0, 0, 0 
2015-02-07T14:02:30, 15.7348442907, 0, 0, 0 
2015-02-07T14:07:30, 15.7516014235, 0, 0, 0 
2015-02-07T14:12:30, 15.737189781, 0, 0, 0 
2015-02-07T14:17:30, 15.7703484321, 0, 0, 0 
2015-02-07T14:22:30, 15.7839575972, 0, 0, 0 
2015-02-07T14:27:30, 15.7937457045, 0, 0, 0 
2015-02-07T14:32:30, 15.8277659574, 0, 0, 0 
2015-02-07T14:37:30, 15.8312857143, 0, 0, 0 
2015-02-07T14:42:30, 15.8297111913, 0, 0, 0 
2015-02-07T14:47:30, 15.8363475177, 0, 0, 0 
2015-02-07T14:52:30, 15.8326643599, 0, 0, 0 
2015-02-07T14:57:30, 15.8368661972, 0, 0, 0 
2015-02-07T15:02:30, 15.8483453237, 0, 0, 0 
2015-02-07T15:07:30, 15.8893706294, 0, 0, 0 
2015-02-07T15:12:30, 15.9062857143, 0, 0, 0 
2015-02-07T15:17:30, 15.9271678322, 0, 0, 0 
2015-02-07T15:22:30, 15.9305517241, 0, 0, 0 
2015-02-07T15:27:30, 15.9395620438, 0, 0, 0 
2015-02-07T15:32:30, 15.9692280702, 0, 0, 0 
2015-02-07T15:37:30, 15.9745925926, 0, 0, 0 
2015-02-07T15:42:30, 15.9834532374, 0, 0, 0 
2015-02-07T15:47:30, 15.9816363636, 0, 0, 0 
2015-02-07T15:52:30, 15.9888043478, 0, 0, 0 
2015-02-07T15:57:30, 15.9907420495, 0, 0, 0 
2015-02-07T16:02:30, 15.9892605634, 0, 0, 0 
2015-02-07T16:07:30, 16.0082481752, 0, 0, 0 
2015-02-07T16:12:30, 15.9970036101, 0, 0, 0 
2015-02-07T16:17:30, 15.9953649635, 0, 0, 0 
2015-02-07T16:22:30, 15.9998555957, 0, 0, 0 
2015-02-07T16:27:30, 15.9952205882, 0, 0, 0 
2015-02-07T16:32:30, 15.9863176895, 0, 0, 0 
2015-02-07T16:37:30, 15.9887867647, 0, 0, 0 
2015-02-07T16:42:30, 15.9914539007, 0, 0, 0 
2015-02-07T16:47:30, 15.9974637681, 0, 0, 0 
2015-02-07T16:52:30, 16.0333210332, 0, 0, 0 
2015-02-07T16:57:30, 16.0570609319, 0, 0, 0 
2015-02-07T17:02:30, 16.0420220588, 0, 0, 0 
2015-02-07T17:07:30, 16.0698630137, 0, 0, 0 
2015-02-07T17:12:30, 16.0552416357, 0, 0, 0 
2015-02-07T17:17:30, 16.0652919708, 0, 0, 0 
2015-02-07T17:22:30, 16.0789772727, 0, 0, 0 
2015-02-07T17:27:30, 16.0552816901, 0, 0, 0 
2015-02-07T17:32:30, 16.079047619, 0, 0, 0 
2015-02-07T17:37:30, 16.1145804196, 0, 0, 0 
2015-02-07T17:42:30, 16.1283571429, 0, 0, 0 
2015-02-07T17:47:30, 16.1272887324, 0, 0, 0 
2015-02-07T17:52:30, 16.121557971, 0, 0, 0 
2015-02-07T17:57:30, 16.1268683274, 0, 0, 0 
2015-02-07T18:02:30, 16.1331358885, 0, 0, 0 
2015-02-07T18:07:30, 16.138, 0, 0, 0 
2015-02-07T18:12:30, 16.1335191638, 0, 0, 0 
2015-02-07T18:17:30, 16.1333098592, 0, 0, 0 
2015-02-07T18:22:30, 16.1334736842, 0, 0, 0 
2015-02-07T18:27:30, 16.1361870504, 0, 0, 0 
2015-02-07T18:32:30, 16.1425095057, 0, 0, 0 
2015-02-07T18:37:30, 16.1379642857, 0, 0, 0 
2015-02-07T18:42:30, 16.1349640288, 0, 0, 0 
2015-02-07T18:47:30, 16.1347482014, 0, 0, 0 
2015-02-07T18:52:30, 16.1347183099, 0, 0, 0 
2015-02-07T18:57:30, 16.1466542751, 0, 0, 0 
2015-02-07T19:02:30, 16.155034965, 0, 0, 0 
2015-02-07T19:07:30, 16.1422916667, 0, 0, 0 
2015-02-07T19:12:30, 16.1463380282, 0, 0, 0 
2015-02-07T19:17:30, 16.1426408451, 0, 0, 0 
2015-02-07T19:22:30, 16.1446402878, 0, 0, 0 
2015-02-07T19:27:30, 16.1407608696, 0, 0, 0 
2015-02-07T19:32:30, 16.1424561404, 0, 0, 0 
2015-02-07T19:37:30, 16.1475704225, 0, 0, 0 
2015-02-07T19:42:30, 16.1322145329, 0, 0, 0 
2015-02-07T19:47:30, 16.1288768116, 0, 0, 0 
2015-02-07T19:52:30, 16.1234722222, 0, 0, 0 
2015-02-07T19:57:30, 16.1234013605, 0, 0, 0 
2015-02-07T20:02:30, 16.1201403509, 0, 0, 0 
2015-02-07T20:07:30, 16.1121201413, 0, 0, 0 
2015-02-07T20:12:30, 16.1079151943, 0, 0, 0 
2015-02-07T20:17:30, 16.1129681979, 0, 0, 0 
2015-02-07T20:22:30, 16.0984482759, 0, 0, 0 
2015-02-07T20:27:30, 16.0896167247, 0, 0, 0 
2015-02-07T20:32:30, 16.0831358885, 0, 0, 0 
2015-02-07T20:37:30, 16.0626923077, 0, 0, 0 
2015-02-07T20:42:30, 16.0556747405, 0, 0, 0 
2015-02-07T20:47:30, 16.0547916667, 0, 0, 0 
2015-02-07T20:52:30, 16.0668661972, 0, 0, 0 
2015-02-07T20:57:30, 16.0502439024, 0, 0, 0 
2015-02-07T21:02:30, 16.047844523, 0, 0, 0 
2015-02-07T21:07:30, 16.0189273356, 0, 0, 0 
2015-02-07T21:12:30, 15.9923076923, 0, 0, 0 
2015-02-07T21:17:30, 15.990790378, 0, 0, 0 
2015-02-07T21:22:30, 16.0003202847, 0, 0, 0 
2015-02-07T21:27:30, 15.9847222222, 0, 0, 0 
2015-02-07T21:32:30, 16.0007241379, 0, 0, 0 
2015-02-07T21:37:30, 16.0024264706, 0, 0, 0 
2015-02-07T21:42:30, 16.0097909408, 0, 0, 0 
2015-02-07T21:47:30, 16.0105923345, 0, 0, 0 
2015-02-07T21:52:30, 16.0061724138, 0, 0, 0 
2015-02-07T21:57:30, 15.9867605634, 0, 0, 0 
2015-02-07T22:02:30, 15.9896503497, 0, 0, 0 
2015-02-07T22:07:30, 15.9759574468, 0, 0, 0 
2015-02-07T22:12:30, 15.978172043, 0, 0, 0 
2015-02-07T22:17:30, 15.9776206897, 0, 0, 0 
2015-02-07T22:22:30, 15.9920557491, 0, 0, 0 
2015-02-07T22:27:30, 15.9893771626, 0, 0, 0 
2015-02-07T22:32:30, 15.9755902778, 0, 0, 0 
2015-02-07T22:37:30, 15.9927430556, 0, 0, 0 
2015-02-07T22:42:30, 15.986996587, 0, 0, 0 
2015-02-07T22:47:30, 15.9850522648, 0, 0, 0 
2015-02-07T22:52:30, 15.9851034483, 0, 0, 0 
2015-02-07T22:57:30, 15.9841811847, 0, 0, 0 
2015-02-07T23:02:30, 15.9924561404, 0, 0, 0 
2015-02-07T23:07:30, 15.9827816901, 0, 0, 0 
2015-02-07T23:12:30, 15.9963066202, 0, 0, 0 
2015-02-07T23:17:30, 15.9849122807, 0, 0, 0 
2015-02-07T23:22:30, 15.9770748299, 0, 0, 0 
2015-02-07T23:27:30, 15.9720486111, 0, 0, 0 
2015-02-07T23:32:30, 15.9731095406, 0, 0, 0 
2015-02-07T23:37:30, 15.9728421053, 0, 0, 0 
2015-02-07T23:42:30, 15.9730449827, 0, 0, 0 
2015-02-07T23:47:30, 15.9746020761, 0, 0, 0 
2015-02-07T23:52:30, 15.9766323024, 0, 0, 0 
2015-02-07T23:57:30, 15.9772727273, 0, 0, 0 
2015-02-08T00:02:30, 15.9741156463, 0, 0, 0 
2015-02-08T00:07:30, 15.9763345196, 0, 0, 0 
2015-02-08T00:12:30, 15.9797887324, 0, 0, 0 
2015-02-08T00:17:30, 15.9828673835, 0, 0, 0 
2015-02-08T00:22:30, 15.9769791667, 0, 0, 0 
2015-02-08T00:27:30, 15.9807829181, 0, 0, 0 
2015-02-08T00:32:30, 15.9908421053, 0, 0, 0 
2015-02-08T00:37:30, 15.9795017794, 0, 0, 0 
2015-02-08T00:42:30, 15.9809440559, 0, 0, 0 
2015-02-08T00:47:30, 15.9771875, 0, 0, 0 
2015-02-08T00:52:30, 15.9780622837, 0, 0, 0 
2015-02-08T00:57:30, 15.9888395904, 0, 0, 0 
2015-02-08T01:02:30, 15.9847959184, 0, 0, 0 
2015-02-08T01:07:30, 15.9746206897, 0, 0, 0 
2015-02-08T01:12:30, 15.9712765957, 0, 0, 0 
2015-02-08T01:17:30, 15.9667353952, 0, 0, 0 
2015-02-08T01:22:30, 15.9671886121, 0, 0, 0 
2015-02-08T01:27:30, 15.9614634146, 0, 0, 0 
2015-02-08T01:32:30, 15.9523890785, 0, 0, 0 
2015-02-08T01:37:30, 15.9621478873, 0, 0, 0 
2015-02-08T01:42:30, 15.9566666667, 0, 0, 0 
2015-02-08T01:47:30, 15.960212766, 0, 0, 0 
2015-02-08T01:52:30, 15.946462585, 0, 0, 0 
2015-02-08T01:57:30, 15.9403448276, 0, 0, 0 
2015-02-08T02:02:30, 15.9417073171, 0, 0, 0 
2015-02-08T02:07:30, 15.9273776224, 0, 0, 0 
2015-02-08T02:12:30, 15.9113879004, 0, 0, 0 
2015-02-08T02:17:30, 15.9068641115, 0, 0, 0 
2015-02-08T02:22:30, 15.9033103448, 0, 0, 0 
2015-02-08T02:27:30, 15.86, 0, 0, 0 
2015-02-08T02:32:30, 15.8231724138, 0, 0, 0 
2015-02-08T02:37:30, 15.8250176678, 0, 0, 0 
2015-02-08T02:42:30, 15.8166666667, 0, 0, 0 
2015-02-08T02:47:30, 15.8124913495, 0, 0, 0 
2015-02-08T02:52:30, 15.8048951049, 0, 0, 0 
2015-02-08T02:57:30, 15.805088968, 0, 0, 0 
2015-02-08T03:02:30, 15.7826428571, 0, 0, 0 
2015-02-08T03:07:30, 15.7833098592, 0, 0, 0 
2015-02-08T03:12:30, 15.7800347222, 0, 0, 0 
2015-02-08T03:17:30, 15.7806451613, 0, 0, 0 
2015-02-08T03:22:30, 15.7897508897, 0, 0, 0 
2015-02-08T03:27:30, 15.7573867596, 0, 0, 0 
2015-02-08T03:32:30, 15.7583680556, 0, 0, 0 
2015-02-08T03:37:30, 15.7476124567, 0, 0, 0 
2015-02-08T03:42:30, 15.7160071942, 0, 0, 0 
2015-02-08T03:47:30, 15.6892753623, 0, 0, 0 
2015-02-08T03:52:30, 15.6900358423, 0, 0, 0 
2015-02-08T03:57:30, 15.6763888889, 0, 0, 0 
2015-02-08T04:02:30, 15.6578308824, 0, 0, 0 
2015-02-08T04:07:30, 15.6454385965, 0, 0, 0 
2015-02-08T04:12:30, 15.6286545455, 0, 0, 0 
2015-02-08T04:17:30, 15.582283737, 0, 0, 0 
2015-02-08T04:22:30, 15.5646453901, 0, 0, 0 
2015-02-08T04:27:30, 15.5370542636, 0, 0, 0 
2015-02-08T04:32:30, 15.5196028881, 0, 0, 0 
2015-02-08T04:37:30, 15.5120437956, 0, 0, 0 
2015-02-08T04:42:30, 15.5117625899, 0, 0, 0 
2015-02-08T04:47:30, 15.5121527778, 0, 0, 0 
2015-02-08T04:52:30, 15.5127586207, 0, 0, 0 
2015-02-08T04:57:30, 15.5115753425, 0, 0, 0 
2015-02-08T05:02:30, 15.5057651246, 0, 0, 0 
2015-02-08T05:07:30, 15.4705594406, 0, 0, 0 
2015-02-08T05:12:30, 15.4323344948, 0, 0, 0 
2015-02-08T05:17:30, 15.4043554007, 0, 0, 0 
2015-02-08T05:22:30, 15.3717770035, 0, 0, 0 
2015-02-08T05:27:30, 15.3571119134, 0, 0, 0 
2015-02-08T05:32:30, 15.3462681159, 0, 0, 0 
2015-02-08T05:37:30, 15.3222743682, 0, 0, 0 
2015-02-08T05:42:30, 15.3257597173, 0, 0, 0 
2015-02-08T05:47:30, 15.2679569892, 0, 0, 0 
2015-02-08T05:52:30, 15.265, 0, 0, 0 
2015-02-08T05:57:30, 15.223180212, 0, 0, 0 
2015-02-08T06:02:30, 15.1987636364, 0, 0, 0 
2015-02-08T06:07:30, 15.2011428571, 0, 0, 0 
2015-02-08T06:12:30, 15.2001465201, 0, 0, 0 
2015-02-08T06:17:30, 15.1950519031, 0, 0, 0 
2015-02-08T06:22:30, 15.1870526316, 0, 0, 0 
2015-02-08T06:27:30, 15.148815331, 0, 0, 0 
2015-02-08T06:32:30, 15.091799308, 0, 0, 0 
2015-02-08T06:37:30, 15.0565263158, 0, 0, 0 
2015-02-08T06:42:30, 15.0424324324, 0, 0, 0 
2015-02-08T06:47:30, 15.037972028, 0, 0, 0 
2015-02-08T06:52:30, 15.0287241379, 0, 0, 0 
2015-02-08T06:57:30, 14.9655902778, 0, 0, 0 
2015-02-08T07:02:30, 14.9589583333, 0, 0, 0 
2015-02-08T07:07:30, 14.9074647887, 0, 0, 0 
2015-02-08T07:12:30, 14.8946020761, 0, 0, 0 
2015-02-08T07:17:30, 14.888556338, 0, 0, 0 
2015-02-08T07:22:30, 14.8877931034, 0, 0, 0 
2015-02-08T07:27:30, 14.888113879, 0, 0, 0 
2015-02-08T07:32:30, 14.8868531469, 0, 0, 0 
2015-02-08T07:37:30, 14.8821993127, 0, 0, 0 
2015-02-08T07:42:30, 14.8797269625, 0, 0, 0 
2015-02-08T07:47:30, 14.8379020979, 0, 0, 0 
2015-02-08T07:52:30, 14.7668402778, 0, 0, 0 
2015-02-08T07:57:30, 14.7401369863, 0, 0, 0 
2015-02-08T08:02:30, 14.7277319588, 0, 0, 0 
2015-02-08T08:07:30, 14.7265051903, 0, 0, 0 
2015-02-08T08:12:30, 14.6866782007, 0, 0, 0 
2015-02-08T08:17:30, 14.6262857143, 0, 0, 0 
2015-02-08T08:22:30, 14.5902583026, 0, 0, 0 
2015-02-08T08:27:30, 14.58525, 0, 0, 0 
2015-02-08T08:32:30, 14.5837226277, 0, 0, 0 
2015-02-08T08:37:30, 14.5823021583, 0, 0, 0 
2015-02-08T08:42:30, 14.5804961832, 0, 0, 0 
2015-02-08T08:47:30, 14.5737010676, 0, 0, 0 
2015-02-08T08:52:30, 14.5351408451, 0, 0, 0 
2015-02-08T08:57:30, 14.4914590747, 0, 0, 0 
2015-02-08T09:02:30, 14.4505319149, 0, 0, 0 
2015-02-08T09:07:30, 14.4264855072, 0, 0, 0 
2015-02-08T09:12:30, 14.4257243816, 0, 0, 0 
2015-02-08T09:17:30, 14.4261454545, 0, 0, 0 
2015-02-08T09:22:30, 14.4220344828, 0, 0, 0 
2015-02-08T09:27:30, 14.3948409894, 0, 0, 0 
2015-02-08T09:32:30, 14.3515658363, 0, 0, 0 
2015-02-08T09:37:30, 14.2807067138, 0, 0, 0 
2015-02-08T09:42:30, 14.2738194444, 0, 0, 0 
2015-02-08T09:47:30, 14.2754736842, 0, 0, 0 
2015-02-08T09:52:30, 14.2724295775, 0, 0, 0 
2015-02-08T09:57:30, 14.2696830986, 0, 0, 0 
2015-02-08T10:02:30, 14.2674377224, 0, 0, 0 
2015-02-08T10:07:30, 14.2642508711, 0, 0, 0 
2015-02-08T10:12:30, 14.2320774648, 0, 0, 0 
2015-02-08T10:17:30, 14.1851211073, 0, 0, 0 
2015-02-08T10:22:30, 14.1835106383, 0, 0, 0 
2015-02-08T10:27:30, 14.1774733096, 0, 0, 0 
2015-02-08T10:32:30, 14.1322627737, 0, 0, 0 
2015-02-08T10:37:30, 14.1271376812, 0, 0, 0 
2015-02-08T10:42:30, 14.1215789474, 0, 0, 0 
2015-02-08T10:47:30, 14.1225886525, 0, 0, 0 
2015-02-08T10:52:30, 14.1130960854, 0, 0, 0 
2015-02-08T10:57:30, 14.1172363636, 0, 0, 0 
2015-02-08T11:02:30, 14.0973992674, 0, 0, 0 
2015-02-08T11:07:30, 14.079471831, 0, 0, 0 
2015-02-08T11:12:30, 14.0534408602, 0, 0, 0 
2015-02-08T11:17:30, 14.045970696, 0, 0, 0 
2015-02-08T11:22:30, 14.0338356164, 0, 0, 0 
2015-02-08T11:27:30, 14.0371378092, 0, 0, 0 
2015-02-08T11:32:30, 14.0365734266, 0, 0, 0 
2015-02-08T11:37:30, 14.0465602837, 0, 0, 0 
2015-02-08T11:42:30, 14.0583032491, 0, 0, 0 
2015-02-08T11:47:30, 14.0389323843, 0, 0, 0 
2015-02-08T11:52:30, 14.0243772242, 0, 0, 0 
2015-02-08T11:57:30, 14.0229390681, 0, 0, 0 
2015-02-08T12:02:30, 14.0165625, 0, 0, 0 
2015-02-08T12:07:30, 13.9851449275, 0, 0, 0 
2015-02-08T12:12:30, 13.9825735294, 0, 0, 0 
2015-02-08T12:17:30, 13.9809824561, 0, 0, 0 
2015-02-08T12:22:30, 13.9784892086, 0, 0, 0 
2015-02-08T12:27:30, 13.9795238095, 0, 0, 0 
2015-02-08T12:32:30, 13.9805818182, 0, 0, 0 
2015-02-08T12:37:30, 13.9789705882, 0, 0, 0 
2015-02-08T12:42:30, 13.9803649635, 0, 0, 0 
2015-02-08T12:47:30, 13.9789473684, 0, 0, 0 
2015-02-08T12:52:30, 13.9793661972, 0, 0, 0 
2015-02-08T12:57:30, 13.9836200717, 0, 0, 0 
2015-02-08T13:02:30, 13.9877083333, 0, 0, 0 
2015-02-08T13:07:30, 13.9904379562, 0, 0, 0 
2015-02-08T13:12:30, 13.9850526316, 0, 0, 0 
2015-02-08T13:17:30, 13.9839145907, 0, 0, 0 
2015-02-08T13:22:30, 13.981835206, 0, 0, 0 
2015-02-08T13:27:30, 13.980625, 0, 0, 0 
2015-02-08T13:32:30, 13.9829927007, 0, 0, 0 
2015-02-08T13:37:30, 13.9865427509, 0, 0, 0 
2015-02-08T13:42:30, 13.989676259, 0, 0, 0 
2015-02-08T13:47:30, 13.983, 0, 0, 0 
2015-02-08T13:52:30, 13.9810416667, 0, 0, 0 
2015-02-08T13:57:30, 13.9821126761, 0, 0, 0 
2015-02-08T14:02:30, 13.9809782609, 0, 0, 0 
2015-02-08T14:07:30, 13.9811524164, 0, 0, 0 
2015-02-08T14:12:30, 13.9836802974, 0, 0, 0 
2015-02-08T14:17:30, 13.9825951557, 0, 0, 0 
2015-02-08T14:22:30, 13.9827203065, 0, 0, 0 
2015-02-08T14:27:30, 13.9910909091, 0, 0, 0 
2015-02-08T14:32:30, 14.0012, 0, 0, 0 
2015-02-08T14:37:30, 14.0063272727, 0, 0, 0 
2015-02-08T14:42:30, 14.0252363636, 0, 0, 0 
2015-02-08T14:47:30, 14.0270357143, 0, 0, 0 
2015-02-08T14:52:30, 14.0133096085, 0, 0, 0 
2015-02-08T14:57:30, 14.0029181495, 0, 0, 0 
2015-02-08T15:02:30, 13.9969858156, 0, 0, 0 
2015-02-08T15:07:30, 13.9919163763, 0, 0, 0 
2015-02-08T15:12:30, 14.0192727273, 0, 0, 0 
2015-02-08T15:17:30, 14.0265543071, 0, 0, 0 
2015-02-08T15:22:30, 14.0319852941, 0, 0, 0 
2015-02-08T15:27:30, 14.0308214286, 0, 0, 0 
2015-02-08T15:32:30, 14.0769366197, 0, 0, 0 
2015-02-08T15:37:30, 14.0867832168, 0, 0, 0 
2015-02-08T15:42:30, 14.0834275618, 0, 0, 0 
2015-02-08T15:47:30, 14.1009352518, 0, 0, 0 
2015-02-08T15:52:30, 14.1002120141, 0, 0, 0 
2015-02-08T15:57:30, 14.12, 0, 0, 0 
2015-02-08T16:02:30, 14.123057554, 0, 0, 0 
2015-02-08T16:07:30, 14.1328057554, 0, 0, 0 
2015-02-08T16:12:30, 14.13575, 0, 0, 0 
2015-02-08T16:17:30, 14.13325, 0, 0, 0 
2015-02-08T16:22:30, 14.1362283737, 0, 0, 0 
2015-02-08T16:27:30, 14.1337979094, 0, 0, 0 
2015-02-08T16:32:30, 14.133728223, 0, 0, 0 
2015-02-08T16:37:30, 14.1365, 0, 0, 0 
2015-02-08T16:42:30, 14.1331316726, 0, 0, 0 
2015-02-08T16:47:30, 14.1346931408, 0, 0, 0 
2015-02-08T16:52:30, 14.1315073529, 0, 0, 0 
2015-02-08T16:57:30, 14.13113879, 0, 0, 0 
2015-02-08T17:02:30, 14.1334948097, 0, 0, 0 
2015-02-08T17:07:30, 14.1225783972, 0, 0, 0 
2015-02-08T17:12:30, 14.1215957447, 0, 0, 0 
2015-02-08T17:17:30, 14.1076223776, 0, 0, 0 
2015-02-08T17:22:30, 14.1020503597, 0, 0, 0 
2015-02-08T17:27:30, 14.1010211268, 0, 0, 0 
2015-02-08T17:32:30, 14.0893493151, 0, 0, 0 
2015-02-08T17:37:30, 14.0575618375, 0, 0, 0 
2015-02-08T17:42:30, 14.0494623656, 0, 0, 0 
2015-02-08T17:47:30, 14.0220754717, 0, 0, 0 
2015-02-08T17:52:30, 13.9956445993, 0, 0, 0 
2015-02-08T17:57:30, 13.988975265, 0, 0, 0 
2015-02-08T18:02:30, 13.9793884892, 0, 0, 0 
2015-02-08T18:07:30, 13.9790714286, 0, 0, 0 
2015-02-08T18:12:30, 13.9797826087, 0, 0, 0 
2015-02-08T18:17:30, 13.972398524, 0, 0, 0 
2015-02-08T18:22:30, 13.9502941176, 0, 0, 0 
2015-02-08T18:27:30, 13.9186315789, 0, 0, 0 
2015-02-08T18:32:30, 13.8836585366, 0, 0, 0 
2015-02-08T18:37:30, 13.8756884058, 0, 0, 0 
2015-02-08T18:42:30, 13.835106383, 0, 0, 0 
2015-02-08T18:47:30, 13.825480427, 0, 0, 0 
2015-02-08T18:52:30, 13.8263380282, 0, 0, 0 
2015-02-08T18:57:30, 13.8249823322, 0, 0, 0 
2015-02-08T19:02:30, 13.8195390071, 0, 0, 0 
2015-02-08T19:07:30, 13.8229285714, 0, 0, 0 
2015-02-08T19:12:30, 13.8207746479, 0, 0, 0 
2015-02-08T19:17:30, 13.8016370107, 0, 0, 0 
2015-02-08T19:22:30, 13.7580565371, 0, 0, 0 
2015-02-08T19:27:30, 13.7524912281, 0, 0, 0 
2015-02-08T19:32:30, 13.7274048443, 0, 0, 0 
2015-02-08T19:37:30, 13.6935106383, 0, 0, 0 
2015-02-08T19:42:30, 13.6764846416, 0, 0, 0 
2015-02-08T19:47:30, 13.6660498221, 0, 0, 0 
2015-02-08T19:52:30, 13.6546296296, 0, 0, 0 
2015-02-08T19:57:30, 13.634467354, 0, 0, 0 
2015-02-08T20:02:30, 13.6055714286, 0, 0, 0 
2015-02-08T20:07:30, 13.5974558304, 0, 0, 0 
2015-02-08T20:12:30, 13.5381944444, 0, 0, 0 
2015-02-08T20:17:30, 13.5194444444, 0, 0, 0 
2015-02-08T20:22:30, 13.5183032491, 0, 0, 0 
2015-02-08T20:27:30, 13.5170422535, 0, 0, 0 
2015-02-08T20:32:30, 13.5155594406, 0, 0, 0 
2015-02-08T20:37:30, 13.5158273381, 0, 0, 0 
2015-02-08T20:42:30, 13.5149637681, 0, 0, 0 
2015-02-08T20:47:30, 13.5172597865, 0, 0, 0 
2015-02-08T20:52:30, 13.5151748252, 0, 0, 0 
2015-02-08T20:57:30, 13.5141791045, 0, 0, 0 
2015-02-08T21:02:30, 13.5123297491, 0, 0, 0 
2015-02-08T21:07:30, 13.5025714286, 0, 0, 0 
2015-02-08T21:12:30, 13.4958974359, 0, 0, 0 
2015-02-08T21:17:30, 13.4378700361, 0, 0, 0 
2015-02-08T21:22:30, 13.4414084507, 0, 0, 0 
2015-02-08T21:27:30, 13.399330855, 0, 0, 0 
2015-02-08T21:32:30, 13.3723809524, 0, 0, 0 
2015-02-08T21:37:30, 13.3638596491, 0, 0, 0 
2015-02-08T21:42:30, 13.3595588235, 0, 0, 0 
2015-02-08T21:47:30, 13.3568231047, 0, 0, 0 
2015-02-08T21:52:30, 13.34275, 0, 0, 0 
2015-02-08T21:57:30, 13.3413120567, 0, 0, 0 
2015-02-08T22:02:30, 13.3167259786, 0, 0, 0 
2015-02-08T22:07:30, 13.3205166052, 0, 0, 0 
2015-02-08T22:12:30, 13.2901393728, 0, 0, 0 
2015-02-08T22:17:30, 13.240248227, 0, 0, 0 
2015-02-08T22:22:30, 13.245, 0, 0, 0 
2015-02-08T22:27:30, 13.2226007326, 0, 0, 0 
2015-02-08T22:32:30, 13.2152836879, 0, 0, 0 
2015-02-08T22:37:30, 13.2073913043, 0, 0, 0 
2015-02-08T22:42:30, 13.2068327402, 0, 0, 0 
2015-02-08T22:47:30, 13.2043772242, 0, 0, 0 
2015-02-08T22:52:30, 13.2039642857, 0, 0, 0 
2015-02-08T22:57:30, 13.2007829181, 0, 0, 0 
2015-02-08T23:02:30, 13.1937769784, 0, 0, 0 
2015-02-08T23:07:30, 13.1888888889, 0, 0, 0 
2015-02-08T23:12:30, 13.1112195122, 0, 0, 0 
2015-02-08T23:17:30, 13.0760363636, 0, 0, 0 
2015-02-08T23:22:30, 13.0598901099, 0, 0, 0 
2015-02-08T23:27:30, 13.0501060071, 0, 0, 0 
2015-02-08T23:32:30, 13.0502166065, 0, 0, 0 
2015-02-08T23:37:30, 13.0417689531, 0, 0, 0 
2015-02-08T23:42:30, 13.038172043, 0, 0, 0 
2015-02-08T23:47:30, 13.0242142857, 0, 0, 0 
2015-02-08T23:52:30, 13.0184837545, 0, 0, 0 
2015-02-08T23:57:30, 13.0156537102, 0, 0, 0 
2015-02-09T00:02:30, 13.0131868132, 0, 0, 0 
2015-02-09T00:07:30, 13.0025088339, 0, 0, 0 
2015-02-09T00:12:30, 13.0010915493, 0, 0, 0 
2015-02-09T00:17:30, 13.0075347222, 0, 0, 0 
2015-02-09T00:22:30, 13.0044483986, 0, 0, 0 
2015-02-09T00:27:30, 12.9918705036, 0, 0, 0 
2015-02-09T00:32:30, 12.9928, 0, 0, 0 
2015-02-09T00:37:30, 12.9689010989, 0, 0, 0 
2015-02-09T00:42:30, 12.9378754579, 0, 0, 0 
2015-02-09T00:47:30, 12.9106338028, 0, 0, 0 
2015-02-09T00:52:30, 12.8997472924, 0, 0, 0 
2015-02-09T00:57:30, 12.8994117647, 0, 0, 0 
2015-02-09T01:02:30, 12.898649635, 0, 0, 0 
2015-02-09T01:07:30, 12.8900704225, 0, 0, 0 
2015-02-09T01:12:30, 12.8716725979, 0, 0, 0 
2015-02-09T01:17:30, 12.8684501845, 0, 0, 0 
2015-02-09T01:22:30, 12.8136170213, 0, 0, 0 
2015-02-09T01:27:30, 12.8073776224, 0, 0, 0 
2015-02-09T01:32:30, 12.7932246377, 0, 0, 0 
2015-02-09T01:37:30, 12.7790559441, 0, 0, 0 
2015-02-09T01:42:30, 12.7760553633, 0, 0, 0 
2015-02-09T01:47:30, 12.775088968, 0, 0, 0 
2015-02-09T01:52:30, 12.7639568345, 0, 0, 0 
2015-02-09T01:57:30, 12.7555670103, 0, 0, 0 
2015-02-09T02:02:30, 12.7557651246, 0, 0, 0 
2015-02-09T02:07:30, 12.7522064057, 0, 0, 0 
2015-02-09T02:12:30, 12.7517192982, 0, 0, 0 
2015-02-09T02:17:30, 12.7426714801, 0, 0, 0 
2015-02-09T02:22:30, 12.7383211679, 0, 0, 0 
2015-02-09T02:27:30, 12.6725087108, 0, 0, 0 
2015-02-09T02:32:30, 12.6101754386, 0, 0, 0 
2015-02-09T02:37:30, 12.602455516, 0, 0, 0 
2015-02-09T02:42:30, 12.5988929889, 0, 0, 0 
2015-02-09T02:47:30, 12.5957246377, 0, 0, 0 
2015-02-09T02:52:30, 12.5519354839, 0, 0, 0 
2015-02-09T02:57:30, 12.4751219512, 0, 0, 0 
2015-02-09T03:02:30, 12.4654545455, 0, 0, 0 
2015-02-09T03:07:30, 12.4603146853, 0, 0, 0 
2015-02-09T03:12:30, 12.4436363636, 0, 0, 0 
2015-02-09T03:17:30, 12.4435087719, 0, 0, 0 
2015-02-09T03:22:30, 12.4395729537, 0, 0, 0 
2015-02-09T03:27:30, 12.439965035, 0, 0, 0 
2015-02-09T03:32:30, 12.4347931034, 0, 0, 0 
2015-02-09T03:37:30, 12.4070863309, 0, 0, 0 
2015-02-09T03:42:30, 12.3884587814, 0, 0, 0 
2015-02-09T03:47:30, 12.3399280576, 0, 0, 0 
2015-02-09T03:52:30, 12.3116433566, 0, 0, 0 
2015-02-09T03:57:30, 12.2891726619, 0, 0, 0 
2015-02-09T04:02:30, 12.2830035336, 0, 0, 0 
2015-02-09T04:07:30, 12.2816666667, 0, 0, 0 
2015-02-09T04:12:30, 12.1939583333, 0, 0, 0 
2015-02-09T04:17:30, 12.1650694444, 0, 0, 0 
2015-02-09T04:22:30, 12.1560283688, 0, 0, 0 
2015-02-09T04:27:30, 12.1430344828, 0, 0, 0 
2015-02-09T04:32:30, 12.1363103448, 0, 0, 0 
2015-02-09T04:37:30, 12.1424911032, 0, 0, 0 
2015-02-09T04:42:30, 12.1333576642, 0, 0, 0 
2015-02-09T04:47:30, 12.1329122807, 0, 0, 0 
2015-02-09T04:52:30, 12.1307692308, 0, 0, 0 
2015-02-09T04:57:30, 12.1203180212, 0, 0, 0 
2015-02-09T05:02:30, 12.0931338028, 0, 0, 0 
2015-02-09T05:07:30, 12.0355555556, 0, 0, 0 
2015-02-09T05:12:30, 11.9948717949, 0, 0, 0 
2015-02-09T05:17:30, 11.9836491228, 0, 0, 0 
2015-02-09T05:22:30, 11.980915493, 0, 0, 0 
2015-02-09T05:27:30, 11.9738571429, 0, 0, 0 
2015-02-09T05:32:30, 11.9428727273, 0, 0, 0 
2015-02-09T05:37:30, 11.8707220217, 0, 0, 0 
2015-02-09T05:42:30, 11.8511678832, 0, 0, 0 
2015-02-09T05:47:30, 11.8453333333, 0, 0, 0 
2015-02-09T05:52:30, 11.8275352113, 0, 0, 0 
2015-02-09T05:57:30, 11.8282978723, 0, 0, 0 
2015-02-09T06:02:30, 11.8218881119, 0, 0, 0 
2015-02-09T06:07:30, 11.8139575972, 0, 0, 0 
2015-02-09T06:12:30, 11.8164041096, 0, 0, 0 
2015-02-09T06:17:30, 11.810177305, 0, 0, 0 
2015-02-09T06:22:30, 11.7844444444, 0, 0, 0 
2015-02-09T06:27:30, 11.7266077739, 0, 0, 0 
2015-02-09T06:32:30, 11.6859566787, 0, 0, 0 
2015-02-09T06:37:30, 11.675483871, 0, 0, 0 
2015-02-09T06:42:30, 11.6752280702, 0, 0, 0 
2015-02-09T06:47:30, 11.6526041667, 0, 0, 0 
2015-02-09T06:52:30, 11.609965035, 0, 0, 0 
2015-02-09T06:57:30, 11.5826480836, 0, 0, 0 
2015-02-09T07:02:30, 11.5537241379, 0, 0, 0 
2015-02-09T07:07:30, 11.5444483986, 0, 0, 0 
2015-02-09T07:12:30, 11.5304270463, 0, 0, 0 
2015-02-09T07:17:30, 11.5306506849, 0, 0, 0 
2015-02-09T07:22:30, 11.5253684211, 0, 0, 0 
2015-02-09T07:27:30, 11.5228214286, 0, 0, 0 
2015-02-09T07:32:30, 11.5203092784, 0, 0, 0 
2015-02-09T07:37:30, 11.5103521127, 0, 0, 0 
2015-02-09T07:42:30, 11.454028777, 0, 0, 0 
2015-02-09T07:47:30, 11.3978798587, 0, 0, 0 
2015-02-09T07:52:30, 11.3848591549, 0, 0, 0 
2015-02-09T07:57:30, 11.370729927, 0, 0, 0 
2015-02-09T08:02:30, 11.3679061372, 0, 0, 0 
2015-02-09T08:07:30, 11.368, 0, 0, 0 
2015-02-09T08:12:30, 11.3655254237, 0, 0, 0 
2015-02-09T08:17:30, 11.3569485294, 0, 0, 0 
2015-02-09T08:22:30, 11.3476618705, 0, 0, 0 
2015-02-09T08:27:30, 11.3599637681, 0, 0, 0 
2015-02-09T08:32:30, 11.3597826087, 0, 0, 0 
2015-02-09T08:37:30, 11.3606896552, 0, 0, 0 
2015-02-09T08:42:30, 11.3607958478, 0, 0, 0 
2015-02-09T08:47:30, 11.354664311, 0, 0, 0 
2015-02-09T08:52:30, 11.3128873239, 0, 0, 0 
2015-02-09T08:57:30, 11.2780681818, 0, 0, 0 
2015-02-09T09:02:30, 11.2622695035, 0, 0, 0 
2015-02-09T09:07:30, 11.2588808664, 0, 0, 0 
2015-02-09T09:12:30, 11.2475945017, 0, 0, 0 
2015-02-09T09:17:30, 11.2360661765, 0, 0, 0 
2015-02-09T09:22:30, 11.2276, 0, 0, 0 
2015-02-09T09:27:30, 11.223992674, 0, 0, 0 
2015-02-09T09:32:30, 11.2186466165, 0, 0, 0 
2015-02-09T09:37:30, 11.221799308, 0, 0, 0 
2015-02-09T09:42:30, 11.2219029851, 0, 0, 0 
2015-02-09T09:47:30, 11.2389084507, 0, 0, 0 
2015-02-09T09:52:30, 11.2493478261, 0, 0, 0 
2015-02-09T09:57:30, 11.26025, 0, 0, 0 
2015-02-09T10:02:30, 11.2293706294, 0, 0, 0 
2015-02-09T10:07:30, 11.2598566308, 0, 0, 0 
2015-02-09T10:12:30, 11.2548387097, 0, 0, 0 
2015-02-09T10:17:30, 11.2592932862, 0, 0, 0 
2015-02-09T10:22:30, 11.2603296703, 0, 0, 0 
2015-02-09T10:27:30, 11.268, 0, 0, 0 
2015-02-09T10:32:30, 11.2208960573, 0, 0, 0 
2015-02-09T10:37:30, 11.2244290657, 0, 0, 0 
2015-02-09T10:42:30, 11.3207806691, 0, 0, 0 
2015-02-09T10:47:30, 11.4196, 0, 0, 0 
2015-02-09T10:52:30, 11.5347101449, 0, 0, 0 
2015-02-09T10:57:30, 11.655795053, 0, 0, 0 
2015-02-09T11:02:30, 11.701584507, 0, 0, 0 
2015-02-09T11:07:30, 11.8218685121, 0, 0, 0 
2015-02-09T11:12:30, 11.8715412186, 0, 0, 0 
2015-02-09T11:17:30, 11.9865090909, 0, 0, 0 
2015-02-09T11:22:30, 12.0357093426, 0, 0, 0 
2015-02-09T11:27:30, 12.1486296296, 0, 0, 0 
2015-02-09T11:32:30, 12.2153521127, 0, 0, 0 
2015-02-09T11:37:30, 12.3059929078, 0, 0, 0 
2015-02-09T11:42:30, 12.410449827, 0, 0, 0 
2015-02-09T11:47:30, 12.4788194444, 0, 0, 0 
2015-02-09T11:52:30, 12.5742198582, 0, 0, 0 
2015-02-09T11:57:30, 12.6266544118, 0, 0, 0 
2015-02-09T12:02:30, 12.6709187279, 0, 0, 0 
2015-02-09T12:07:30, 12.7705423729, 0, 0, 0 
2015-02-09T12:12:30, 12.8023758865, 0, 0, 0 
2015-02-09T12:17:30, 12.9082720588, 0, 0, 0 
2015-02-09T12:22:30, 12.9460854093, 0, 0, 0 
2015-02-09T12:27:30, 13.0524113475, 0, 0, 0 
2015-02-09T12:32:30, 13.0913986014, 0, 0, 0 
2015-02-09T12:37:30, 13.194519573, 0, 0, 0 
2015-02-09T12:42:30, 13.269084507, 0, 0, 0 
2015-02-09T12:47:30, 13.356993007, 0, 0, 0 
2015-02-09T12:52:30, 13.4315, 0, 0, 0 
2015-02-09T12:57:30, 13.543745583, 0, 0, 0 
2015-02-09T13:02:30, 13.5905244755, 0, 0, 0 
2015-02-09T13:07:30, 13.6993793103, 0, 0, 0 
2015-02-09T13:12:30, 13.7437234043, 0, 0, 0 
2015-02-09T13:17:30, 13.8413207547, 0, 0, 0 
2015-02-09T13:22:30, 13.9161029412, 0, 0, 0 
2015-02-09T13:27:30, 14.0045054945, 0, 0, 0 
2015-02-09T13:32:30, 14.0438596491, 0, 0, 0 
2015-02-09T13:37:30, 14.1544599303, 0, 0, 0 
2015-02-09T13:42:30, 14.2078947368, 0, 0, 0 
2015-02-09T13:47:30, 14.3080851064, 0, 0, 0 
2015-02-09T13:52:30, 14.3657839721, 0, 0, 0 
2015-02-09T13:57:30, 14.4621501706, 0, 0, 0 
2015-02-09T14:02:30, 14.4846875, 0, 0, 0 
2015-02-09T14:07:30, 14.5562975779, 0, 0, 0 
2015-02-09T14:12:30, 14.6348351648, 0, 0, 0 
2015-02-09T14:17:30, 14.7401056338, 0, 0, 0 
2015-02-09T14:22:30, 14.7826760563, 0, 0, 0 
2015-02-09T14:27:30, 14.8838628159, 0, 0, 0 
2015-02-09T14:32:30, 14.9361245675, 0, 0, 0 
2015-02-09T14:37:30, 15.0231768953, 0, 0, 0 
2015-02-09T14:42:30, 15.0825263158, 0, 0, 0 
2015-02-09T14:47:30, 15.1410839161, 0, 0, 0 
2015-02-09T14:52:30, 15.2175086505, 0, 0, 0 
2015-02-09T14:57:30, 15.2595862069, 0, 0, 0 
2015-02-09T15:02:30, 15.3577241379, 0, 0, 0 
2015-02-09T15:07:30, 15.3960714286, 0, 0, 0 
2015-02-09T15:12:30, 15.4541258741, 0, 0, 0 
2015-02-09T15:17:30, 15.5093189964, 0, 0, 0 
2015-02-09T15:22:30, 15.5698201439, 0, 0, 0 
2015-02-09T15:27:30, 15.6594076655, 0, 0, 0 
2015-02-09T15:32:30, 15.6855633803, 0, 0, 0 
2015-02-09T15:37:30, 15.7170175439, 0, 0, 0 
2015-02-09T15:42:30, 15.7994014085, 0, 0, 0 
2015-02-09T15:47:30, 15.8485106383, 0, 0, 0 
2015-02-09T15:52:30, 15.8493238434, 0, 0, 0 
2015-02-09T15:57:30, 15.8700350877, 0, 0, 0 
2015-02-09T16:02:30, 15.9809642857, 0, 0, 0 
2015-02-09T16:07:30, 16.044352518, 0, 0, 0 
2015-02-09T16:12:30, 16.1427304965, 0, 0, 0 
2015-02-09T16:17:30, 16.1688659794, 0, 0, 0 
2015-02-09T16:22:30, 16.2710839161, 0, 0, 0 
2015-02-09T16:27:30, 16.3144444444, 0, 0, 0 
2015-02-09T16:32:30, 16.3874729242, 0, 0, 0 
2015-02-09T16:37:30, 16.454765343, 0, 0, 0 
2015-02-09T16:42:30, 16.4935438596, 0, 0, 0 
2015-02-09T16:47:30, 16.5522887324, 0, 0, 0 
2015-02-09T16:52:30, 16.5577508651, 0, 0, 0 
2015-02-09T16:57:30, 16.5534982332, 0, 0, 0 
2015-02-09T17:02:30, 16.5122222222, 0, 0, 0 
2015-02-09T17:07:30, 16.4717894737, 0, 0, 0 
2015-02-09T17:12:30, 16.4513732394, 0, 0, 0 
2015-02-09T17:17:30, 16.4420408163, 0, 0, 0 
2015-02-09T17:22:30, 16.4196819788, 0, 0, 0 
2015-02-09T17:27:30, 16.3987889273, 0, 0, 0 
2015-02-09T17:32:30, 16.375, 0, 0, 0 
2015-02-09T17:37:30, 16.3796153846, 0, 0, 0 
2015-02-09T17:42:30, 16.3490070922, 0, 0, 0 
2015-02-09T17:47:30, 16.3262020906, 0, 0, 0 
2015-02-09T17:52:30, 16.3094814815, 0, 0, 0 
2015-02-09T17:57:30, 16.3168661972, 0, 0, 0 
2015-02-09T18:02:30, 16.3118402778, 0, 0, 0 
2015-02-09T18:07:30, 16.2947902098, 0, 0, 0 
2015-02-09T18:12:30, 16.2818661972, 0, 0, 0 
2015-02-09T18:17:30, 16.2790425532, 0, 0, 0 
2015-02-09T18:22:30, 16.2796703297, 0, 0, 0 
2015-02-09T18:27:30, 16.2646268657, 0, 0, 0 
2015-02-09T18:32:30, 16.2433807829, 0, 0, 0 
2015-02-09T18:37:30, 16.2254736842, 0, 0, 0 
2015-02-09T18:42:30, 16.2241754386, 0, 0, 0 
2015-02-09T18:47:30, 16.1716027875, 0, 0, 0 
2015-02-09T18:52:30, 16.1602047782, 0, 0, 0 
2015-02-09T18:57:30, 16.1447222222, 0, 0, 0 
2015-02-09T19:02:30, 16.1307958478, 0, 0, 0 
2015-02-09T19:07:30, 16.1220357143, 0, 0, 0 
2015-02-09T19:12:30, 16.1174204947, 0, 0, 0 
2015-02-09T19:17:30, 16.1131205674, 0, 0, 0 
2015-02-09T19:22:30, 16.1073195876, 0, 0, 0 
2015-02-09T19:27:30, 16.075467128, 0, 0, 0 
2015-02-09T19:32:30, 16.0556630824, 0, 0, 0 
2015-02-09T19:37:30, 16.027630662, 0, 0, 0 
2015-02-09T19:42:30, 15.983442029, 0, 0, 0 
2015-02-09T19:47:30, 15.9702787456, 0, 0, 0 
2015-02-09T19:52:30, 15.9587062937, 0, 0, 0 
2015-02-09T19:57:30, 15.9455072464, 0, 0, 0 
2015-02-09T20:02:30, 15.9318115942, 0, 0, 0 
2015-02-09T20:07:30, 15.8979569892, 0, 0, 0 
2015-02-09T20:12:30, 15.8461538462, 0, 0, 0 
2015-02-09T20:17:30, 15.8256227758, 0, 0, 0 
2015-02-09T20:22:30, 15.8103558719, 0, 0, 0 
2015-02-09T20:27:30, 15.8085314685, 0, 0, 0 
2015-02-09T20:32:30, 15.8016955017, 0, 0, 0 
2015-02-09T20:37:30, 15.7722145329, 0, 0, 0 
2015-02-09T20:42:30, 15.7219133574, 0, 0, 0 
2015-02-09T20:47:30, 15.696884058, 0, 0, 0 
2015-02-09T20:52:30, 15.6782624113, 0, 0, 0 
2015-02-09T20:57:30, 15.6725899281, 0, 0, 0 
2015-02-09T21:02:30, 15.6670790378, 0, 0, 0 
2015-02-09T21:07:30, 15.6555517241, 0, 0, 0 
2015-02-09T21:12:30, 15.6541319444, 0, 0, 0 
2015-02-09T21:17:30, 15.65, 0, 0, 0 
2015-02-09T21:22:30, 15.6535125448, 0, 0, 0 
2015-02-09T21:27:30, 15.6245936396, 0, 0, 0 
2015-02-09T21:32:30, 15.5917081851, 0, 0, 0 
2015-02-09T21:37:30, 15.5255017301, 0, 0, 0 
2015-02-09T21:42:30, 15.5125641026, 0, 0, 0 
2015-02-09T21:47:30, 15.51, 0, 0, 0 
2015-02-09T21:52:30, 15.5101132075, 0, 0, 0 
2015-02-09T21:57:30, 15.4913090909, 0, 0, 0 
2015-02-09T22:02:30, 15.4676655052, 0, 0, 0 
2015-02-09T22:07:30, 15.4478214286, 0, 0, 0 
2015-02-09T22:12:30, 15.4302473498, 0, 0, 0 
2015-02-09T22:17:30, 15.4126618705, 0, 0, 0 
2015-02-09T22:22:30, 15.3894604317, 0, 0, 0 
2015-02-09T22:27:30, 15.378615917, 0, 0, 0 
2015-02-09T22:32:30, 15.3577338129, 0, 0, 0 
2015-02-09T22:37:30, 15.3554035088, 0, 0, 0 
2015-02-09T22:42:30, 15.3560409556, 0, 0, 0 
2015-02-09T22:47:30, 15.3542198582, 0, 0, 0 
2015-02-09T22:52:30, 15.3538181818, 0, 0, 0 
2015-02-09T22:57:30, 15.3491666667, 0, 0, 0 
2015-02-09T23:02:30, 15.338877193, 0, 0, 0 
2015-02-09T23:07:30, 15.3164855072, 0, 0, 0 
2015-02-09T23:12:30, 15.2883272727, 0, 0, 0 
2015-02-09T23:17:30, 15.2580072464, 0, 0, 0 
2015-02-09T23:22:30, 15.2345985401, 0, 0, 0 
2015-02-09T23:27:30, 15.2075704225, 0, 0, 0 
2015-02-09T23:32:30, 15.2030072464, 0, 0, 0 
2015-02-09T23:37:30, 15.2020216606, 0, 0, 0 
2015-02-09T23:42:30, 15.2021708185, 0, 0, 0 
2015-02-09T23:47:30, 15.201048951, 0, 0, 0 
2015-02-09T23:52:30, 15.200747331, 0, 0, 0 
2015-02-09T23:57:30, 15.2025085911, 0, 0, 0 
2015-02-10T00:02:30, 15.2001384083, 0, 0, 0 
2015-02-10T00:07:30, 15.1987307692, 0, 0, 0 
2015-02-10T00:12:30, 15.2018705036, 0, 0, 0 
2015-02-10T00:17:30, 15.1970462633, 0, 0, 0 
2015-02-10T00:22:30, 15.1940530303, 0, 0, 0 
2015-02-10T00:27:30, 15.1921785714, 0, 0, 0 
2015-02-10T00:32:30, 15.193297491, 0, 0, 0 
2015-02-10T00:37:30, 15.1915750916, 0, 0, 0 
2015-02-10T00:42:30, 15.1849090909, 0, 0, 0 
2015-02-10T00:47:30, 15.1636842105, 0, 0, 0 
2015-02-10T00:52:30, 15.1444404332, 0, 0, 0 
2015-02-10T00:57:30, 15.0946099291, 0, 0, 0 
2015-02-10T01:02:30, 15.0874216028, 0, 0, 0 
2015-02-10T01:07:30, 15.0587279152, 0, 0, 0 
2015-02-10T01:12:30, 15.0477007299, 0, 0, 0 
2015-02-10T01:17:30, 15.0474385965, 0, 0, 0 
2015-02-10T01:22:30, 15.0489928058, 0, 0, 0 
2015-02-10T01:27:30, 15.0499644128, 0, 0, 0 
2015-02-10T01:32:30, 15.044676259, 0, 0, 0 
2015-02-10T01:37:30, 15.0453763441, 0, 0, 0 
2015-02-10T01:42:30, 15.0402536232, 0, 0, 0 
2015-02-10T01:47:30, 15.040326087, 0, 0, 0 
2015-02-10T01:52:30, 15.0374817518, 0, 0, 0 
2015-02-10T01:57:30, 15.0230769231, 0, 0, 0 
2015-02-10T02:02:30, 15.0142657343, 0, 0, 0 
2015-02-10T02:07:30, 14.995248227, 0, 0, 0 
2015-02-10T02:12:30, 14.9801748252, 0, 0, 0 
2015-02-10T02:17:30, 14.9734057971, 0, 0, 0 
2015-02-10T02:22:30, 14.9466206897, 0, 0, 0 
2015-02-10T02:27:30, 14.9388339223, 0, 0, 0 
2015-02-10T02:32:30, 14.9106737589, 0, 0, 0 
2015-02-10T02:37:30, 14.8990877193, 0, 0, 0 
2015-02-10T02:42:30, 14.9049270073, 0, 0, 0 
2015-02-10T02:47:30, 14.9034519573, 0, 0, 0 
2015-02-10T02:52:30, 14.8966211604, 0, 0, 0 
2015-02-10T02:57:30, 14.8970344828, 0, 0, 0 
2015-02-10T03:02:30, 14.8936619718, 0, 0, 0 
2015-02-10T03:07:30, 14.8946666667, 0, 0, 0 
2015-02-10T03:12:30, 14.8951079137, 0, 0, 0 
2015-02-10T03:17:30, 14.8933561644, 0, 0, 0 
2015-02-10T03:22:30, 14.8927304965, 0, 0, 0 
2015-02-10T03:27:30, 14.8943115942, 0, 0, 0 
2015-02-10T03:32:30, 14.8831707317, 0, 0, 0 
2015-02-10T03:37:30, 14.879825784, 0, 0, 0 
2015-02-10T03:42:30, 14.8859219858, 0, 0, 0 
2015-02-10T03:47:30, 14.8787762238, 0, 0, 0 
2015-02-10T03:52:30, 14.8827472527, 0, 0, 0 
2015-02-10T03:57:30, 14.8715471698, 0, 0, 0 
2015-02-10T04:02:30, 14.8460689655, 0, 0, 0 
2015-02-10T04:07:30, 14.8267241379, 0, 0, 0 
2015-02-10T04:12:30, 14.8034965035, 0, 0, 0 
2015-02-10T04:17:30, 14.7992439863, 0, 0, 0 
2015-02-10T04:22:30, 14.7957801418, 0, 0, 0 
2015-02-10T04:27:30, 14.7798207885, 0, 0, 0 
2015-02-10T04:32:30, 14.7835314685, 0, 0, 0 
2015-02-10T04:37:30, 14.7776610169, 0, 0, 0 
2015-02-10T04:42:30, 14.778466899, 0, 0, 0 
2015-02-10T04:47:30, 14.7743928571, 0, 0, 0 
2015-02-10T04:52:30, 14.7855438596, 0, 0, 0 
2015-02-10T04:57:30, 14.7642105263, 0, 0, 0 
2015-02-10T05:02:30, 14.7653736655, 0, 0, 0 
2015-02-10T05:07:30, 14.7536200717, 0, 0, 0 
2015-02-10T05:12:30, 14.7461937716, 0, 0, 0 
2015-02-10T05:17:30, 14.7466784452, 0, 0, 0 
2015-02-10T05:22:30, 14.7432746479, 0, 0, 0 
2015-02-10T05:27:30, 14.7376811594, 0, 0, 0 
2015-02-10T05:32:30, 14.7331071429, 0, 0, 0 
2015-02-10T05:37:30, 14.7276388889, 0, 0, 0 
2015-02-10T05:42:30, 14.729122807, 0, 0, 0 
2015-02-10T05:47:30, 14.7303460208, 0, 0, 0 
2015-02-10T05:52:30, 14.7327304965, 0, 0, 0 
2015-02-10T05:57:30, 14.725229682, 0, 0, 0 
2015-02-10T06:02:30, 14.7202517986, 0, 0, 0 
2015-02-10T06:07:30, 14.7266428571, 0, 0, 0 
2015-02-10T06:12:30, 14.7090681004, 0, 0, 0 
2015-02-10T06:17:30, 14.710212766, 0, 0, 0 
2015-02-10T06:22:30, 14.7004513889, 0, 0, 0 
2015-02-10T06:27:30, 14.6860416667, 0, 0, 0 
2015-02-10T06:32:30, 14.6688421053, 0, 0, 0 
2015-02-10T06:37:30, 14.6639721254, 0, 0, 0 
2015-02-10T06:42:30, 14.6471080139, 0, 0, 0 
2015-02-10T06:47:30, 14.6119163763, 0, 0, 0 
2015-02-10T06:52:30, 14.6006360424, 0, 0, 0 
2015-02-10T06:57:30, 14.5971724138, 0, 0, 0 
2015-02-10T07:02:30, 14.5979649123, 0, 0, 0 
2015-02-10T07:07:30, 14.5902061856, 0, 0, 0 
2015-02-10T07:12:30, 14.5925255973, 0, 0, 0 
2015-02-10T07:17:30, 14.5950176678, 0, 0, 0 
2015-02-10T07:22:30, 14.592996633, 0, 0, 0 
2015-02-10T07:27:30, 14.5989824561, 0, 0, 0 
2015-02-10T07:32:30, 14.6023367698, 0, 0, 0 
2015-02-10T07:37:30, 14.5977304965, 0, 0, 0 
2015-02-10T07:42:30, 14.5904609929, 0, 0, 0 
2015-02-10T07:47:30, 14.5883802817, 0, 0, 0 
2015-02-10T07:52:30, 14.5857243816, 0, 0, 0 
2015-02-10T07:57:30, 14.5850853242, 0, 0, 0 
2015-02-10T08:02:30, 14.5825899281, 0, 0, 0 
2015-02-10T08:07:30, 14.5704166667, 0, 0, 0 
2015-02-10T08:12:30, 14.5592439863, 0, 0, 0 
2015-02-10T08:17:30, 14.5638790036, 0, 0, 0 
2015-02-10T08:22:30, 14.5612802768, 0, 0, 0 
2015-02-10T08:27:30, 14.5547635135, 0, 0, 0 
2015-02-10T08:32:30, 14.5486330935, 0, 0, 0 
2015-02-10T08:37:30, 14.5584246575, 0, 0, 0 
2015-02-10T08:42:30, 14.5676896552, 0, 0, 0 
2015-02-10T08:47:30, 14.5672696246, 0, 0, 0 
2015-02-10T08:52:30, 14.5596206897, 0, 0, 0 
2015-02-10T08:57:30, 14.5883516484, 0, 0, 0 
2015-02-10T09:02:30, 14.6090559441, 0, 0, 0 
2015-02-10T09:07:30, 14.7108865248, 0, 0, 0 
2015-02-10T09:12:30, 14.7563103448, 0, 0, 0 
2015-02-10T09:17:30, 14.86975, 0, 0, 0 
2015-02-10T09:22:30, 14.9259010601, 0, 0, 0 
2015-02-10T09:27:30, 15.0250359712, 0, 0, 0 
2015-02-10T09:32:30, 15.0712, 0, 0, 0 
2015-02-10T09:37:30, 15.1510452962, 0, 0, 0 
2015-02-10T09:42:30, 15.2134129693, 0, 0, 0 
2015-02-10T09:47:30, 15.2618055556, 0, 0, 0 
2015-02-10T09:52:30, 15.3502473498, 0, 0, 0 
2015-02-10T09:57:30, 15.3924468085, 0, 0, 0 
2015-02-10T10:02:30, 15.4965371025, 0, 0, 0 
2015-02-10T10:07:30, 15.5363763066, 0, 0, 0 
2015-02-10T10:12:30, 15.5533680556, 0, 0, 0 
2015-02-10T10:17:30, 15.7006944444, 0, 0, 0 
2015-02-10T10:22:30, 16.4203135889, 0, 0, 0 
2015-02-10T10:27:30, 17.1561702128, 0, 0, 0 
2015-02-10T10:32:30, 17.8181949458, 0, 0, 0 
2015-02-10T10:37:30, 18.485942029, 0, 0, 0 
2015-02-10T10:42:30, 19.097122807, 0, 0, 0 
2015-02-10T10:47:30, 19.7010801394, 0, 0, 0 
2015-02-10T10:52:30, 20.3240780142, 0, 0, 0 
2015-02-10T10:57:30, 20.8966783217, 0, 0, 0 
2015-02-10T11:02:30, 21.4787108014, 0, 0, 0 
2015-02-10T11:07:30, 22.0480555556, 0, 0, 0 
2015-02-10T11:12:30, 22.5910320285, 0, 0, 0 
2015-02-10T11:17:30, 23.1392013889, 0, 0, 0 
2015-02-10T11:22:30, 23.8473943662, 0, 0, 0 
2015-02-10T11:27:30, 24.6285121107, 0, 0, 0 
2015-02-10T11:32:30, 24.7487279152, 0, 0, 0 
2015-02-10T11:37:30, 25.2123674912, 0, 0, 0 
2015-02-10T11:42:30, 25.7292605634, 0, 0, 0 
2015-02-10T11:47:30, 26.2261837456, 0, 0, 0 
2015-02-10T11:52:30, 26.6939575972, 0, 0, 0 
2015-02-10T11:57:30, 27.1614736842, 0, 0, 0 
2015-02-10T12:02:30, 27.6132269504, 0, 0, 0 
2015-02-10T12:07:30, 27.9150519031, 0, 0, 0 
2015-02-10T12:12:30, 27.9223131673, 0, 0, 0 
2015-02-10T12:17:30, 28.1574216028, 0, 0, 0 
2015-02-10T12:22:30, 28.5192041522, 0, 0, 0 
2015-02-10T12:27:30, 28.6429310345, 0, 0, 0 
2015-02-10T12:32:30, 28.5451557093, 0, 0, 0 
2015-02-10T12:37:30, 28.4078596491, 0, 0, 0 
2015-02-10T12:42:30, 28.1661168385, 0, 0, 0 
2015-02-10T12:47:30, 27.9337024221, 0, 0, 0 
2015-02-10T12:52:30, 27.7409215017, 0, 0, 0 
2015-02-10T12:57:30, 27.5971186441, 0, 0, 0 
2015-02-10T13:02:30, 27.4418181818, 0, 0, 0 
2015-02-10T13:07:30, 27.2811231884, 0, 0, 0 
2015-02-10T13:12:30, 27.1387372014, 0, 0, 0 
2015-02-10T13:17:30, 27.0504529617, 0, 0, 0 
2015-02-10T13:22:30, 26.9509756098, 0, 0, 0 
2015-02-10T13:27:30, 26.9128776978, 0, 0, 0 
2015-02-10T13:32:30, 26.8617465753, 0, 0, 0 
2015-02-10T13:37:30, 26.8550511945, 0, 0, 0 
2015-02-10T13:42:30, 26.7062989324, 0, 0, 0 
2015-02-10T13:47:30, 26.2834027778, 0, 0, 0 
2015-02-10T13:52:30, 26.0615972222, 0, 0, 0 
2015-02-10T13:57:30, 25.9435640138, 0, 0, 0 
2015-02-10T14:02:30, 25.8341342756, 0, 0, 0 
2015-02-10T14:07:30, 25.7695486111, 0, 0, 0 
2015-02-10T14:12:30, 25.7622648084, 0, 0, 0 
2015-02-10T14:17:30, 25.804532872, 0, 0, 0 
2015-02-10T14:22:30, 25.8824221453, 0, 0, 0 
2015-02-10T14:27:30, 25.9729225352, 0, 0, 0 
2015-02-10T14:32:30, 26.0530902778, 0, 0, 0 
2015-02-10T14:37:30, 26.1557142857, 0, 0, 0 
2015-02-10T14:42:30, 26.2521052632, 0, 0, 0 
2015-02-10T14:47:30, 26.3746975089, 0, 0, 0 
2015-02-10T14:52:30, 26.4300687285, 0, 0, 0 
2015-02-10T14:57:30, 26.584765343, 0, 0, 0 
2015-02-10T15:02:30, 26.6935862069, 0, 0, 0 
2015-02-10T15:07:30, 26.8213978495, 0, 0, 0 
2015-02-10T15:12:30, 26.9060854093, 0, 0, 0 
2015-02-10T15:17:30, 26.9886148649, 0, 0, 0 
2015-02-10T15:22:30, 27.103041958, 0, 0, 0 
2015-02-10T15:27:30, 27.1922105263, 0, 0, 0 
2015-02-10T15:32:30, 27.2253846154, 0, 0, 0 
2015-02-10T15:37:30, 27.2921830986, 0, 0, 0 
2015-02-10T15:42:30, 27.3068728522, 0, 0, 0 
2015-02-10T15:47:30, 27.3700347222, 0, 0, 0 
2015-02-10T15:52:30, 27.3645964912, 0, 0, 0 
2015-02-10T15:57:30, 27.3957857143, 0, 0, 0 
2015-02-10T16:02:30, 27.4124028269, 0, 0, 0 
2015-02-10T16:07:30, 27.339352518, 0, 0, 0 
2015-02-10T16:12:30, 27.2208304498, 0, 0, 0 
2015-02-10T16:17:30, 27.130034965, 0, 0, 0 
2015-02-10T16:22:30, 27.072455516, 0, 0, 0 
2015-02-10T16:27:30, 26.986993007, 0, 0, 0 
2015-02-10T16:32:30, 26.9294845361, 0, 0, 0 
2015-02-10T16:37:30, 26.9201038062, 0, 0, 0 
2015-02-10T16:42:30, 26.868057554, 0, 0, 0 
2015-02-10T16:47:30, 26.8254421769, 0, 0, 0 
2015-02-10T16:52:30, 26.7856491228, 0, 0, 0 
2015-02-10T16:57:30, 26.7619112628, 0, 0, 0 
2015-02-10T17:02:30, 26.7575432526, 0, 0, 0 
2015-02-10T17:07:30, 26.8183391003, 0, 0, 0 
2015-02-10T17:12:30, 26.8173404255, 0, 0, 0 
2015-02-10T17:17:30, 26.8744097222, 0, 0, 0 
2015-02-10T17:22:30, 26.9126712329, 0, 0, 0 
2015-02-10T17:27:30, 26.9414946619, 0, 0, 0 
2015-02-10T17:32:30, 26.8837931034, 0, 0, 0 
2015-02-10T17:37:30, 26.7974482759, 0, 0, 0 
2015-02-10T17:42:30, 26.7363380282, 0, 0, 0 
2015-02-10T17:47:30, 26.7100342466, 0, 0, 0 
2015-02-10T17:52:30, 26.684765343, 0, 0, 0 
2015-02-10T17:57:30, 26.6475767918, 0, 0, 0 
2015-02-10T18:02:30, 26.6208928571, 0, 0, 0 
2015-02-10T18:07:30, 26.5828668942, 0, 0, 0 
2015-02-10T18:12:30, 26.5630449827, 0, 0, 0 
2015-02-10T18:17:30, 26.5184397163, 0, 0, 0 
2015-02-10T18:22:30, 26.4433450704, 0, 0, 0 
2015-02-10T18:27:30, 26.4365107914, 0, 0, 0 
2015-02-10T18:32:30, 26.405754386, 0, 0, 0 
2015-02-10T18:37:30, 26.406245614, 0, 0, 0 
2015-02-10T18:42:30, 26.4003436426, 0, 0, 0 
2015-02-10T18:47:30, 26.3709027778, 0, 0, 0 
2015-02-10T18:52:30, 26.3406620209, 0, 0, 0 
2015-02-10T18:57:30, 26.3330526316, 0, 0, 0 
2015-02-10T19:02:30, 26.3169686411, 0, 0, 0 
2015-02-10T19:07:30, 26.3152901024, 0, 0, 0 
2015-02-10T19:12:30, 26.2979787234, 0, 0, 0 
2015-02-10T19:17:30, 26.2666903915, 0, 0, 0 
2015-02-10T19:22:30, 26.2428671329, 0, 0, 0 
2015-02-10T19:27:30, 26.218006993, 0, 0, 0 
2015-02-10T19:32:30, 26.205137931, 0, 0, 0 
2015-02-10T19:37:30, 26.1775874126, 0, 0, 0 
2015-02-10T19:42:30, 26.1470731707, 0, 0, 0 
2015-02-10T19:47:30, 26.1402076125, 0, 0, 0 
2015-02-10T19:52:30, 26.1194265233, 0, 0, 0 
2015-02-10T19:57:30, 26.1051428571, 0, 0, 0 
2015-02-10T20:02:30, 26.0655244755, 0, 0, 0 
2015-02-10T20:07:30, 26.0426736111, 0, 0, 0 
2015-02-10T20:12:30, 26.009100346, 0, 0, 0 
2015-02-10T20:17:30, 25.9747750865, 0, 0, 0 
2015-02-10T20:22:30, 25.9474216028, 0, 0, 0 
2015-02-10T20:27:30, 25.915395189, 0, 0, 0 
2015-02-10T20:32:30, 25.8865602837, 0, 0, 0 
2015-02-10T20:37:30, 25.8741342756, 0, 0, 0 
2015-02-10T20:42:30, 25.8394463668, 0, 0, 0 
2015-02-10T20:47:30, 25.7845907473, 0, 0, 0 
2015-02-10T20:52:30, 25.7529896907, 0, 0, 0 
2015-02-10T20:57:30, 25.759347079, 0, 0, 0 
2015-02-10T21:02:30, 25.7303484321, 0, 0, 0 
2015-02-10T21:07:30, 25.7103914591, 0, 0, 0 
2015-02-10T21:12:30, 25.7023591549, 0, 0, 0 
2015-02-10T21:17:30, 25.6656445993, 0, 0, 0 
2015-02-10T21:22:30, 25.6545454545, 0, 0, 0 
2015-02-10T21:27:30, 25.6255749129, 0, 0, 0 
2015-02-10T21:32:30, 25.582733564, 0, 0, 0 
2015-02-10T21:37:30, 25.5776896552, 0, 0, 0 
2015-02-10T21:42:30, 25.562233677, 0, 0, 0 
2015-02-10T21:47:30, 25.5184210526, 0, 0, 0 
2015-02-10T21:52:30, 25.4967383513, 0, 0, 0 
2015-02-10T21:57:30, 25.4988111888, 0, 0, 0 
2015-02-10T22:02:30, 25.474751773, 0, 0, 0 
2015-02-10T22:07:30, 25.4489198606, 0, 0, 0 
2015-02-10T22:12:30, 25.4125259516, 0, 0, 0 
2015-02-10T22:17:30, 25.3787769784, 0, 0, 0 
2015-02-10T22:22:30, 25.3605172414, 0, 0, 0 
2015-02-10T22:27:30, 25.3452083333, 0, 0, 0 
2015-02-10T22:32:30, 25.3241666667, 0, 0, 0 
2015-02-10T22:37:30, 25.2864893617, 0, 0, 0 
2015-02-10T22:42:30, 25.2574475524, 0, 0, 0 
2015-02-10T22:47:30, 25.226440678, 0, 0, 0 
2015-02-10T22:52:30, 25.197862069, 0, 0, 0 
2015-02-10T22:57:30, 25.1955087719, 0, 0, 0 
2015-02-10T23:02:30, 25.1876056338, 0, 0, 0 
2015-02-10T23:07:30, 25.1536785714, 0, 0, 0 
2015-02-10T23:12:30, 25.1291958042, 0, 0, 0 
2015-02-10T23:17:30, 25.1058333333, 0, 0, 0 
2015-02-10T23:22:30, 25.0758718861, 0, 0, 0 
2015-02-10T23:27:30, 25.051732852, 0, 0, 0 
2015-02-10T23:32:30, 25.0127681661, 0, 0, 0 
2015-02-10T23:37:30, 24.9819512195, 0, 0, 0 
2015-02-10T23:42:30, 24.9714685315, 0, 0, 0 
2015-02-10T23:47:30, 24.971048951, 0, 0, 0 
2015-02-10T23:52:30, 24.9705964912, 0, 0, 0 
2015-02-10T23:57:30, 24.9370318021, 0, 0, 0 
2015-02-11T00:02:30, 24.9419354839, 0, 0, 0 
2015-02-11T00:07:30, 24.9393103448, 0, 0, 0 
2015-02-11T00:12:30, 24.9144169611, 0, 0, 0 
2015-02-11T00:17:30, 24.9068727273, 0, 0, 0 
2015-02-11T00:22:30, 24.8787804878, 0, 0, 0 
2015-02-11T00:27:30, 24.855631769, 0, 0, 0 
2015-02-11T00:32:30, 24.8628571429, 0, 0, 0 
2015-02-11T00:37:30, 24.8294097222, 0, 0, 0 
2015-02-11T00:42:30, 24.8046366782, 0, 0, 0 
2015-02-11T00:47:30, 24.7766315789, 0, 0, 0 
2015-02-11T00:52:30, 24.7456071429, 0, 0, 0 
2015-02-11T00:57:30, 24.7243661972, 0, 0, 0 
2015-02-11T01:02:30, 24.7232413793, 0, 0, 0 
2015-02-11T01:07:30, 24.7001748252, 0, 0, 0 
2015-02-11T01:12:30, 24.6931958763, 0, 0, 0 
2015-02-11T01:17:30, 24.6957638889, 0, 0, 0 
2015-02-11T01:22:30, 24.6878546713, 0, 0, 0 
2015-02-11T01:27:30, 24.6860211268, 0, 0, 0 
2015-02-11T01:32:30, 24.6653658537, 0, 0, 0 
2015-02-11T01:37:30, 24.6530107527, 0, 0, 0 
2015-02-11T01:42:30, 24.6432638889, 0, 0, 0 
2015-02-11T01:47:30, 24.6427777778, 0, 0, 0 
2015-02-11T01:52:30, 24.635, 0, 0, 0 
2015-02-11T01:57:30, 24.6294385965, 0, 0, 0 
2015-02-11T02:02:30, 24.6301034483, 0, 0, 0 
2015-02-11T02:07:30, 24.626875, 0, 0, 0 
2015-02-11T02:12:30, 24.6251578947, 0, 0, 0 
2015-02-11T02:17:30, 24.6229209622, 0, 0, 0 
2015-02-11T02:22:30, 24.6196875, 0, 0, 0 
2015-02-11T02:27:30, 24.6149140893, 0, 0, 0 
2015-02-11T02:32:30, 24.6150344828, 0, 0, 0 
2015-02-11T02:37:30, 24.6139583333, 0, 0, 0 
2015-02-11T02:42:30, 24.6131785714, 0, 0, 0 
2015-02-11T02:47:30, 24.6123344948, 0, 0, 0 
2015-02-11T02:52:30, 24.611884058, 0, 0, 0 
2015-02-11T02:57:30, 24.6124305556, 0, 0, 0 
2015-02-11T03:02:30, 24.6126056338, 0, 0, 0 
2015-02-11T03:07:30, 24.6128865979, 0, 0, 0 
2015-02-11T03:12:30, 24.6114982578, 0, 0, 0 
2015-02-11T03:17:30, 24.6134736842, 0, 0, 0 
2015-02-11T03:22:30, 24.6122145329, 0, 0, 0 
2015-02-11T03:27:30, 24.6136111111, 0, 0, 0 
2015-02-11T03:32:30, 24.6121328671, 0, 0, 0 
2015-02-11T03:37:30, 24.6123776224, 0, 0, 0 
2015-02-11T03:42:30, 24.6126760563, 0, 0, 0 
2015-02-11T03:47:30, 24.6121631206, 0, 0, 0 
2015-02-11T03:52:30, 24.6143382353, 0, 0, 0 
2015-02-11T03:57:30, 24.6133451957, 0, 0, 0 
2015-02-11T04:02:30, 24.6130555556, 0, 0, 0 
2015-02-11T04:07:30, 24.6134050179, 0, 0, 0 
2015-02-11T04:12:30, 24.6122743682, 0, 0, 0 
2015-02-11T04:17:30, 24.6122377622, 0, 0, 0 
2015-02-11T04:22:30, 24.6096071429, 0, 0, 0 
2015-02-11T04:27:30, 24.6093971631, 0, 0, 0 
2015-02-11T04:32:30, 24.6090070922, 0, 0, 0 
2015-02-11T04:37:30, 24.6083629893, 0, 0, 0 
2015-02-11T04:42:30, 24.6094014085, 0, 0, 0 
2015-02-11T04:47:30, 24.6079359431, 0, 0, 0 
2015-02-11T04:52:30, 24.6092041522, 0, 0, 0 
2015-02-11T04:57:30, 24.6086330935, 0, 0, 0 
2015-02-11T05:02:30, 24.6074204947, 0, 0, 0 
2015-02-11T05:07:30, 24.6097090909, 0, 0, 0 
2015-02-11T05:12:30, 24.6116254417, 0, 0, 0 
2015-02-11T05:17:30, 24.6107638889, 0, 0, 0 
2015-02-11T05:22:30, 24.6109964413, 0, 0, 0 
2015-02-11T05:27:30, 24.6125964912, 0, 0, 0 
2015-02-11T05:32:30, 24.5921908127, 0, 0, 0 
2015-02-11T05:37:30, 24.6051291513, 0, 0, 0 
2015-02-11T05:42:30, 24.5921276596, 0, 0, 0 
2015-02-11T05:47:30, 24.5862681159, 0, 0, 0 
2015-02-11T05:52:30, 24.6042560554, 0, 0, 0 
2015-02-11T05:57:30, 24.6022968198, 0, 0, 0 
2015-02-11T06:02:30, 24.5969230769, 0, 0, 0 
2015-02-11T06:07:30, 24.6100342466, 0, 0, 0 
2015-02-11T06:12:30, 24.6085159011, 0, 0, 0 
2015-02-11T06:17:30, 24.6098611111, 0, 0, 0 
2015-02-11T06:22:30, 24.6016549296, 0, 0, 0 
2015-02-11T06:27:30, 24.4861937716, 0, 0, 0 
2015-02-11T06:32:30, 24.2509863946, 0, 0, 0 
2015-02-11T06:37:30, 24.0135986159, 0, 0, 0 
2015-02-11T06:42:30, 23.840877193, 0, 0, 0 
2015-02-11T06:47:30, 23.7646917808, 0, 0, 0 
2015-02-11T06:52:30, 23.7222222222, 0, 0, 0 
2015-02-11T06:57:30, 23.6636236934, 0, 0, 0 
2015-02-11T07:02:30, 23.6444912281, 0, 0, 0 
2015-02-11T07:07:30, 23.6352688172, 0, 0, 0 
2015-02-11T07:12:30, 23.63204947, 0, 0, 0 
2015-02-11T07:17:30, 23.6067820069, 0, 0, 0 
2015-02-11T07:22:30, 23.5946043165, 0, 0, 0 
2015-02-11T07:27:30, 23.5656183746, 0, 0, 0 
2015-02-11T07:32:30, 23.54975, 0, 0, 0 
2015-02-11T07:37:30, 23.523202847, 0, 0, 0 
2015-02-11T07:42:30, 23.5168309859, 0, 0, 0 
2015-02-11T07:47:30, 23.4597132616, 0, 0, 0 
2015-02-11T07:52:30, 23.4622108844, 0, 0, 0 
2015-02-11T07:57:30, 23.4220141343, 0, 0, 0 
2015-02-11T08:02:30, 23.4166666667, 0, 0, 0 
2015-02-11T08:07:30, 23.401358885, 0, 0, 0 
2015-02-11T08:12:30, 23.3763286713, 0, 0, 0 
2015-02-11T08:17:30, 23.3841454545, 0, 0, 0 
2015-02-11T08:22:30, 23.3542253521, 0, 0, 0 
2015-02-11T08:27:30, 23.3521678322, 0, 0, 0 
2015-02-11T08:32:30, 23.34795053, 0, 0, 0 
2015-02-11T08:37:30, 23.348057554, 0, 0, 0 
2015-02-11T08:42:30, 23.3419230769, 0, 0, 0 
2015-02-11T08:47:30, 23.3391843972, 0, 0, 0 
2015-02-11T08:52:30, 23.3364642857, 0, 0, 0 
2015-02-11T08:57:30, 23.3497552448, 0, 0, 0 
2015-02-11T09:02:30, 23.3038675958, 0, 0, 0 
2015-02-11T09:07:30, 23.2927777778, 0, 0, 0 
2015-02-11T09:12:30, 23.3295017794, 0, 0, 0 
2015-02-11T09:17:30, 23.368409894, 0, 0, 0 
2015-02-11T09:22:30, 23.4449469965, 0, 0, 0 
2015-02-11T09:27:30, 23.5102439024, 0, 0, 0 
2015-02-11T09:32:30, 23.5674652778, 0, 0, 0 
2015-02-11T09:37:30, 23.6391843972, 0, 0, 0 
2015-02-11T09:42:30, 24.3496563574, 0, 0, 0 
2015-02-11T09:47:30, 24.7944982699, 0, 0, 0 
2015-02-11T09:52:30, 25.3596415771, 0, 0, 0 
2015-02-11T09:57:30, 25.9260915493, 0, 0, 0 
2015-02-11T10:02:30, 26.4550526316, 0, 0, 0 
2015-02-11T10:07:30, 27.0108540925, 0, 0, 0 
2015-02-11T10:12:30, 27.4382935154, 0, 0, 0 
2015-02-11T10:17:30, 27.8005633803, 0, 0, 0 
2015-02-11T10:22:30, 27.8902097902, 0, 0, 0 
2015-02-11T10:27:30, 27.8751071429, 0, 0, 0 
2015-02-11T10:32:30, 28.0023188406, 0, 0, 0 
2015-02-11T10:37:30, 28.0429537367, 0, 0, 0 
2015-02-11T10:42:30, 27.9451398601, 0, 0, 0 
2015-02-11T10:47:30, 27.8671532847, 0, 0, 0 
2015-02-11T10:52:30, 27.7344483986, 0, 0, 0 
2015-02-11T10:57:30, 27.6233676976, 0, 0, 0 
2015-02-11T11:02:30, 27.5329929577, 0, 0, 0 
2015-02-11T11:07:30, 27.4299658703, 0, 0, 0 
2015-02-11T11:12:30, 27.3619860627, 0, 0, 0 
2015-02-11T11:17:30, 27.3290243902, 0, 0, 0 
2015-02-11T11:22:30, 27.3075177305, 0, 0, 0 
2015-02-11T11:27:30, 27.2793884892, 0, 0, 0 
2015-02-11T11:32:30, 27.2378169014, 0, 0, 0 
2015-02-11T11:37:30, 27.2082758621, 0, 0, 0 
2015-02-11T11:42:30, 27.1970921986, 0, 0, 0 
2015-02-11T11:47:30, 27.1316783217, 0, 0, 0 
2015-02-11T11:52:30, 27.0743859649, 0, 0, 0 
2015-02-11T11:57:30, 27.0376449275, 0, 0, 0 
2015-02-11T12:02:30, 27.0428070175, 0, 0, 0 
2015-02-11T12:07:30, 27.0028222997, 0, 0, 0 
2015-02-11T12:12:30, 27.0121403509, 0, 0, 0 
2015-02-11T12:17:30, 27.0241901408, 0, 0, 0 
2015-02-11T12:22:30, 27.0429285714, 0, 0, 0 
2015-02-11T12:27:30, 27.0505902778, 0, 0, 0 
2015-02-11T12:32:30, 27.0474912892, 0, 0, 0 
2015-02-11T12:37:30, 27.0630612245, 0, 0, 0 
2015-02-11T12:42:30, 27.0680968858, 0, 0, 0 
2015-02-11T12:47:30, 27.0644250871, 0, 0, 0 
2015-02-11T12:52:30, 27.065658363, 0, 0, 0 
2015-02-11T12:57:30, 27.0695683453, 0, 0, 0 
2015-02-11T13:02:30, 27.0594366197, 0, 0, 0 
2015-02-11T13:07:30, 27.0617021277, 0, 0, 0 
2015-02-11T13:12:30, 27.0691608392, 0, 0, 0 
2015-02-11T13:17:30, 27.0913745704, 0, 0, 0 
2015-02-11T13:22:30, 27.0870068027, 0, 0, 0 
2015-02-11T13:27:30, 27.0581481481, 0, 0, 0 
2015-02-11T13:32:30, 27.031443299, 0, 0, 0 
2015-02-11T13:37:30, 27.0386148649, 0, 0, 0 
2015-02-11T13:42:30, 27.0491864407, 0, 0, 0 
2015-02-11T13:47:30, 27.010777027, 0, 0, 0 
2015-02-11T13:52:30, 27.0070863309, 0, 0, 0 
2015-02-11T13:57:30, 26.9960899654, 0, 0, 0 
2015-02-11T14:02:30, 26.995229682, 0, 0, 0 
2015-02-11T14:07:30, 26.9871186441, 0, 0, 0 
2015-02-11T14:12:30, 26.9815140845, 0, 0, 0 
2015-02-11T14:17:30, 26.999430605, 0, 0, 0 
2015-02-11T14:22:30, 27.0040701754, 0, 0, 0 
2015-02-11T14:27:30, 27.0146441948, 0, 0, 0 
2015-02-11T14:32:30, 27.0185273973, 0, 0, 0 
2015-02-11T14:37:30, 27.028442029, 0, 0, 0 
2015-02-11T14:42:30, 27.0257509158, 0, 0, 0 
2015-02-11T14:47:30, 27.0337716263, 0, 0, 0 
2015-02-11T14:52:30, 27.0604827586, 0, 0, 0 
2015-02-11T14:57:30, 27.0279725086, 0, 0, 0 
2015-02-11T15:02:30, 26.962414966, 0, 0, 0 
2015-02-11T15:07:30, 26.9176632302, 0, 0, 0 
2015-02-11T15:12:30, 26.9087030717, 0, 0, 0 
2015-02-11T15:17:30, 26.9426164875, 0, 0, 0 
2015-02-11T15:22:30, 27.0021917808, 0, 0, 0 
2015-02-11T15:27:30, 27.0532142857, 0, 0, 0 
2015-02-11T15:32:30, 27.0530449827, 0, 0, 0 
2015-02-11T15:37:30, 27.0909540636, 0, 0, 0 
2015-02-11T15:42:30, 27.1004181185, 0, 0, 0 
2015-02-11T15:47:30, 27.0720629371, 0, 0, 0 
2015-02-11T15:52:30, 27.0700696864, 0, 0, 0 
2015-02-11T15:57:30, 27.0509594096, 0, 0, 0 
2015-02-11T16:02:30, 27.044471831, 0, 0, 0 
2015-02-11T16:07:30, 27.0237800687, 0, 0, 0 
2015-02-11T16:12:30, 27.0254121864, 0, 0, 0 
2015-02-11T16:17:30, 27.0448432056, 0, 0, 0 
2015-02-11T16:22:30, 27.070652921, 0, 0, 0 
2015-02-11T16:27:30, 27.084929078, 0, 0, 0 
2015-02-11T16:32:30, 27.1083972125, 0, 0, 0 
2015-02-11T16:37:30, 27.0783859649, 0, 0, 0 
2015-02-11T16:42:30, 27.0165397924, 0, 0, 0 
2015-02-11T16:47:30, 26.9682291667, 0, 0, 0 
2015-02-11T16:52:30, 26.9449828179, 0, 0, 0 
2015-02-11T16:57:30, 26.9553472222, 0, 0, 0 
2015-02-11T17:02:30, 26.9439930556, 0, 0, 0 
2015-02-11T17:07:30, 26.9247719298, 0, 0, 0 
2015-02-11T17:12:30, 26.9170212766, 0, 0, 0 
2015-02-11T17:17:30, 26.9313684211, 0, 0, 0 
2015-02-11T17:22:30, 26.9075524476, 0, 0, 0 
2015-02-11T17:27:30, 26.8815972222, 0, 0, 0 
2015-02-11T17:32:30, 26.739100346, 0, 0, 0 
2015-02-11T17:37:30, 26.6368243243, 0, 0, 0 
2015-02-11T17:42:30, 26.5658823529, 0, 0, 0 
2015-02-11T17:47:30, 26.5236111111, 0, 0, 0 
2015-02-11T17:52:30, 26.5026573427, 0, 0, 0 
2015-02-11T17:57:30, 26.5065306122, 0, 0, 0 
2015-02-11T18:02:30, 26.5361458333, 0, 0, 0 
2015-02-11T18:07:30, 26.5646779661, 0, 0, 0 
2015-02-11T18:12:30, 26.5987017544, 0, 0, 0 
2015-02-11T18:17:30, 26.636109215, 0, 0, 0 
2015-02-11T18:22:30, 26.6608710801, 0, 0, 0 
2015-02-11T18:27:30, 26.6848263889, 0, 0, 0 
2015-02-11T18:32:30, 26.7052233677, 0, 0, 0 
2015-02-11T18:37:30, 26.7397931034, 0, 0, 0 
2015-02-11T18:42:30, 26.7718685121, 0, 0, 0 
2015-02-11T18:47:30, 26.7778321678, 0, 0, 0 
2015-02-11T18:52:30, 26.8071875, 0, 0, 0 
2015-02-11T18:57:30, 26.8238487973, 0, 0, 0 
2015-02-11T19:02:30, 26.8468858131, 0, 0, 0 
2015-02-11T19:07:30, 26.8783157895, 0, 0, 0 
2015-02-11T19:12:30, 26.9017241379, 0, 0, 0 
2015-02-11T19:17:30, 26.9255017301, 0, 0, 0 
2015-02-11T19:22:30, 26.9403180212, 0, 0, 0 
2015-02-11T19:27:30, 26.9434722222, 0, 0, 0 
2015-02-11T19:32:30, 26.9664620939, 0, 0, 0 
2015-02-11T19:37:30, 26.9602097902, 0, 0, 0 
2015-02-11T19:42:30, 26.9647349823, 0, 0, 0 
2015-02-11T19:47:30, 26.974982699, 0, 0, 0 
2015-02-11T19:52:30, 26.9677978339, 0, 0, 0 
2015-02-11T19:57:30, 26.9744599303, 0, 0, 0 
2015-02-11T20:02:30, 26.9566089965, 0, 0, 0 
2015-02-11T20:07:30, 26.9687197232, 0, 0, 0 
2015-02-11T20:12:30, 26.9493478261, 0, 0, 0 
2015-02-11T20:17:30, 26.9327598566, 0, 0, 0 
2015-02-11T20:22:30, 26.9359722222, 0, 0, 0 
2015-02-11T20:27:30, 26.9309824561, 0, 0, 0 
2015-02-11T20:32:30, 26.9330357143, 0, 0, 0 
2015-02-11T20:37:30, 26.9566551724, 0, 0, 0 
2015-02-11T20:42:30, 26.9589824561, 0, 0, 0 
2015-02-11T20:47:30, 26.9787017544, 0, 0, 0 
2015-02-11T20:52:30, 26.9896819788, 0, 0, 0 
2015-02-11T20:57:30, 26.9887241379, 0, 0, 0 
2015-02-11T21:02:30, 26.9964084507, 0, 0, 0 
2015-02-11T21:07:30, 26.9854295533, 0, 0, 0 
2015-02-11T21:12:30, 26.9797931034, 0, 0, 0 
2015-02-11T21:17:30, 26.9774825175, 0, 0, 0 
2015-02-11T21:22:30, 26.9588928571, 0, 0, 0 
2015-02-11T21:27:30, 26.941533101, 0, 0, 0 
2015-02-11T21:32:30, 26.9292446043, 0, 0, 0 
2015-02-11T21:37:30, 26.9189824561, 0, 0, 0 
2015-02-11T21:42:30, 26.9156569343, 0, 0, 0 
2015-02-11T21:47:30, 26.9088316151, 0, 0, 0 
2015-02-11T21:52:30, 26.920248227, 0, 0, 0 
2015-02-11T21:57:30, 26.9155709343, 0, 0, 0 
2015-02-11T22:02:30, 26.927754386, 0, 0, 0 
2015-02-11T22:07:30, 26.9615053763, 0, 0, 0 
2015-02-11T22:12:30, 26.9742957746, 0, 0, 0 
2015-02-11T22:17:30, 26.9778521127, 0, 0, 0 
2015-02-11T22:22:30, 26.9891724138, 0, 0, 0 
2015-02-11T22:27:30, 27.0022419929, 0, 0, 0 
2015-02-11T22:32:30, 26.9921875, 0, 0, 0 
2015-02-11T22:37:30, 27.0112891986, 0, 0, 0 
2015-02-11T22:42:30, 27.0155902778, 0, 0, 0 
2015-02-11T22:47:30, 27.0256097561, 0, 0, 0 
2015-02-11T22:52:30, 27.0139372822, 0, 0, 0 
2015-02-11T22:57:30, 26.9680985915, 0, 0, 0 
2015-02-11T23:02:30, 26.9559385666, 0, 0, 0 
2015-02-11T23:07:30, 26.9567708333, 0, 0, 0 
2015-02-11T23:12:30, 26.9533333333, 0, 0, 0 
2015-02-11T23:17:30, 26.9570790378, 0, 0, 0 
2015-02-11T23:22:30, 26.9553448276, 0, 0, 0 
2015-02-11T23:27:30, 26.9589160839, 0, 0, 0 
2015-02-11T23:32:30, 26.9720486111, 0, 0, 0 
2015-02-11T23:37:30, 26.9765034965, 0, 0, 0 
2015-02-11T23:42:30, 26.9829078014, 0, 0, 0 
2015-02-11T23:47:30, 26.9871578947, 0, 0, 0 
2015-02-11T23:52:30, 27.0029411765, 0, 0, 0 
2015-02-11T23:57:30, 27.0191608392, 0, 0, 0 
2015-02-12T00:02:30, 27.0208710801, 0, 0, 0 
2015-02-12T00:07:30, 27.0296875, 0, 0, 0 
2015-02-12T00:12:30, 27.0302857143, 0, 0, 0 
2015-02-12T00:17:30, 27.0132978723, 0, 0, 0 
2015-02-12T00:22:30, 26.994874552, 0, 0, 0 
2015-02-12T00:27:30, 27.0094463668, 0, 0, 0 
2015-02-12T00:32:30, 26.9947122302, 0, 0, 0 
2015-02-12T00:37:30, 26.968200692, 0, 0, 0 
2015-02-12T00:42:30, 26.9407042254, 0, 0, 0 
2015-02-12T00:47:30, 26.9192605634, 0, 0, 0 
2015-02-12T00:52:30, 26.9036431227, 0, 0, 0 
2015-02-12T00:57:30, 26.8882191781, 0, 0, 0 
2015-02-12T01:02:30, 26.8858928571, 0, 0, 0 
2015-02-12T01:07:30, 26.8861111111, 0, 0, 0 
2015-02-12T01:12:30, 26.9116607774, 0, 0, 0 
2015-02-12T01:17:30, 26.9427561837, 0, 0, 0 
2015-02-12T01:22:30, 26.9699655172, 0, 0, 0 
2015-02-12T01:27:30, 26.9920748299, 0, 0, 0 
2015-02-12T01:32:30, 27.0215438596, 0, 0, 0 
2015-02-12T01:37:30, 27.0440143369, 0, 0, 0 
2015-02-12T01:42:30, 27.0276678445, 0, 0, 0 
2015-02-12T01:47:30, 27.0142268041, 0, 0, 0 
2015-02-12T01:52:30, 26.9868794326, 0, 0, 0 
2015-02-12T01:57:30, 26.9798932384, 0, 0, 0 
2015-02-12T02:02:30, 26.9869550173, 0, 0, 0 
2015-02-12T02:07:30, 26.9653571429, 0, 0, 0 
2015-02-12T02:12:30, 26.9537894737, 0, 0, 0 
2015-02-12T02:17:30, 26.9437586207, 0, 0, 0 
2015-02-12T02:22:30, 26.9363508772, 0, 0, 0 
2015-02-12T02:27:30, 26.9135738832, 0, 0, 0 
2015-02-12T02:32:30, 26.8934736842, 0, 0, 0 
2015-02-12T02:37:30, 26.895122807, 0, 0, 0 
2015-02-12T02:42:30, 26.8863194444, 0, 0, 0 
2015-02-12T02:47:30, 26.8773170732, 0, 0, 0 
2015-02-12T02:52:30, 26.8843902439, 0, 0, 0 
2015-02-12T02:57:30, 26.896048951, 0, 0, 0 
2015-02-12T03:02:30, 26.9193706294, 0, 0, 0 
2015-02-12T03:07:30, 26.9471985816, 0, 0, 0 
2015-02-12T03:12:30, 26.9488811189, 0, 0, 0 
2015-02-12T03:17:30, 26.9796864111, 0, 0, 0 
2015-02-12T03:22:30, 26.9735815603, 0, 0, 0 
2015-02-12T03:27:30, 26.9728469751, 0, 0, 0 
2015-02-12T03:32:30, 26.9720069204, 0, 0, 0 
2015-02-12T03:37:30, 26.9827526132, 0, 0, 0 
2015-02-12T03:42:30, 26.967311828, 0, 0, 0 
2015-02-12T03:47:30, 26.9713074205, 0, 0, 0 
2015-02-12T03:52:30, 26.9643157895, 0, 0, 0 
2015-02-12T03:57:30, 26.9722105263, 0, 0, 0 
2015-02-12T04:02:30, 26.9937062937, 0, 0, 0 
2015-02-12T04:07:30, 26.9986851211, 0, 0, 0 
2015-02-12T04:12:30, 26.9920069204, 0, 0, 0 
2015-02-12T04:17:30, 26.9775945017, 0, 0, 0 
2015-02-12T04:22:30, 26.9678694158, 0, 0, 0 
2015-02-12T04:27:30, 26.9699300699, 0, 0, 0 
2015-02-12T04:32:30, 26.9624295775, 0, 0, 0 
2015-02-12T04:37:30, 26.9585314685, 0, 0, 0 
2015-02-12T04:42:30, 26.9521527778, 0, 0, 0 
2015-02-12T04:47:30, 26.9563321799, 0, 0, 0 
2015-02-12T04:52:30, 26.9702083333, 0, 0, 0 
2015-02-12T04:57:30, 26.9680902778, 0, 0, 0 
2015-02-12T05:02:30, 26.9617525773, 0, 0, 0 
2015-02-12T05:07:30, 26.9460142349, 0, 0, 0 
2015-02-12T05:12:30, 26.9316783217, 0, 0, 0 
2015-02-12T05:17:30, 26.9364726027, 0, 0, 0 
2015-02-12T05:22:30, 26.9337102473, 0, 0, 0 
2015-02-12T05:27:30, 26.9403180212, 0, 0, 0 
2015-02-12T05:32:30, 26.9626223776, 0, 0, 0 
2015-02-12T05:37:30, 26.9793425606, 0, 0, 0 
2015-02-12T05:42:30, 27.0078819444, 0, 0, 0 
2015-02-12T05:47:30, 27.003943662, 0, 0, 0 
2015-02-12T05:52:30, 27.0130545455, 0, 0, 0 
2015-02-12T05:57:30, 27.0232179931, 0, 0, 0 
2015-02-12T06:02:30, 27.0199659864, 0, 0, 0 
2015-02-12T06:07:30, 27.0131010453, 0, 0, 0 
2015-02-12T06:12:30, 26.9786206897, 0, 0, 0 
2015-02-12T06:17:30, 26.9684482759, 0, 0, 0 
2015-02-12T06:22:30, 26.9629929577, 0, 0, 0 
2015-02-12T06:27:30, 26.9223776224, 0, 0, 0 
2015-02-12T06:32:30, 26.9295454545, 0, 0, 0 
2015-02-12T06:37:30, 26.9228819444, 0, 0, 0 
2015-02-12T06:42:30, 26.9316546763, 0, 0, 0 
2015-02-12T06:47:30, 26.9403859649, 0, 0, 0 
2015-02-12T06:52:30, 26.9502730375, 0, 0, 0 
2015-02-12T06:57:30, 26.9413523132, 0, 0, 0 
2015-02-12T07:02:30, 26.9562975779, 0, 0, 0 
2015-02-12T07:07:30, 26.9946232877, 0, 0, 0 
2015-02-12T07:12:30, 27.0150865052, 0, 0, 0 
2015-02-12T07:17:30, 27.0187544484, 0, 0, 0 
2015-02-12T07:22:30, 27.0279787234, 0, 0, 0 
2015-02-12T07:27:30, 27.0237234043, 0, 0, 0 
2015-02-12T07:32:30, 26.9970629371, 0, 0, 0 
2015-02-12T07:37:30, 26.9911418685, 0, 0, 0 
2015-02-12T07:42:30, 26.9727017544, 0, 0, 0 
2015-02-12T07:47:30, 26.9637762238, 0, 0, 0 
2015-02-12T07:52:30, 26.968556338, 0, 0, 0 
2015-02-12T07:57:30, 26.9908540925, 0, 0, 0 
2015-02-12T08:02:30, 26.9728474576, 0, 0, 0 
2015-02-12T08:07:30, 26.9508070175, 0, 0, 0 
2015-02-12T08:12:30, 26.9603071672, 0, 0, 0 
2015-02-12T08:17:30, 26.9806690141, 0, 0, 0 
2015-02-12T08:22:30, 27.0092682927, 0, 0, 0 
2015-02-12T08:27:30, 27.0253496503, 0, 0, 0 
2015-02-12T08:32:30, 27.061884058, 0, 0, 0 
2015-02-12T08:37:30, 27.068419244, 0, 0, 0 
2015-02-12T08:42:30, 27.0706993007, 0, 0, 0 
2015-02-12T08:47:30, 27.0422299652, 0, 0, 0 
2015-02-12T08:52:30, 27.0144827586, 0, 0, 0 
2015-02-12T08:57:30, 26.9958245614, 0, 0, 0 
2015-02-12T09:02:30, 26.9889788732, 0, 0, 0 
2015-02-12T09:07:30, 26.9730479452, 0, 0, 0 
2015-02-12T09:12:30, 26.9821724138, 0, 0, 0 
2015-02-12T09:17:30, 26.9670588235, 0, 0, 0 
2015-02-12T09:22:30, 26.959122807, 0, 0, 0 
2015-02-12T09:27:30, 26.9524221453, 0, 0, 0 
2015-02-12T09:32:30, 26.9463822526, 0, 0, 0 
2015-02-12T09:37:30, 26.9516376307, 0, 0, 0 
2015-02-12T09:42:30, 26.9581881533, 0, 0, 0 
2015-02-12T09:47:30, 26.9570921986, 0, 0, 0 
2015-02-12T09:52:30, 26.982155477, 0, 0, 0 
2015-02-12T09:57:30, 27.0034812287, 0, 0, 0 
2015-02-12T10:02:30, 27.008877193, 0, 0, 0 
2015-02-12T10:07:30, 27.0305902778, 0, 0, 0 
2015-02-12T10:12:30, 27.0483793103, 0, 0, 0 
2015-02-12T10:17:30, 27.024471831, 0, 0, 0 
2015-02-12T10:22:30, 27.0198245614, 0, 0, 0 
2015-02-12T10:27:30, 27.0018815331, 0, 0, 0 
2015-02-12T10:32:30, 27.0107986111, 0, 0, 0 
2015-02-12T10:37:30, 26.9962676056, 0, 0, 0 
2015-02-12T10:42:30, 27.0090747331, 0, 0, 0 
2015-02-12T10:47:30, 27.0063157895, 0, 0, 0 
2015-02-12T10:52:30, 27.0257291667, 0, 0, 0 
2015-02-12T10:57:30, 27.0224489796, 0, 0, 0 
2015-02-12T11:02:30, 27.0296830986, 0, 0, 0 
2015-02-12T11:07:30, 27.0027797834, 0, 0, 0 
2015-02-12T11:12:30, 26.996445993, 0, 0, 0 
2015-02-12T11:17:30, 26.9800716846, 0, 0, 0 
2015-02-12T11:22:30, 26.9601724138, 0, 0, 0 
2015-02-12T11:27:30, 26.9667944251, 0, 0, 0 
2015-02-12T11:32:30, 26.9707913669, 0, 0, 0 
2015-02-12T11:37:30, 26.9920350877, 0, 0, 0 
2015-02-12T11:42:30, 26.9938245614, 0, 0, 0 
2015-02-12T11:47:30, 26.9887318841, 0, 0, 0 
2015-02-12T11:52:30, 26.9812195122, 0, 0, 0 
2015-02-12T11:57:30, 26.9920761246, 0, 0, 0 
2015-02-12T12:02:30, 26.9731034483, 0, 0, 0 
2015-02-12T12:07:30, 26.9582374101, 0, 0, 0 
2015-02-12T12:12:30, 26.9687588652, 0, 0, 0 
2015-02-12T12:17:30, 26.9719163763, 0, 0, 0 
2015-02-12T12:22:30, 26.9704482759, 0, 0, 0 
2015-02-12T12:27:30, 26.9757839721, 0, 0, 0 
2015-02-12T12:32:30, 26.9855821918, 0, 0, 0 
2015-02-12T12:37:30, 27.0007446809, 0, 0, 0 
2015-02-12T12:42:30, 27.0052595156, 0, 0, 0 
2015-02-12T12:47:30, 27.0243508772, 0, 0, 0 
2015-02-12T12:52:30, 27.0143205575, 0, 0, 0 
2015-02-12T12:57:30, 27.032078853, 0, 0, 0 
2015-02-12T13:02:30, 27.0292657343, 0, 0, 0 
2015-02-12T13:07:30, 27.0278472222, 0, 0, 0 
2015-02-12T13:12:30, 27.0122419929, 0, 0, 0 
2015-02-12T13:17:30, 26.9997173145, 0, 0, 0 
2015-02-12T13:22:30, 27.0141134752, 0, 0, 0 
2015-02-12T13:27:30, 27.0244802867, 0, 0, 0 
2015-02-12T13:32:30, 27.0137630662, 0, 0, 0 
2015-02-12T13:37:30, 27.0318181818, 0, 0, 0 
2015-02-12T13:42:30, 27.0436363636, 0, 0, 0 
2015-02-12T13:47:30, 27.0291197183, 0, 0, 0 
2015-02-12T13:52:30, 27.0336042403, 0, 0, 0 
2015-02-12T13:57:30, 27.0416723549, 0, 0, 0 
2015-02-12T14:02:30, 27.0354063604, 0, 0, 0 
2015-02-12T14:07:30, 27.0309440559, 0, 0, 0 
2015-02-12T14:12:30, 27.039122807, 0, 0, 0 
2015-02-12T14:17:30, 27.0334256055, 0, 0, 0 
2015-02-12T14:22:30, 27.0270877193, 0, 0, 0 
2015-02-12T14:27:30, 27.0349652778, 0, 0, 0 
2015-02-12T14:32:30, 27.0322866894, 0, 0, 0 
2015-02-12T14:37:30, 27.0638869258, 0, 0, 0 
2015-02-12T14:42:30, 27.0753684211, 0, 0, 0 
2015-02-12T14:47:30, 27.0512891986, 0, 0, 0 
2015-02-12T14:52:30, 27.0356537102, 0, 0, 0 
2015-02-12T14:57:30, 27.0210652921, 0, 0, 0 
2015-02-12T15:02:30, 27.0215172414, 0, 0, 0 
2015-02-12T15:07:30, 27.0141463415, 0, 0, 0 
2015-02-12T15:12:30, 26.9964912281, 0, 0, 0 
2015-02-12T15:17:30, 27.0257620818, 0, 0, 0 
2015-02-12T15:22:30, 27.0435172414, 0, 0, 0 
2015-02-12T15:27:30, 27.0309375, 0, 0, 0 
2015-02-12T15:32:30, 27.0316117216, 0, 0, 0 
2015-02-12T15:37:30, 27.0248972603, 0, 0, 0 
2015-02-12T15:42:30, 27.0254137931, 0, 0, 0 
2015-02-12T15:47:30, 27.0304529617, 0, 0, 0 
2015-02-12T15:52:30, 27.0237152778, 0, 0, 0 
2015-02-12T15:57:30, 26.9903082192, 0, 0, 0 
2015-02-12T16:02:30, 26.9868367347, 0, 0, 0 
2015-02-12T16:07:30, 26.952155477, 0, 0, 0 
2015-02-12T16:12:30, 26.9653941909, 0, 0, 0 
2015-02-12T16:17:30, 26.9653941909, 0, 0, 0 
2015-02-12T16:22:30, 26.9653941909, 0, 0, 0 
2015-02-12T16:27:30, 27.0296875, 0, 0, 0 
2015-02-12T16:32:30, 27.0287725632, 0, 0, 0 
2015-02-12T16:37:30, 27.0427430556, 0, 0, 0 
2015-02-12T16:42:30, 27.0368551237, 0, 0, 0 
2015-02-12T16:47:30, 27.0409964413, 0, 0, 0 
2015-02-12T16:52:30, 27.0471080139, 0, 0, 0 
2015-02-12T16:57:30, 27.0220996441, 0, 0, 0 
2015-02-12T17:02:30, 27.0408391608, 0, 0, 0 
2015-02-12T17:07:30, 27.0362116041, 0, 0, 0 
2015-02-12T17:12:30, 27.0118088737, 0, 0, 0 
2015-02-12T17:17:30, 27.0037234043, 0, 0, 0 
2015-02-12T17:22:30, 26.9951890034, 0, 0, 0 
2015-02-12T17:27:30, 26.9857839721, 0, 0, 0 
2015-02-12T17:32:30, 26.9697945205, 0, 0, 0 
2015-02-12T17:37:30, 26.9713829787, 0, 0, 0 
2015-02-12T17:42:30, 26.9919863014, 0, 0, 0 
2015-02-12T17:47:30, 26.9868402778, 0, 0, 0 
2015-02-12T17:52:30, 26.9705821918, 0, 0, 0 
2015-02-12T17:57:30, 26.9451748252, 0, 0, 0 
2015-02-12T18:02:30, 26.9062758621, 0, 0, 0 
2015-02-12T18:07:30, 26.9311347518, 0, 0, 0 
2015-02-12T18:12:30, 26.9244522968, 0, 0, 0 
2015-02-12T18:17:30, 26.9112681159, 0, 0, 0 
2015-02-12T18:22:30, 26.8885616438, 0, 0, 0 
2015-02-12T18:27:30, 26.9164359862, 0, 0, 0 
2015-02-12T18:32:30, 26.9269343066, 0, 0, 0 
2015-02-12T18:37:30, 26.9620141343, 0, 0, 0 
2015-02-12T18:42:30, 26.97, 0, 0, 0 
2015-02-12T18:47:30, 26.9784507042, 0, 0, 0 
2015-02-12T18:52:30, 26.9811805556, 0, 0, 0 
2015-02-12T18:57:30, 27.0118815331, 0, 0, 0 
2015-02-12T19:02:30, 27.0089583333, 0, 0, 0 
2015-02-12T19:07:30, 27.003041958, 0, 0, 0 
2015-02-12T19:12:30, 26.9673776224, 0, 0, 0 
2015-02-12T19:17:30, 26.9536933798, 0, 0, 0 
2015-02-12T19:22:30, 26.9508480565, 0, 0, 0 
2015-02-12T19:27:30, 26.9515358362, 0, 0, 0 
2015-02-12T19:32:30, 26.9409722222, 0, 0, 0 
2015-02-12T19:37:30, 26.9452430556, 0, 0, 0 
2015-02-12T19:42:30, 26.9276896552, 0, 0, 0 
2015-02-12T19:47:30, 26.9310877193, 0, 0, 0 
2015-02-12T19:52:30, 26.9417985612, 0, 0, 0 
2015-02-12T19:57:30, 26.9303157895, 0, 0, 0 
2015-02-12T20:02:30, 26.9168345324, 0, 0, 0 
2015-02-12T20:07:30, 26.9046689895, 0, 0, 0 
2015-02-12T20:12:30, 26.9120905923, 0, 0, 0 
2015-02-12T20:17:30, 26.9168402778, 0, 0, 0 
2015-02-12T20:22:30, 26.9376491228, 0, 0, 0 
2015-02-12T20:27:30, 26.9318309859, 0, 0, 0 
2015-02-12T20:32:30, 26.9412455516, 0, 0, 0 
2015-02-12T20:37:30, 26.9654063604, 0, 0, 0 
2015-02-12T20:42:30, 26.9821724138, 0, 0, 0 
2015-02-12T20:47:30, 26.9854255319, 0, 0, 0 
2015-02-12T20:52:30, 27.0117090909, 0, 0, 0 
2015-02-12T20:57:30, 27.000070922, 0, 0, 0 
2015-02-12T21:02:30, 27.0016961131, 0, 0, 0 
2015-02-12T21:07:30, 26.9868600683, 0, 0, 0 
2015-02-12T21:12:30, 26.9800682594, 0, 0, 0 
2015-02-12T21:17:30, 26.9792882562, 0, 0, 0 
2015-02-12T21:22:30, 26.9562758621, 0, 0, 0 
2015-02-12T21:27:30, 26.9168728522, 0, 0, 0 
2015-02-12T21:32:30, 26.8906382979, 0, 0, 0 
2015-02-12T21:37:30, 26.8962068966, 0, 0, 0 
2015-02-12T21:42:30, 26.9073333333, 0, 0, 0 
2015-02-12T21:47:30, 26.915467128, 0, 0, 0 
2015-02-12T21:52:30, 26.9250526316, 0, 0, 0 
2015-02-12T21:57:30, 26.9237152778, 0, 0, 0 
2015-02-12T22:02:30, 26.954567474, 0, 0, 0 
2015-02-12T22:07:30, 26.9725886525, 0, 0, 0 
2015-02-12T22:12:30, 26.9914186851, 0, 0, 0 
2015-02-12T22:17:30, 27.0168965517, 0, 0, 0 
2015-02-12T22:22:30, 27.0092808219, 0, 0, 0 
2015-02-12T22:27:30, 27.0031724138, 0, 0, 0 
2015-02-12T22:32:30, 26.9985, 0, 0, 0 
2015-02-12T22:37:30, 27.0135842294, 0, 0, 0 
2015-02-12T22:42:30, 26.9831468531, 0, 0, 0 
2015-02-12T22:47:30, 27.0062671233, 0, 0, 0 
2015-02-12T22:52:30, 26.993105802, 0, 0, 0 
2015-02-12T22:57:30, 26.9763508772, 0, 0, 0 
2015-02-12T23:02:30, 26.9408450704, 0, 0, 0 
2015-02-12T23:07:30, 26.9361245675, 0, 0, 0 
2015-02-12T23:12:30, 26.9048096886, 0, 0, 0 
2015-02-12T23:17:30, 26.9208650519, 0, 0, 0 
2015-02-12T23:22:30, 26.9361371841, 0, 0, 0 
2015-02-12T23:27:30, 26.9425762712, 0, 0, 0 
2015-02-12T23:32:30, 26.9392605634, 0, 0, 0 
2015-02-12T23:37:30, 26.9619031142, 0, 0, 0 
2015-02-12T23:42:30, 26.9744947735, 0, 0, 0 
2015-02-12T23:47:30, 27.0130795848, 0, 0, 0 
2015-02-12T23:52:30, 27.0283561644, 0, 0, 0 
2015-02-12T23:57:30, 27.0370526316, 0, 0, 0 
2015-02-13T00:02:30, 27.0413793103, 0, 0, 0 
2015-02-13T00:07:30, 27.0310175439, 0, 0, 0 
2015-02-13T00:12:30, 27.0427777778, 0, 0, 0 
2015-02-13T00:17:30, 27.0183916084, 0, 0, 0 
2015-02-13T00:22:30, 27.0127112676, 0, 0, 0 
2015-02-13T00:27:30, 27.0184027778, 0, 0, 0 
2015-02-13T00:32:30, 27.0046453901, 0, 0, 0 
2015-02-13T00:37:30, 26.9976895307, 0, 0, 0 
2015-02-13T00:42:30, 27.0049300699, 0, 0, 0 
2015-02-13T00:47:30, 26.9658098592, 0, 0, 0 
2015-02-13T00:52:30, 26.964567474, 0, 0, 0 
2015-02-13T00:57:30, 26.9408362369, 0, 0, 0 
2015-02-13T01:02:30, 26.9387279152, 0, 0, 0 
2015-02-13T01:07:30, 26.926101083, 0, 0, 0 
2015-02-13T01:12:30, 26.9197902098, 0, 0, 0 
2015-02-13T01:17:30, 26.932972028, 0, 0, 0 
2015-02-13T01:22:30, 26.9460283688, 0, 0, 0 
2015-02-13T01:27:30, 26.9766089965, 0, 0, 0 
2015-02-13T01:32:30, 26.9781560284, 0, 0, 0 
2015-02-13T01:37:30, 26.976271777, 0, 0, 0 
2015-02-13T01:42:30, 26.9906228374, 0, 0, 0 
2015-02-13T01:47:30, 26.9913333333, 0, 0, 0 
2015-02-13T01:52:30, 26.9968085106, 0, 0, 0 
2015-02-13T01:57:30, 26.9925694444, 0, 0, 0 
2015-02-13T02:02:30, 26.9801041667, 0, 0, 0 
2015-02-13T02:07:30, 26.9854195804, 0, 0, 0 
2015-02-13T02:12:30, 26.9857291667, 0, 0, 0 
2015-02-13T02:17:30, 27.0008561644, 0, 0, 0 
2015-02-13T02:22:30, 27.0024390244, 0, 0, 0 
2015-02-13T02:27:30, 26.9931271478, 0, 0, 0 
2015-02-13T02:32:30, 26.9806185567, 0, 0, 0 
2015-02-13T02:37:30, 26.9520905923, 0, 0, 0 
2015-02-13T02:42:30, 26.929556314, 0, 0, 0 
2015-02-13T02:47:30, 26.928390411, 0, 0, 0 
2015-02-13T02:52:30, 26.9154513889, 0, 0, 0 
2015-02-13T02:57:30, 26.9137979094, 0, 0, 0 
2015-02-13T03:02:30, 26.9343859649, 0, 0, 0 
2015-02-13T03:07:30, 26.9435438596, 0, 0, 0 
2015-02-13T03:12:30, 26.9810714286, 0, 0, 0 
2015-02-13T03:17:30, 26.9969337979, 0, 0, 0 
2015-02-13T03:22:30, 27.0163286713, 0, 0, 0 
2015-02-13T03:27:30, 27.0110909091, 0, 0, 0 
2015-02-13T03:32:30, 27.0264685315, 0, 0, 0 
2015-02-13T03:37:30, 27.0128178694, 0, 0, 0 
2015-02-13T03:42:30, 27.0158965517, 0, 0, 0 
2015-02-13T03:47:30, 27.0283508772, 0, 0, 0 
2015-02-13T03:52:30, 27.023639576, 0, 0, 0 
2015-02-13T03:57:30, 27.0161324042, 0, 0, 0 
2015-02-13T04:02:30, 26.9997569444, 0, 0, 0 
2015-02-13T04:07:30, 26.964532872, 0, 0, 0 
2015-02-13T04:12:30, 26.949965035, 0, 0, 0 
2015-02-13T04:17:30, 26.9313013699, 0, 0, 0 
2015-02-13T04:22:30, 26.9234027778, 0, 0, 0 
2015-02-13T04:27:30, 26.9603114187, 0, 0, 0 
2015-02-13T04:32:30, 26.9954982818, 0, 0, 0 
2015-02-13T04:37:30, 27.0126989619, 0, 0, 0 
2015-02-13T04:42:30, 27.0195847751, 0, 0, 0 
2015-02-13T04:47:30, 27.0423287671, 0, 0, 0 
2015-02-13T04:52:30, 27.0299647887, 0, 0, 0 
2015-02-13T04:57:30, 27.0161267606, 0, 0, 0 
2015-02-13T05:02:30, 27.0002447552, 0, 0, 0 
2015-02-13T05:07:30, 26.9710211268, 0, 0, 0 
2015-02-13T05:12:30, 26.9233216783, 0, 0, 0 
2015-02-13T05:17:30, 26.9195104895, 0, 0, 0 
2015-02-13T05:22:30, 26.9205734767, 0, 0, 0 
2015-02-13T05:27:30, 26.9195087719, 0, 0, 0 
2015-02-13T05:32:30, 26.9511888112, 0, 0, 0 
2015-02-13T05:37:30, 27.0048951049, 0, 0, 0 
2015-02-13T05:42:30, 27.0137192982, 0, 0, 0 
2015-02-13T05:47:30, 27.0017832168, 0, 0, 0 
2015-02-13T05:52:30, 27.0068881119, 0, 0, 0 
2015-02-13T05:57:30, 27.0068661972, 0, 0, 0 
2015-02-13T06:02:30, 27.0272260274, 0, 0, 0 
2015-02-13T06:07:30, 27.0227054795, 0, 0, 0 
2015-02-13T06:12:30, 27.0106944444, 0, 0, 0 
2015-02-13T06:17:30, 27.0129452055, 0, 0, 0 
2015-02-13T06:22:30, 26.9990344828, 0, 0, 0 
2015-02-13T06:27:30, 26.988415493, 0, 0, 0 
2015-02-13T06:32:30, 26.945034965, 0, 0, 0 
2015-02-13T06:37:30, 26.9339222615, 0, 0, 0 
2015-02-13T06:42:30, 26.9476678445, 0, 0, 0 
2015-02-13T06:47:30, 26.9870357143, 0, 0, 0 
2015-02-13T06:52:30, 26.9756944444, 0, 0, 0 
2015-02-13T06:57:30, 26.9960638298, 0, 0, 0 
2015-02-13T07:02:30, 27.0229136691, 0, 0, 0 
2015-02-13T07:07:30, 27.0507692308, 0, 0, 0 
2015-02-13T07:12:30, 27.0384859155, 0, 0, 0 
2015-02-13T07:17:30, 27.055862069, 0, 0, 0 
2015-02-13T07:22:30, 27.0680645161, 0, 0, 0 
2015-02-13T07:27:30, 27.0366192171, 0, 0, 0 
2015-02-13T07:32:30, 27.019965035, 0, 0, 0 
2015-02-13T07:37:30, 26.9878571429, 0, 0, 0 
2015-02-13T07:42:30, 26.9726573427, 0, 0, 0 
2015-02-13T07:47:30, 26.9640282686, 0, 0, 0 
2015-02-13T07:52:30, 26.986996587, 0, 0, 0 
2015-02-13T07:57:30, 26.9611498258, 0, 0, 0 
2015-02-13T08:02:30, 27.0064768683, 0, 0, 0 
2015-02-13T08:07:30, 27.0035587189, 0, 0, 0 
2015-02-13T08:12:30, 27.01204947, 0, 0, 0 
2015-02-13T08:17:30, 27.0417808219, 0, 0, 0 
2015-02-13T08:22:30, 27.0391197183, 0, 0, 0 
2015-02-13T08:27:30, 27.0394463668, 0, 0, 0 
2015-02-13T08:32:30, 27.0461538462, 0, 0, 0 
2015-02-13T08:37:30, 27.0461538462, 0, 0, 0 
2015-02-13T08:42:30, 27.0461538462, 0, 0, 0 
2015-02-13T08:47:30, 27.0461538462, 0, 0, 0 
2015-02-13T08:52:30, 27.0461538462, 0, 0, 0 
2015-02-13T08:57:30, 27.0461538462, 0, 0, 0 
2015-02-13T09:02:30, 27.0461538462, 0, 0, 0 
2015-02-13T09:07:30, 27.0461538462, 0, 0, 0 
2015-02-13T09:12:30, 27.0461538462, 0, 0, 0 
2015-02-13T09:17:30, 27.0461538462, 0, 0, 0 
2015-02-13T09:22:30, 27.0461538462, 0, 0, 0 
2015-02-13T09:27:30, 27.0461538462, 0, 0, 0 
2015-02-13T09:32:30, 27.0461538462, 0, 0, 0 
2015-02-13T09:37:30, 27.0461538462, 0, 0, 0 
2015-02-13T09:42:30, 27.0461538462, 0, 0, 0 
2015-02-13T09:47:30, 27.0461538462, 0, 0, 0 
2015-02-13T09:52:30, 27.0461538462, 0, 0, 0 
2015-02-13T09:57:30, 27.0461538462, 0, 0, 0 
2015-02-13T10:02:30, 27.0461538462, 0, 0, 0 
2015-02-13T10:07:30, 27.0461538462, 0, 0, 0 
2015-02-13T10:12:30, 27.0461538462, 0, 0, 0 
2015-02-13T10:17:30, 27.0461538462, 0, 0, 0 
2015-02-13T10:22:30, 27.0461538462, 0, 0, 0 
2015-02-13T10:27:30, 27.0461538462, 0, 0, 0 
2015-02-13T10:32:30, 27.0461538462, 0, 0, 0 
2015-02-13T10:37:30, 27.0461538462, 0, 0, 0 
2015-02-13T10:42:30, 27.0461538462, 0, 0, 0 
2015-02-13T10:47:30, 27.0286666667, 0, 0, 0 
2015-02-13T10:52:30, 27.0185862069, 0, 0, 0 
2015-02-13T10:57:30, 27.0031929825, 0, 0, 0 
2015-02-13T11:02:30, 26.9923741007, 0, 0, 0 
2015-02-13T11:07:30, 26.9630526316, 0, 0, 0 
2015-02-13T11:12:30, 26.9613986014, 0, 0, 0 
2015-02-13T11:17:30, 26.9882986111, 0, 0, 0 
2015-02-13T11:22:30, 26.9979930796, 0, 0, 0 
2015-02-13T11:27:30, 27.0052595156, 0, 0, 0 
2015-02-13T11:32:30, 27.0110996564, 0, 0, 0 
2015-02-13T11:37:30, 27.0200687285, 0, 0, 0 
2015-02-13T11:42:30, 27.0384172662, 0, 0, 0 
2015-02-13T11:47:30, 27.0373381295, 0, 0, 0 
2015-02-13T11:52:30, 27.0271768707, 0, 0, 0 
2015-02-13T11:57:30, 27.0196309963, 0, 0, 0 
2015-02-13T12:02:30, 27.0325088339, 0, 0, 0 
2015-02-13T12:07:30, 27.0411034483, 0, 0, 0 
2015-02-13T12:12:30, 27.0156028369, 0, 0, 0 
2015-02-13T12:17:30, 27.0132, 0, 0, 0 
2015-02-13T12:22:30, 27.0086071429, 0, 0, 0 
2015-02-13T12:27:30, 27.0006007067, 0, 0, 0 
2015-02-13T12:32:30, 27.0058657244, 0, 0, 0 
2015-02-13T12:37:30, 27.0030208333, 0, 0, 0 
2015-02-13T12:42:30, 26.9922648084, 0, 0, 0 
2015-02-13T12:47:30, 27.0079584775, 0, 0, 0 
2015-02-13T12:52:30, 27.025631769, 0, 0, 0 
2015-02-13T12:57:30, 27.0387943262, 0, 0, 0 
2015-02-13T13:02:30, 27.0709722222, 0, 0, 0 
2015-02-13T13:07:30, 27.0829824561, 0, 0, 0 
2015-02-13T13:12:30, 27.0939792388, 0, 0, 0 
2015-02-13T13:17:30, 27.093006993, 0, 0, 0 
2015-02-13T13:22:30, 27.1223426573, 0, 0, 0 
2015-02-13T13:27:30, 27.1102389078, 0, 0, 0 
2015-02-13T13:32:30, 27.0984827586, 0, 0, 0 
2015-02-13T13:37:30, 27.1016428571, 0, 0, 0 
2015-02-13T13:42:30, 27.0695876289, 0, 0, 0 
2015-02-13T13:47:30, 27.0391071429, 0, 0, 0 
2015-02-13T13:52:30, 26.9987543253, 0, 0, 0 
2015-02-13T13:57:30, 26.979893617, 0, 0, 0 
2015-02-13T14:02:30, 26.9626315789, 0, 0, 0 
2015-02-13T14:07:30, 26.9626666667, 0, 0, 0 
2015-02-13T14:12:30, 26.9661209964, 0, 0, 0 
2015-02-13T14:17:30, 26.9908571429, 0, 0, 0 
2015-02-13T14:22:30, 26.9974035088, 0, 0, 0 
2015-02-13T14:27:30, 26.9659233449, 0, 0, 0 
2015-02-13T14:32:30, 26.9628919861, 0, 0, 0 
2015-02-13T14:37:30, 27.0004240283, 0, 0, 0 
2015-02-13T14:42:30, 27.0047552448, 0, 0, 0 
2015-02-13T14:47:30, 27.0227240143, 0, 0, 0 
2015-02-13T14:52:30, 27.006, 0, 0, 0 
2015-02-13T14:57:30, 26.9895620438, 0, 0, 0 
2015-02-13T15:02:30, 26.9951428571, 0, 0, 0 
2015-02-13T15:07:30, 26.9880782918, 0, 0, 0 
2015-02-13T15:12:30, 26.9940418118, 0, 0, 0 
2015-02-13T15:17:30, 27.0107246377, 0, 0, 0 
2015-02-13T15:22:30, 27.0452919708, 0, 0, 0 
2015-02-13T15:27:30, 26.8773591549, 0, 0, 0 
2015-02-13T15:32:30, 25.8787777778, 0, 0, 0 
2015-02-13T15:37:30, 25.1280344828, 0, 0, 0 
2015-02-13T15:42:30, 24.699047619, 0, 0, 0 
2015-02-13T15:47:30, 24.6241696113, 0, 0, 0 
2015-02-13T15:52:30, 24.6233088235, 0, 0, 0 
2015-02-13T15:57:30, 23.9163537906, 0, 0, 0 
2015-02-13T16:02:30, 23.40099631, 0, 0, 0 
2015-02-13T16:07:30, 23.0921138211, 0, 0, 0 
2015-02-13T16:12:30, 22.7806696429, 0, 0, 0 
2015-02-13T16:17:30, 22.4632751092, 0, 0, 0 
2015-02-13T16:22:30, 22.1468584071, 0, 0, 0 
2015-02-13T16:27:30, 21.8447596154, 0, 0, 0 
2015-02-13T16:32:30, 21.5231050228, 0, 0, 0 
2015-02-13T16:37:30, 21.2615789474, 0, 0, 0 
2015-02-13T16:42:30, 20.9071287129, 0, 0, 0 
2015-02-13T16:47:30, 20.725, 0, 0, 0 
