# 
# Filename    : /tmp/rfq_pt_h02_ai_c.txt
# PV name     : RFQ:PT:H02:AI_C
# From        : 2015-02-06T16:45:01.158839
# To          : 2015-02-13T16:45:01.158839
# queryString : ?pv=mean_300(RFQ:PT:H02:AI_C)&from=2015-02-06T16%3A45%3A01.158839%2B09%3A00&to=2015-02-13T16%3A45%3A01.158839%2B09%3A00
# hostname    : munjipc0
# host IP     : 127.0.1.1
# 
# time, val, nanos, status, severity
2015-02-06T16:47:30, 2.41713145809, 0, 0, 0 
2015-02-06T16:52:30, 2.41696609537, 0, 0, 0 
2015-02-06T16:57:30, 2.41709987915, 0, 0, 0 
2015-02-06T17:02:30, 2.41699273629, 0, 0, 0 
2015-02-06T17:07:30, 2.41673987916, 0, 0, 0 
2015-02-06T17:12:30, 2.41632130776, 0, 0, 0 
2015-02-06T17:17:30, 2.41629533373, 0, 0, 0 
2015-02-06T17:22:30, 2.41636099029, 0, 0, 0 
2015-02-06T17:27:30, 2.41609603304, 0, 0, 0 
2015-02-06T17:32:30, 2.41617845062, 0, 0, 0 
2015-02-06T17:37:30, 2.41605543475, 0, 0, 0 
2015-02-06T17:42:30, 2.41639273632, 0, 0, 0 
2015-02-06T17:47:30, 2.41636099029, 0, 0, 0 
2015-02-06T17:52:30, 2.41609809348, 0, 0, 0 
2015-02-06T17:57:30, 2.41621040551, 0, 0, 0 
2015-02-06T18:02:30, 2.41618737919, 0, 0, 0 
2015-02-06T18:07:30, 2.41565205313, 0, 0, 0 
2015-02-06T18:12:30, 2.4160498792, 0, 0, 0 
2015-02-06T18:17:30, 2.41631237918, 0, 0, 0 
2015-02-06T18:22:30, 2.4160498792, 0, 0, 0 
2015-02-06T18:27:30, 2.41649987918, 0, 0, 0 
2015-02-06T18:32:30, 2.41684078825, 0, 0, 0 
2015-02-06T18:37:30, 2.41639273632, 0, 0, 0 
2015-02-06T18:42:30, 2.41652818106, 0, 0, 0 
2015-02-06T18:47:30, 2.41649987918, 0, 0, 0 
2015-02-06T18:52:30, 2.41669432361, 0, 0, 0 
2015-02-06T18:57:30, 2.41605251078, 0, 0, 0 
2015-02-06T19:02:30, 2.4159998792, 0, 0, 0 
2015-02-06T19:07:30, 2.41626178395, 0, 0, 0 
2015-02-06T19:12:30, 2.41422065851, 0, 0, 0 
2015-02-06T19:17:30, 2.41567956672, 0, 0, 0 
2015-02-06T19:22:30, 2.41569987922, 0, 0, 0 
2015-02-06T19:27:30, 2.41469630784, 0, 0, 0 
2015-02-06T19:32:30, 2.41480973841, 0, 0, 0 
2015-02-06T19:37:30, 2.41391367241, 0, 0, 0 
2015-02-06T19:42:30, 2.41458935295, 0, 0, 0 
2015-02-06T19:47:30, 2.41379639094, 0, 0, 0 
2015-02-06T19:52:30, 2.41337616799, 0, 0, 0 
2015-02-06T19:57:30, 2.41534273638, 0, 0, 0 
2015-02-06T20:02:30, 2.41618408972, 0, 0, 0 
2015-02-06T20:07:30, 2.41605543475, 0, 0, 0 
2015-02-06T20:12:30, 2.41609078829, 0, 0, 0 
2015-02-06T20:17:30, 2.41623375016, 0, 0, 0 
2015-02-06T20:22:30, 2.41626712057, 0, 0, 0 
2015-02-06T20:27:30, 2.4164432754, 0, 0, 0 
2015-02-06T20:32:30, 2.41623375016, 0, 0, 0 
2015-02-06T20:37:30, 2.4161636723, 0, 0, 0 
2015-02-06T20:42:30, 2.4163523382, 0, 0, 0 
2015-02-06T20:47:30, 2.41634546742, 0, 0, 0 
2015-02-06T20:52:30, 2.41627161832, 0, 0, 0 
2015-02-06T20:57:30, 2.41637056884, 0, 0, 0 
2015-02-06T21:02:30, 2.41619479444, 0, 0, 0 
2015-02-06T21:07:30, 2.41634198445, 0, 0, 0 
2015-02-06T21:12:30, 2.4165229561, 0, 0, 0 
2015-02-06T21:17:30, 2.4165229561, 0, 0, 0 
2015-02-06T21:22:30, 2.41632774804, 0, 0, 0 
2015-02-06T21:27:30, 2.41613876808, 0, 0, 0 
2015-02-06T21:32:30, 2.41620955661, 0, 0, 0 
2015-02-06T21:37:30, 2.41613987919, 0, 0, 0 
2015-02-06T21:42:30, 2.41601526381, 0, 0, 0 
2015-02-06T21:47:30, 2.41586428599, 0, 0, 0 
2015-02-06T21:52:30, 2.41612487919, 0, 0, 0 
2015-02-06T21:57:30, 2.41602368872, 0, 0, 0 
2015-02-06T22:02:30, 2.41635199186, 0, 0, 0 
2015-02-06T22:07:30, 2.41645149208, 0, 0, 0 
2015-02-06T22:12:30, 2.41613697597, 0, 0, 0 
2015-02-06T22:17:30, 2.41735372529, 0, 0, 0 
2015-02-06T22:22:30, 2.41814802724, 0, 0, 0 
2015-02-06T22:27:30, 2.41880757137, 0, 0, 0 
2015-02-06T22:32:30, 2.41718169732, 0, 0, 0 
2015-02-06T22:37:30, 2.41834871629, 0, 0, 0 
2015-02-06T22:42:30, 2.4191804346, 0, 0, 0 
2015-02-06T22:47:30, 2.42047638904, 0, 0, 0 
2015-02-06T22:52:30, 2.41949987903, 0, 0, 0 
2015-02-06T22:57:30, 2.41856237907, 0, 0, 0 
2015-02-06T23:02:30, 2.41917487904, 0, 0, 0 
2015-02-06T23:07:30, 2.41848900951, 0, 0, 0 
2015-02-06T23:12:30, 2.42113301504, 0, 0, 0 
2015-02-06T23:17:30, 2.42219820291, 0, 0, 0 
2015-02-06T23:22:30, 2.42191566838, 0, 0, 0 
2015-02-06T23:27:30, 2.42272363577, 0, 0, 0 
2015-02-06T23:32:30, 2.42215505131, 0, 0, 0 
2015-02-06T23:37:30, 2.42314513024, 0, 0, 0 
2015-02-06T23:42:30, 2.4251877982, 0, 0, 0 
2015-02-06T23:47:30, 2.42572715144, 0, 0, 0 
2015-02-06T23:52:30, 2.42504889836, 0, 0, 0 
2015-02-06T23:57:30, 2.42529717603, 0, 0, 0 
2015-02-07T00:02:30, 2.42556237872, 0, 0, 0 
2015-02-07T00:07:30, 2.42532210096, 0, 0, 0 
2015-02-07T00:12:30, 2.42574346846, 0, 0, 0 
2015-02-07T00:17:30, 2.42561798896, 0, 0, 0 
2015-02-07T00:22:30, 2.42580669689, 0, 0, 0 
2015-02-07T00:27:30, 2.42582694638, 0, 0, 0 
2015-02-07T00:32:30, 2.42584987871, 0, 0, 0 
2015-02-07T00:37:30, 2.42583321204, 0, 0, 0 
2015-02-07T00:42:30, 2.42573064794, 0, 0, 0 
2015-02-07T00:47:30, 2.42563916443, 0, 0, 0 
2015-02-07T00:52:30, 2.42576396322, 0, 0, 0 
2015-02-07T00:57:30, 2.42578175791, 0, 0, 0 
2015-02-07T01:02:30, 2.42570137125, 0, 0, 0 
2015-02-07T01:07:30, 2.42575162696, 0, 0, 0 
2015-02-07T01:12:30, 2.42576211647, 0, 0, 0 
2015-02-07T01:17:30, 2.42564760599, 0, 0, 0 
2015-02-07T01:22:30, 2.42581902765, 0, 0, 0 
2015-02-07T01:27:30, 2.42572544262, 0, 0, 0 
2015-02-07T01:32:30, 2.42570491469, 0, 0, 0 
2015-02-07T01:37:30, 2.42581439484, 0, 0, 0 
2015-02-07T01:42:30, 2.42567898319, 0, 0, 0 
2015-02-07T01:47:30, 2.42565088543, 0, 0, 0 
2015-02-07T01:52:30, 2.42568608561, 0, 0, 0 
2015-02-07T01:57:30, 2.42583987871, 0, 0, 0 
2015-02-07T02:02:30, 2.4263234081, 0, 0, 0 
2015-02-07T02:07:30, 2.42722629373, 0, 0, 0 
2015-02-07T02:12:30, 2.42602818059, 0, 0, 0 
2015-02-07T02:17:30, 2.42634987868, 0, 0, 0 
2015-02-07T02:22:30, 2.42722245928, 0, 0, 0 
2015-02-07T02:27:30, 2.42804749765, 0, 0, 0 
2015-02-07T02:32:30, 2.42880315725, 0, 0, 0 
2015-02-07T02:37:30, 2.42833771642, 0, 0, 0 
2015-02-07T02:42:30, 2.42733715674, 0, 0, 0 
2015-02-07T02:47:30, 2.42780434788, 0, 0, 0 
2015-02-07T02:52:30, 2.42983834005, 0, 0, 0 
2015-02-07T02:57:30, 2.43085917494, 0, 0, 0 
2015-02-07T03:02:30, 2.43293370188, 0, 0, 0 
2015-02-07T03:07:30, 2.43179697986, 0, 0, 0 
2015-02-07T03:12:30, 2.43033886153, 0, 0, 0 
2015-02-07T03:17:30, 2.43019648043, 0, 0, 0 
2015-02-07T03:22:30, 2.42984122466, 0, 0, 0 
2015-02-07T03:27:30, 2.43070322775, 0, 0, 0 
2015-02-07T03:32:30, 2.43001444161, 0, 0, 0 
2015-02-07T03:37:30, 2.430480461, 0, 0, 0 
2015-02-07T03:42:30, 2.43156205459, 0, 0, 0 
2015-02-07T03:47:30, 2.43299110642, 0, 0, 0 
2015-02-07T03:52:30, 2.43344752231, 0, 0, 0 
2015-02-07T03:57:30, 2.4346332116, 0, 0, 0 
2015-02-07T04:02:30, 2.43555267325, 0, 0, 0 
2015-02-07T04:07:30, 2.43466654493, 0, 0, 0 
2015-02-07T04:12:30, 2.43584603205, 0, 0, 0 
2015-02-07T04:17:30, 2.43608151085, 0, 0, 0 
2015-02-07T04:22:30, 2.4361612706, 0, 0, 0 
2015-02-07T04:27:30, 2.4362141639, 0, 0, 0 
2015-02-07T04:32:30, 2.43612487819, 0, 0, 0 
2015-02-07T04:37:30, 2.43620576054, 0, 0, 0 
2015-02-07T04:42:30, 2.43623064742, 0, 0, 0 
2015-02-07T04:47:30, 2.43608811349, 0, 0, 0 
2015-02-07T04:52:30, 2.43604273534, 0, 0, 0 
2015-02-07T04:57:30, 2.43625478015, 0, 0, 0 
2015-02-07T05:02:30, 2.43616426175, 0, 0, 0 
2015-02-07T05:07:30, 2.43612024856, 0, 0, 0 
2015-02-07T05:12:30, 2.43626518431, 0, 0, 0 
2015-02-07T05:17:30, 2.43617130676, 0, 0, 0 
2015-02-07T05:22:30, 2.4362567275, 0, 0, 0 
2015-02-07T05:27:30, 2.43622210041, 0, 0, 0 
2015-02-07T05:32:30, 2.43617334758, 0, 0, 0 
2015-02-07T05:37:30, 2.43613987819, 0, 0, 0 
2015-02-07T05:42:30, 2.43628289705, 0, 0, 0 
2015-02-07T05:47:30, 2.43610564743, 0, 0, 0 
2015-02-07T05:52:30, 2.43627153173, 0, 0, 0 
2015-02-07T05:57:30, 2.43629399583, 0, 0, 0 
2015-02-07T06:02:30, 2.43626458407, 0, 0, 0 
2015-02-07T06:07:30, 2.43632545958, 0, 0, 0 
2015-02-07T06:12:30, 2.43617819987, 0, 0, 0 
2015-02-07T06:17:30, 2.43619468339, 0, 0, 0 
2015-02-07T06:22:30, 2.43607882556, 0, 0, 0 
2015-02-07T06:27:30, 2.43620395982, 0, 0, 0 
2015-02-07T06:32:30, 2.43617945566, 0, 0, 0 
2015-02-07T06:37:30, 2.43630182624, 0, 0, 0 
2015-02-07T06:42:30, 2.43635749408, 0, 0, 0 
2015-02-07T06:47:30, 2.43632596514, 0, 0, 0 
2015-02-07T06:52:30, 2.4363579427, 0, 0, 0 
2015-02-07T06:57:30, 2.43611829925, 0, 0, 0 
2015-02-07T07:02:30, 2.43610122955, 0, 0, 0 
2015-02-07T07:07:30, 2.43611908349, 0, 0, 0 
2015-02-07T07:12:30, 2.43623279744, 0, 0, 0 
2015-02-07T07:17:30, 2.43618072925, 0, 0, 0 
2015-02-07T07:22:30, 2.43618868938, 0, 0, 0 
2015-02-07T07:27:30, 2.43638811347, 0, 0, 0 
2015-02-07T07:32:30, 2.43633624182, 0, 0, 0 
2015-02-07T07:37:30, 2.43661987817, 0, 0, 0 
2015-02-07T07:42:30, 2.43647260545, 0, 0, 0 
2015-02-07T07:47:30, 2.43693618389, 0, 0, 0 
2015-02-07T07:52:30, 2.43625459517, 0, 0, 0 
2015-02-07T07:57:30, 2.43620646502, 0, 0, 0 
2015-02-07T08:02:30, 2.43602909898, 0, 0, 0 
2015-02-07T08:07:30, 2.43632505301, 0, 0, 0 
2015-02-07T08:12:30, 2.43684580839, 0, 0, 0 
2015-02-07T08:17:30, 2.43678987816, 0, 0, 0 
2015-02-07T08:22:30, 2.43668011072, 0, 0, 0 
2015-02-07T08:27:30, 2.43786351447, 0, 0, 0 
2015-02-07T08:32:30, 2.43684728076, 0, 0, 0 
2015-02-07T08:37:30, 2.43744500008, 0, 0, 0 
2015-02-07T08:42:30, 2.43792319099, 0, 0, 0 
2015-02-07T08:47:30, 2.43757658267, 0, 0, 0 
2015-02-07T08:52:30, 2.43657312658, 0, 0, 0 
2015-02-07T08:57:30, 2.43743811342, 0, 0, 0 
2015-02-07T09:02:30, 2.43826692354, 0, 0, 0 
2015-02-07T09:07:30, 2.43794250105, 0, 0, 0 
2015-02-07T09:12:30, 2.44026849501, 0, 0, 0 
2015-02-07T09:17:30, 2.43990310381, 0, 0, 0 
2015-02-07T09:22:30, 2.43982199339, 0, 0, 0 
2015-02-07T09:27:30, 2.4399971753, 0, 0, 0 
2015-02-07T09:32:30, 2.43987084575, 0, 0, 0 
2015-02-07T09:37:30, 2.44099110602, 0, 0, 0 
2015-02-07T09:42:30, 2.44029092276, 0, 0, 0 
2015-02-07T09:47:30, 2.43999730068, 0, 0, 0 
2015-02-07T09:52:30, 2.43907285102, 0, 0, 0 
2015-02-07T09:57:30, 2.43943592454, 0, 0, 0 
2015-02-07T10:02:30, 2.43964875442, 0, 0, 0 
2015-02-07T10:07:30, 2.43829648825, 0, 0, 0 
2015-02-07T10:12:30, 2.43745300313, 0, 0, 0 
2015-02-07T10:17:30, 2.43837487808, 0, 0, 0 
2015-02-07T10:22:30, 2.43920821137, 0, 0, 0 
2015-02-07T10:27:30, 2.43855669625, 0, 0, 0 
2015-02-07T10:32:30, 2.44029003343, 0, 0, 0 
2015-02-07T10:37:30, 2.44050816527, 0, 0, 0 
2015-02-07T10:42:30, 2.43993338864, 0, 0, 0 
2015-02-07T10:47:30, 2.43959328461, 0, 0, 0 
2015-02-07T10:52:30, 2.43906390244, 0, 0, 0 
2015-02-07T10:57:30, 2.43899987805, 0, 0, 0 
2015-02-07T11:02:30, 2.43893847454, 0, 0, 0 
2015-02-07T11:07:30, 2.43661255423, 0, 0, 0 
2015-02-07T11:12:30, 2.43701426664, 0, 0, 0 
2015-02-07T11:17:30, 2.43674987816, 0, 0, 0 
2015-02-07T11:22:30, 2.43713297167, 0, 0, 0 
2015-02-07T11:27:30, 2.43688380673, 0, 0, 0 
2015-02-07T11:32:30, 2.43914550911, 0, 0, 0 
2015-02-07T11:37:30, 2.43828833962, 0, 0, 0 
2015-02-07T11:42:30, 2.43979869458, 0, 0, 0 
2015-02-07T11:47:30, 2.44046744554, 0, 0, 0 
2015-02-07T11:52:30, 2.43934665223, 0, 0, 0 
2015-02-07T11:57:30, 2.43704127942, 0, 0, 0 
2015-02-07T12:02:30, 2.43864438674, 0, 0, 0 
2015-02-07T12:07:30, 2.43787254891, 0, 0, 0 
2015-02-07T12:12:30, 2.43710365173, 0, 0, 0 
2015-02-07T12:17:30, 2.43637757602, 0, 0, 0 
2015-02-07T12:22:30, 2.43649663142, 0, 0, 0 
2015-02-07T12:27:30, 2.43658811346, 0, 0, 0 
2015-02-07T12:32:30, 2.4362860624, 0, 0, 0 
2015-02-07T12:37:30, 2.43645639992, 0, 0, 0 
2015-02-07T12:42:30, 2.43626124182, 0, 0, 0 
2015-02-07T12:47:30, 2.43644689805, 0, 0, 0 
2015-02-07T12:52:30, 2.43638308986, 0, 0, 0 
2015-02-07T12:57:30, 2.43637783094, 0, 0, 0 
2015-02-07T13:02:30, 2.4363109893, 0, 0, 0 
2015-02-07T13:07:30, 2.43624455904, 0, 0, 0 
2015-02-07T13:12:30, 2.43658634434, 0, 0, 0 
2015-02-07T13:17:30, 2.43645365969, 0, 0, 0 
2015-02-07T13:22:30, 2.43624807963, 0, 0, 0 
2015-02-07T13:27:30, 2.43625519734, 0, 0, 0 
2015-02-07T13:32:30, 2.43633193925, 0, 0, 0 
2015-02-07T13:37:30, 2.43643833972, 0, 0, 0 
2015-02-07T13:42:30, 2.43631837133, 0, 0, 0 
2015-02-07T13:47:30, 2.43631509558, 0, 0, 0 
2015-02-07T13:52:30, 2.43617033274, 0, 0, 0 
2015-02-07T13:57:30, 2.43641987818, 0, 0, 0 
2015-02-07T14:02:30, 2.43638169636, 0, 0, 0 
2015-02-07T14:07:30, 2.43657409692, 0, 0, 0 
2015-02-07T14:12:30, 2.43656526279, 0, 0, 0 
2015-02-07T14:17:30, 2.43636806, 0, 0, 0 
2015-02-07T14:22:30, 2.43638737818, 0, 0, 0 
2015-02-07T14:27:30, 2.43645523532, 0, 0, 0 
2015-02-07T14:32:30, 2.43663817604, 0, 0, 0 
2015-02-07T14:37:30, 2.43635484001, 0, 0, 0 
2015-02-07T14:42:30, 2.43633038666, 0, 0, 0 
2015-02-07T14:47:30, 2.43651303607, 0, 0, 0 
2015-02-07T14:52:30, 2.43632450505, 0, 0, 0 
2015-02-07T14:57:30, 2.43626265191, 0, 0, 0 
2015-02-07T15:02:30, 2.43638064741, 0, 0, 0 
2015-02-07T15:07:30, 2.43641326401, 0, 0, 0 
2015-02-07T15:12:30, 2.43631695135, 0, 0, 0 
2015-02-07T15:17:30, 2.43641272222, 0, 0, 0 
2015-02-07T15:22:30, 2.43618449358, 0, 0, 0 
2015-02-07T15:27:30, 2.43648374914, 0, 0, 0 
2015-02-07T15:32:30, 2.43632219223, 0, 0, 0 
2015-02-07T15:37:30, 2.43621578728, 0, 0, 0 
2015-02-07T15:42:30, 2.43629057586, 0, 0, 0 
2015-02-07T15:47:30, 2.43648163, 0, 0, 0 
2015-02-07T15:52:30, 2.43636351455, 0, 0, 0 
2015-02-07T15:57:30, 2.43647606865, 0, 0, 0 
2015-02-07T16:02:30, 2.43682430564, 0, 0, 0 
2015-02-07T16:07:30, 2.43668840276, 0, 0, 0 
2015-02-07T16:12:30, 2.43652115477, 0, 0, 0 
2015-02-07T16:17:30, 2.43638697495, 0, 0, 0 
2015-02-07T16:22:30, 2.43649628105, 0, 0, 0 
2015-02-07T16:27:30, 2.43642074149, 0, 0, 0 
2015-02-07T16:32:30, 2.43653804611, 0, 0, 0 
2015-02-07T16:37:30, 2.43632130676, 0, 0, 0 
2015-02-07T16:42:30, 2.43637167305, 0, 0, 0 
2015-02-07T16:47:30, 2.43620066559, 0, 0, 0 
2015-02-07T16:52:30, 2.43631775898, 0, 0, 0 
2015-02-07T16:57:30, 2.4363933208, 0, 0, 0 
2015-02-07T17:02:30, 2.43637167305, 0, 0, 0 
2015-02-07T17:07:30, 2.43642487818, 0, 0, 0 
2015-02-07T17:12:30, 2.4363475603, 0, 0, 0 
2015-02-07T17:17:30, 2.43626682734, 0, 0, 0 
2015-02-07T17:22:30, 2.436320391, 0, 0, 0 
2015-02-07T17:27:30, 2.43629987819, 0, 0, 0 
2015-02-07T17:32:30, 2.43640498767, 0, 0, 0 
2015-02-07T17:37:30, 2.43645109769, 0, 0, 0 
2015-02-07T17:42:30, 2.4363069648, 0, 0, 0 
2015-02-07T17:47:30, 2.43630422601, 0, 0, 0 
2015-02-07T17:52:30, 2.43629284694, 0, 0, 0 
2015-02-07T17:57:30, 2.43623149584, 0, 0, 0 
2015-02-07T18:02:30, 2.43635484001, 0, 0, 0 
2015-02-07T18:07:30, 2.43624790968, 0, 0, 0 
2015-02-07T18:12:30, 2.43652722192, 0, 0, 0 
2015-02-07T18:17:30, 2.43639987818, 0, 0, 0 
2015-02-07T18:22:30, 2.43639063448, 0, 0, 0 
2015-02-07T18:27:30, 2.43639063448, 0, 0, 0 
2015-02-07T18:32:30, 2.4362075705, 0, 0, 0 
2015-02-07T18:37:30, 2.43641717141, 0, 0, 0 
2015-02-07T18:42:30, 2.43639731408, 0, 0, 0 
2015-02-07T18:47:30, 2.43625391045, 0, 0, 0 
2015-02-07T18:52:30, 2.43635353672, 0, 0, 0 
2015-02-07T18:57:30, 2.4362111458, 0, 0, 0 
2015-02-07T19:02:30, 2.43614987819, 0, 0, 0 
2015-02-07T19:07:30, 2.43625391045, 0, 0, 0 
2015-02-07T19:12:30, 2.43627346309, 0, 0, 0 
2015-02-07T19:17:30, 2.43625312494, 0, 0, 0 
2015-02-07T19:22:30, 2.43627260546, 0, 0, 0 
2015-02-07T19:27:30, 2.43628396909, 0, 0, 0 
2015-02-07T19:32:30, 2.4363774292, 0, 0, 0 
2015-02-07T19:37:30, 2.43620987819, 0, 0, 0 
2015-02-07T19:42:30, 2.43636158031, 0, 0, 0 
2015-02-07T19:47:30, 2.43614081779, 0, 0, 0 
2015-02-07T19:52:30, 2.43616987819, 0, 0, 0 
2015-02-07T19:57:30, 2.43619195136, 0, 0, 0 
2015-02-07T20:02:30, 2.43627538839, 0, 0, 0 
2015-02-07T20:07:30, 2.43627727545, 0, 0, 0 
2015-02-07T20:12:30, 2.43619500014, 0, 0, 0 
2015-02-07T20:17:30, 2.43631516481, 0, 0, 0 
2015-02-07T20:22:30, 2.4362685349, 0, 0, 0 
2015-02-07T20:27:30, 2.43622348067, 0, 0, 0 
2015-02-07T20:32:30, 2.43629533273, 0, 0, 0 
2015-02-07T20:37:30, 2.4363109893, 0, 0, 0 
2015-02-07T20:42:30, 2.436396937, 0, 0, 0 
2015-02-07T20:47:30, 2.4363965724, 0, 0, 0 
2015-02-07T20:52:30, 2.43627587819, 0, 0, 0 
2015-02-07T20:57:30, 2.43634078727, 0, 0, 0 
2015-02-07T21:02:30, 2.43633058684, 0, 0, 0 
2015-02-07T21:07:30, 2.43629565283, 0, 0, 0 
2015-02-07T21:12:30, 2.43667187817, 0, 0, 0 
2015-02-07T21:17:30, 2.43659987817, 0, 0, 0 
2015-02-07T21:22:30, 2.43638763328, 0, 0, 0 
2015-02-07T21:27:30, 2.43656237817, 0, 0, 0 
2015-02-07T21:32:30, 2.43636078044, 0, 0, 0 
2015-02-07T21:37:30, 2.4363145635, 0, 0, 0 
2015-02-07T21:42:30, 2.4363662904, 0, 0, 0 
2015-02-07T21:47:30, 2.43634846973, 0, 0, 0 
2015-02-07T21:52:30, 2.43628112819, 0, 0, 0 
2015-02-07T21:57:30, 2.4363109893, 0, 0, 0 
2015-02-07T22:02:30, 2.43626773533, 0, 0, 0 
2015-02-07T22:07:30, 2.43628508945, 0, 0, 0 
2015-02-07T22:12:30, 2.43624822256, 0, 0, 0 
2015-02-07T22:17:30, 2.43612099621, 0, 0, 0 
2015-02-07T22:22:30, 2.43627169027, 0, 0, 0 
2015-02-07T22:27:30, 2.43622629328, 0, 0, 0 
2015-02-07T22:32:30, 2.43622917755, 0, 0, 0 
2015-02-07T22:37:30, 2.43634826528, 0, 0, 0 
2015-02-07T22:42:30, 2.43613112819, 0, 0, 0 
2015-02-07T22:47:30, 2.43619779486, 0, 0, 0 
2015-02-07T22:52:30, 2.43620535764, 0, 0, 0 
2015-02-07T22:57:30, 2.43625162644, 0, 0, 0 
2015-02-07T23:02:30, 2.43621006927, 0, 0, 0 
2015-02-07T23:07:30, 2.43626966236, 0, 0, 0 
2015-02-07T23:12:30, 2.43617696152, 0, 0, 0 
2015-02-07T23:17:30, 2.43612401612, 0, 0, 0 
2015-02-07T23:22:30, 2.4361848097, 0, 0, 0 
2015-02-07T23:27:30, 2.43615945266, 0, 0, 0 
2015-02-07T23:32:30, 2.43624987819, 0, 0, 0 
2015-02-07T23:37:30, 2.4362329863, 0, 0, 0 
2015-02-07T23:42:30, 2.43625289024, 0, 0, 0 
2015-02-07T23:47:30, 2.4362141639, 0, 0, 0 
2015-02-07T23:52:30, 2.43615082159, 0, 0, 0 
2015-02-07T23:57:30, 2.43621278142, 0, 0, 0 
2015-02-08T00:02:30, 2.43614081779, 0, 0, 0 
2015-02-08T00:07:30, 2.43627765596, 0, 0, 0 
2015-02-08T00:12:30, 2.43618231062, 0, 0, 0 
2015-02-08T00:17:30, 2.43633822405, 0, 0, 0 
2015-02-08T00:22:30, 2.43615987819, 0, 0, 0 
2015-02-08T00:27:30, 2.43623828878, 0, 0, 0 
2015-02-08T00:32:30, 2.43614776552, 0, 0, 0 
2015-02-08T00:37:30, 2.43620051513, 0, 0, 0 
2015-02-08T00:42:30, 2.43619244576, 0, 0, 0 
2015-02-08T00:47:30, 2.43612149982, 0, 0, 0 
2015-02-08T00:52:30, 2.43621570553, 0, 0, 0 
2015-02-08T00:57:30, 2.43610191901, 0, 0, 0 
2015-02-08T01:02:30, 2.43630211699, 0, 0, 0 
2015-02-08T01:07:30, 2.43619244576, 0, 0, 0 
2015-02-08T01:12:30, 2.43612568465, 0, 0, 0 
2015-02-08T01:17:30, 2.43616539543, 0, 0, 0 
2015-02-08T01:22:30, 2.43614326055, 0, 0, 0 
2015-02-08T01:27:30, 2.43617334758, 0, 0, 0 
2015-02-08T01:32:30, 2.43624455904, 0, 0, 0 
2015-02-08T01:37:30, 2.43616411177, 0, 0, 0 
2015-02-08T01:42:30, 2.43629758811, 0, 0, 0 
2015-02-08T01:47:30, 2.4362329863, 0, 0, 0 
2015-02-08T01:52:30, 2.43619855369, 0, 0, 0 
2015-02-08T01:57:30, 2.43610987819, 0, 0, 0 
2015-02-08T02:02:30, 2.43609791741, 0, 0, 0 
2015-02-08T02:07:30, 2.43614790451, 0, 0, 0 
2015-02-08T02:12:30, 2.43626570097, 0, 0, 0 
2015-02-08T02:17:30, 2.43617945566, 0, 0, 0 
2015-02-08T02:22:30, 2.43623609866, 0, 0, 0 
2015-02-08T02:27:30, 2.43632596514, 0, 0, 0 
2015-02-08T02:32:30, 2.43617945566, 0, 0, 0 
2015-02-08T02:37:30, 2.43624987819, 0, 0, 0 
2015-02-08T02:42:30, 2.4362329863, 0, 0, 0 
2015-02-08T02:47:30, 2.43616531937, 0, 0, 0 
2015-02-08T02:52:30, 2.4361047733, 0, 0, 0 
2015-02-08T02:57:30, 2.43614888482, 0, 0, 0 
2015-02-08T03:02:30, 2.43610843083, 0, 0, 0 
2015-02-08T03:07:30, 2.43617898267, 0, 0, 0 
2015-02-08T03:12:30, 2.43617868614, 0, 0, 0 
2015-02-08T03:17:30, 2.43617295511, 0, 0, 0 
2015-02-08T03:22:30, 2.43626632556, 0, 0, 0 
2015-02-08T03:27:30, 2.43619342658, 0, 0, 0 
2015-02-08T03:32:30, 2.43626674935, 0, 0, 0 
2015-02-08T03:37:30, 2.4363069648, 0, 0, 0 
2015-02-08T03:42:30, 2.43632596514, 0, 0, 0 
2015-02-08T03:47:30, 2.43649342656, 0, 0, 0 
2015-02-08T03:52:30, 2.43621842124, 0, 0, 0 
2015-02-08T03:57:30, 2.43618987819, 0, 0, 0 
2015-02-08T04:02:30, 2.43626615038, 0, 0, 0 
2015-02-08T04:07:30, 2.43612329592, 0, 0, 0 
2015-02-08T04:12:30, 2.43612175319, 0, 0, 0 
2015-02-08T04:17:30, 2.43608532123, 0, 0, 0 
2015-02-08T04:22:30, 2.43713380671, 0, 0, 0 
2015-02-08T04:27:30, 2.43737567431, 0, 0, 0 
2015-02-08T04:32:30, 2.43727260541, 0, 0, 0 
2015-02-08T04:37:30, 2.43629987819, 0, 0, 0 
2015-02-08T04:42:30, 2.43652290449, 0, 0, 0 
2015-02-08T04:47:30, 2.43677206751, 0, 0, 0 
2015-02-08T04:52:30, 2.43759693694, 0, 0, 0 
2015-02-08T04:57:30, 2.438633599, 0, 0, 0 
2015-02-08T05:02:30, 2.43680826139, 0, 0, 0 
2015-02-08T05:07:30, 2.43659198343, 0, 0, 0 
2015-02-08T05:12:30, 2.43729812375, 0, 0, 0 
2015-02-08T05:17:30, 2.4380774643, 0, 0, 0 
2015-02-08T05:22:30, 2.43763624175, 0, 0, 0 
2015-02-08T05:27:30, 2.43631620471, 0, 0, 0 
2015-02-08T05:32:30, 2.4365135768, 0, 0, 0 
2015-02-08T05:37:30, 2.43975695348, 0, 0, 0 
2015-02-08T05:42:30, 2.43928833957, 0, 0, 0 
2015-02-08T05:47:30, 2.43974987801, 0, 0, 0 
2015-02-08T05:52:30, 2.43977260528, 0, 0, 0 
2015-02-08T05:57:30, 2.44228234542, 0, 0, 0 
2015-02-08T06:02:30, 2.44230896879, 0, 0, 0 
2015-02-08T06:07:30, 2.44199020048, 0, 0, 0 
2015-02-08T06:12:30, 2.43873360587, 0, 0, 0 
2015-02-08T06:17:30, 2.44035976809, 0, 0, 0 
2015-02-08T06:22:30, 2.44074564067, 0, 0, 0 
2015-02-08T06:27:30, 2.44340061312, 0, 0, 0 
2015-02-08T06:32:30, 2.44109498664, 0, 0, 0 
2015-02-08T06:37:30, 2.44048472646, 0, 0, 0 
2015-02-08T06:42:30, 2.44086859304, 0, 0, 0 
2015-02-08T06:47:30, 2.44235344931, 0, 0, 0 
2015-02-08T06:52:30, 2.44439987778, 0, 0, 0 
2015-02-08T06:57:30, 2.44246369367, 0, 0, 0 
2015-02-08T07:02:30, 2.44300751144, 0, 0, 0 
2015-02-08T07:07:30, 2.44161635519, 0, 0, 0 
2015-02-08T07:12:30, 2.43993321134, 0, 0, 0 
2015-02-08T07:17:30, 2.44042440628, 0, 0, 0 
2015-02-08T07:22:30, 2.44025121489, 0, 0, 0 
2015-02-08T07:27:30, 2.44114760522, 0, 0, 0 
2015-02-08T07:32:30, 2.44368280465, 0, 0, 0 
2015-02-08T07:37:30, 2.44111526256, 0, 0, 0 
2015-02-08T07:42:30, 2.442400499, 0, 0, 0 
2015-02-08T07:47:30, 2.442521617, 0, 0, 0 
2015-02-08T07:52:30, 2.44173457179, 0, 0, 0 
2015-02-08T07:57:30, 2.44366394032, 0, 0, 0 
2015-02-08T08:02:30, 2.4450699712, 0, 0, 0 
2015-02-08T08:07:30, 2.44492255817, 0, 0, 0 
2015-02-08T08:12:30, 2.44549987773, 0, 0, 0 
2015-02-08T08:17:30, 2.44563145667, 0, 0, 0 
2015-02-08T08:22:30, 2.445685592, 0, 0, 0 
2015-02-08T08:27:30, 2.44562325434, 0, 0, 0 
2015-02-08T08:32:30, 2.44558848532, 0, 0, 0 
2015-02-08T08:37:30, 2.44574987771, 0, 0, 0 
2015-02-08T08:42:30, 2.44521416345, 0, 0, 0 
2015-02-08T08:47:30, 2.44430442324, 0, 0, 0 
2015-02-08T08:52:30, 2.44538876662, 0, 0, 0 
2015-02-08T08:57:30, 2.44534724615, 0, 0, 0 
2015-02-08T09:02:30, 2.44521938993, 0, 0, 0 
2015-02-08T09:07:30, 2.44561752478, 0, 0, 0 
2015-02-08T09:12:30, 2.44574987771, 0, 0, 0 
2015-02-08T09:17:30, 2.44574987771, 0, 0, 0 
2015-02-08T09:22:30, 2.44568011027, 0, 0, 0 
2015-02-08T09:27:30, 2.44461722471, 0, 0, 0 
2015-02-08T09:32:30, 2.44538223067, 0, 0, 0 
2015-02-08T09:37:30, 2.44574987771, 0, 0, 0 
2015-02-08T09:42:30, 2.44574084157, 0, 0, 0 
2015-02-08T09:47:30, 2.44564273486, 0, 0, 0 
2015-02-08T09:52:30, 2.44571796282, 0, 0, 0 
2015-02-08T09:57:30, 2.44558151037, 0, 0, 0 
2015-02-08T10:02:30, 2.44562487772, 0, 0, 0 
2015-02-08T10:07:30, 2.44571329235, 0, 0, 0 
2015-02-08T10:12:30, 2.44574987771, 0, 0, 0 
2015-02-08T10:17:30, 2.44574987771, 0, 0, 0 
2015-02-08T10:22:30, 2.44574987771, 0, 0, 0 
2015-02-08T10:27:30, 2.44581805953, 0, 0, 0 
2015-02-08T10:32:30, 2.44574987771, 0, 0, 0 
2015-02-08T10:37:30, 2.44571818757, 0, 0, 0 
2015-02-08T10:42:30, 2.44574105418, 0, 0, 0 
2015-02-08T10:47:30, 2.44575745347, 0, 0, 0 
2015-02-08T10:52:30, 2.44574061845, 0, 0, 0 
2015-02-08T10:57:30, 2.4457763483, 0, 0, 0 
2015-02-08T11:02:30, 2.44575745347, 0, 0, 0 
2015-02-08T11:07:30, 2.44574987771, 0, 0, 0 
2015-02-08T11:12:30, 2.44574987771, 0, 0, 0 
2015-02-08T11:17:30, 2.44574987771, 0, 0, 0 
2015-02-08T11:22:30, 2.44574299698, 0, 0, 0 
2015-02-08T11:27:30, 2.44574987771, 0, 0, 0 
2015-02-08T11:32:30, 2.44574987771, 0, 0, 0 
2015-02-08T11:37:30, 2.44574987771, 0, 0, 0 
2015-02-08T11:42:30, 2.44566116804, 0, 0, 0 
2015-02-08T11:47:30, 2.44574987771, 0, 0, 0 
2015-02-08T11:52:30, 2.44574987771, 0, 0, 0 
2015-02-08T11:57:30, 2.44574214575, 0, 0, 0 
2015-02-08T12:02:30, 2.44575891386, 0, 0, 0 
2015-02-08T12:07:30, 2.44574013745, 0, 0, 0 
2015-02-08T12:12:30, 2.44574987771, 0, 0, 0 
2015-02-08T12:17:30, 2.44575961797, 0, 0, 0 
2015-02-08T12:22:30, 2.44574105418, 0, 0, 0 
2015-02-08T12:27:30, 2.44574987771, 0, 0, 0 
2015-02-08T12:32:30, 2.44575760967, 0, 0, 0 
2015-02-08T12:37:30, 2.44574245197, 0, 0, 0 
2015-02-08T12:42:30, 2.44575777245, 0, 0, 0 
2015-02-08T12:47:30, 2.44574335597, 0, 0, 0 
2015-02-08T12:52:30, 2.44575745347, 0, 0, 0 
2015-02-08T12:57:30, 2.44571499399, 0, 0, 0 
2015-02-08T13:02:30, 2.4457418132, 0, 0, 0 
2015-02-08T13:07:30, 2.4457261935, 0, 0, 0 
2015-02-08T13:12:30, 2.44574987771, 0, 0, 0 
2015-02-08T13:17:30, 2.44574125702, 0, 0, 0 
2015-02-08T13:22:30, 2.44575702057, 0, 0, 0 
2015-02-08T13:27:30, 2.44555870125, 0, 0, 0 
2015-02-08T13:32:30, 2.44574987771, 0, 0, 0 
2015-02-08T13:37:30, 2.44574987771, 0, 0, 0 
2015-02-08T13:42:30, 2.44574987771, 0, 0, 0 
2015-02-08T13:47:30, 2.44571040403, 0, 0, 0 
2015-02-08T13:52:30, 2.44572103156, 0, 0, 0 
2015-02-08T13:57:30, 2.44574145075, 0, 0, 0 
2015-02-08T14:02:30, 2.44575794223, 0, 0, 0 
2015-02-08T14:07:30, 2.44573758263, 0, 0, 0 
2015-02-08T14:12:30, 2.44574987771, 0, 0, 0 
2015-02-08T14:17:30, 2.4457584984, 0, 0, 0 
2015-02-08T14:22:30, 2.44574987771, 0, 0, 0 
2015-02-08T14:27:30, 2.44553036553, 0, 0, 0 
2015-02-08T14:32:30, 2.44544493267, 0, 0, 0 
2015-02-08T14:37:30, 2.44554383377, 0, 0, 0 
2015-02-08T14:42:30, 2.44546416344, 0, 0, 0 
2015-02-08T14:47:30, 2.44529987774, 0, 0, 0 
2015-02-08T14:52:30, 2.44545193252, 0, 0, 0 
2015-02-08T14:57:30, 2.44565718109, 0, 0, 0 
2015-02-08T15:02:30, 2.44574084157, 0, 0, 0 
2015-02-08T15:07:30, 2.44575913697, 0, 0, 0 
2015-02-08T15:12:30, 2.44574987771, 0, 0, 0 
2015-02-08T15:17:30, 2.44559987772, 0, 0, 0 
2015-02-08T15:22:30, 2.44574198298, 0, 0, 0 
2015-02-08T15:27:30, 2.44575870124, 0, 0, 0 
2015-02-08T15:32:30, 2.44506884326, 0, 0, 0 
2015-02-08T15:37:30, 2.44564050272, 0, 0, 0 
2015-02-08T15:42:30, 2.44574061845, 0, 0, 0 
2015-02-08T15:47:30, 2.44574987771, 0, 0, 0 
2015-02-08T15:52:30, 2.44555344915, 0, 0, 0 
2015-02-08T15:57:30, 2.44561752478, 0, 0, 0 
2015-02-08T16:02:30, 2.44572401564, 0, 0, 0 
2015-02-08T16:07:30, 2.44563145667, 0, 0, 0 
2015-02-08T16:12:30, 2.44575987771, 0, 0, 0 
2015-02-08T16:17:30, 2.44559987772, 0, 0, 0 
2015-02-08T16:22:30, 2.44574105418, 0, 0, 0 
2015-02-08T16:27:30, 2.44575830468, 0, 0, 0 
2015-02-08T16:32:30, 2.44498472624, 0, 0, 0 
2015-02-08T16:37:30, 2.44543737773, 0, 0, 0 
2015-02-08T16:42:30, 2.44454987777, 0, 0, 0 
2015-02-08T16:47:30, 2.44446890433, 0, 0, 0 
2015-02-08T16:52:30, 2.44509078684, 0, 0, 0 
2015-02-08T16:57:30, 2.445603326, 0, 0, 0 
2015-02-08T17:02:30, 2.44578476143, 0, 0, 0 
2015-02-08T17:07:30, 2.44543737773, 0, 0, 0 
2015-02-08T17:12:30, 2.44575794223, 0, 0, 0 
2015-02-08T17:17:30, 2.44573987771, 0, 0, 0 
2015-02-08T17:22:30, 2.4456816959, 0, 0, 0 
2015-02-08T17:27:30, 2.44574987771, 0, 0, 0 
2015-02-08T17:32:30, 2.44554383377, 0, 0, 0 
2015-02-08T17:37:30, 2.44574987771, 0, 0, 0 
2015-02-08T17:42:30, 2.44575913697, 0, 0, 0 
2015-02-08T17:47:30, 2.44566482617, 0, 0, 0 
2015-02-08T17:52:30, 2.44555089813, 0, 0, 0 
2015-02-08T17:57:30, 2.44574084157, 0, 0, 0 
2015-02-08T18:02:30, 2.44572668184, 0, 0, 0 
2015-02-08T18:07:30, 2.44553112772, 0, 0, 0 
2015-02-08T18:12:30, 2.44574987771, 0, 0, 0 
2015-02-08T18:17:30, 2.44552735025, 0, 0, 0 
2015-02-08T18:22:30, 2.44574084157, 0, 0, 0 
2015-02-08T18:27:30, 2.44575777245, 0, 0, 0 
2015-02-08T18:32:30, 2.44574987771, 0, 0, 0 
2015-02-08T18:37:30, 2.44574987771, 0, 0, 0 
2015-02-08T18:42:30, 2.44571416343, 0, 0, 0 
2015-02-08T18:47:30, 2.44574987771, 0, 0, 0 
2015-02-08T18:52:30, 2.44574987771, 0, 0, 0 
2015-02-08T18:57:30, 2.44574987771, 0, 0, 0 
2015-02-08T19:02:30, 2.44574987771, 0, 0, 0 
2015-02-08T19:07:30, 2.44574163595, 0, 0, 0 
2015-02-08T19:12:30, 2.4457261935, 0, 0, 0 
2015-02-08T19:17:30, 2.44575702057, 0, 0, 0 
2015-02-08T19:22:30, 2.44574987771, 0, 0, 0 
2015-02-08T19:27:30, 2.44574987771, 0, 0, 0 
2015-02-08T19:32:30, 2.44574198298, 0, 0, 0 
2015-02-08T19:37:30, 2.44574987771, 0, 0, 0 
2015-02-08T19:42:30, 2.44575830468, 0, 0, 0 
2015-02-08T19:47:30, 2.44574163595, 0, 0, 0 
2015-02-08T19:52:30, 2.44572760049, 0, 0, 0 
2015-02-08T19:57:30, 2.44574214575, 0, 0, 0 
2015-02-08T20:02:30, 2.44572157583, 0, 0, 0 
2015-02-08T20:07:30, 2.44569218541, 0, 0, 0 
2015-02-08T20:12:30, 2.44571040403, 0, 0, 0 
2015-02-08T20:17:30, 2.44574987771, 0, 0, 0 
2015-02-08T20:22:30, 2.44565804098, 0, 0, 0 
2015-02-08T20:27:30, 2.44568434374, 0, 0, 0 
2015-02-08T20:32:30, 2.44575794223, 0, 0, 0 
2015-02-08T20:37:30, 2.44571199893, 0, 0, 0 
2015-02-08T20:42:30, 2.44571654438, 0, 0, 0 
2015-02-08T20:47:30, 2.44575830468, 0, 0, 0 
2015-02-08T20:52:30, 2.44574125702, 0, 0, 0 
2015-02-08T20:57:30, 2.44575760967, 0, 0, 0 
2015-02-08T21:02:30, 2.44574987771, 0, 0, 0 
2015-02-08T21:07:30, 2.44574987771, 0, 0, 0 
2015-02-08T21:12:30, 2.44574214575, 0, 0, 0 
2015-02-08T21:17:30, 2.44575777245, 0, 0, 0 
2015-02-08T21:22:30, 2.44574987771, 0, 0, 0 
2015-02-08T21:27:30, 2.44574987771, 0, 0, 0 
2015-02-08T21:32:30, 2.4457418132, 0, 0, 0 
2015-02-08T21:37:30, 2.44575913697, 0, 0, 0 
2015-02-08T21:42:30, 2.44574198298, 0, 0, 0 
2015-02-08T21:47:30, 2.44575745347, 0, 0, 0 
2015-02-08T21:52:30, 2.44574230196, 0, 0, 0 
2015-02-08T21:57:30, 2.44574987771, 0, 0, 0 
2015-02-08T22:02:30, 2.44572065693, 0, 0, 0 
2015-02-08T22:07:30, 2.44574987771, 0, 0, 0 
2015-02-08T22:12:30, 2.44574214575, 0, 0, 0 
2015-02-08T22:17:30, 2.44574987771, 0, 0, 0 
2015-02-08T22:22:30, 2.44575811947, 0, 0, 0 
2015-02-08T22:27:30, 2.44574125702, 0, 0, 0 
2015-02-08T22:32:30, 2.44575745347, 0, 0, 0 
2015-02-08T22:37:30, 2.44574145075, 0, 0, 0 
2015-02-08T22:42:30, 2.44574987771, 0, 0, 0 
2015-02-08T22:47:30, 2.44574987771, 0, 0, 0 
2015-02-08T22:52:30, 2.44574987771, 0, 0, 0 
2015-02-08T22:57:30, 2.44572668184, 0, 0, 0 
2015-02-08T23:02:30, 2.44574987771, 0, 0, 0 
2015-02-08T23:07:30, 2.44574987771, 0, 0, 0 
2015-02-08T23:12:30, 2.4457418132, 0, 0, 0 
2015-02-08T23:17:30, 2.44575830468, 0, 0, 0 
2015-02-08T23:22:30, 2.44571040403, 0, 0, 0 
2015-02-08T23:27:30, 2.44687116479, 0, 0, 0 
2015-02-08T23:32:30, 2.44571654438, 0, 0, 0 
2015-02-08T23:37:30, 2.44574038404, 0, 0, 0 
2015-02-08T23:42:30, 2.44646761961, 0, 0, 0 
2015-02-08T23:47:30, 2.44850418792, 0, 0, 0 
2015-02-08T23:52:30, 2.44604482152, 0, 0, 0 
2015-02-08T23:57:30, 2.446891182, 0, 0, 0 
2015-02-09T00:02:30, 2.44824630616, 0, 0, 0 
2015-02-09T00:07:30, 2.44741531881, 0, 0, 0 
2015-02-09T00:12:30, 2.44611615676, 0, 0, 0 
2015-02-09T00:17:30, 2.44687487766, 0, 0, 0 
2015-02-09T00:22:30, 2.44749987763, 0, 0, 0 
2015-02-09T00:27:30, 2.44713941253, 0, 0, 0 
2015-02-09T00:32:30, 2.44965190454, 0, 0, 0 
2015-02-09T00:37:30, 2.45037420903, 0, 0, 0 
2015-02-09T00:42:30, 2.45002273464, 0, 0, 0 
2015-02-09T00:47:30, 2.44975137452, 0, 0, 0 
2015-02-09T00:52:30, 2.44958532056, 0, 0, 0 
2015-02-09T00:57:30, 2.45030111972, 0, 0, 0 
2015-02-09T01:02:30, 2.45092844888, 0, 0, 0 
2015-02-09T01:07:30, 2.45122021642, 0, 0, 0 
2015-02-09T01:12:30, 2.45050781398, 0, 0, 0 
2015-02-09T01:17:30, 2.45187420896, 0, 0, 0 
2015-02-09T01:22:30, 2.45054533202, 0, 0, 0 
2015-02-09T01:27:30, 2.44905196088, 0, 0, 0 
2015-02-09T01:32:30, 2.44771187761, 0, 0, 0 
2015-02-09T01:37:30, 2.44901665607, 0, 0, 0 
2015-02-09T01:42:30, 2.45048712237, 0, 0, 0 
2015-02-09T01:47:30, 2.45095750457, 0, 0, 0 
2015-02-09T01:52:30, 2.45222794756, 0, 0, 0 
2015-02-09T01:57:30, 2.45214072246, 0, 0, 0 
2015-02-09T02:02:30, 2.45038661781, 0, 0, 0 
2015-02-09T02:07:30, 2.45082112098, 0, 0, 0 
2015-02-09T02:12:30, 2.45054335573, 0, 0, 0 
2015-02-09T02:17:30, 2.45130324822, 0, 0, 0 
2015-02-09T02:22:30, 2.45020846645, 0, 0, 0 
2015-02-09T02:27:30, 2.45181879633, 0, 0, 0 
2015-02-09T02:32:30, 2.45168987742, 0, 0, 0 
2015-02-09T02:37:30, 2.45136886139, 0, 0, 0 
2015-02-09T02:42:30, 2.45273249768, 0, 0, 0 
2015-02-09T02:47:30, 2.4535422502, 0, 0, 0 
2015-02-09T02:52:30, 2.45430543284, 0, 0, 0 
2015-02-09T02:57:30, 2.45484307252, 0, 0, 0 
2015-02-09T03:02:30, 2.45474510019, 0, 0, 0 
2015-02-09T03:07:30, 2.45485702011, 0, 0, 0 
2015-02-09T03:12:30, 2.45130306892, 0, 0, 0 
2015-02-09T03:17:30, 2.45313697412, 0, 0, 0 
2015-02-09T03:22:30, 2.45333510461, 0, 0, 0 
2015-02-09T03:27:30, 2.45381526192, 0, 0, 0 
2015-02-09T03:32:30, 2.45447606775, 0, 0, 0 
2015-02-09T03:37:30, 2.45381855863, 0, 0, 0 
2015-02-09T03:42:30, 2.45366654398, 0, 0, 0 
2015-02-09T03:47:30, 2.45391791009, 0, 0, 0 
2015-02-09T03:52:30, 2.45307555302, 0, 0, 0 
2015-02-09T03:57:30, 2.45508993936, 0, 0, 0 
2015-02-09T04:02:30, 2.45500864918, 0, 0, 0 
2015-02-09T04:07:30, 2.45538145618, 0, 0, 0 
2015-02-09T04:12:30, 2.45535564646, 0, 0, 0 
2015-02-09T04:17:30, 2.45544850736, 0, 0, 0 
2015-02-09T04:22:30, 2.45551036673, 0, 0, 0 
2015-02-09T04:27:30, 2.45537182845, 0, 0, 0 
2015-02-09T04:32:30, 2.45547192692, 0, 0, 0 
2015-02-09T04:37:30, 2.45561212212, 0, 0, 0 
2015-02-09T04:42:30, 2.45554889683, 0, 0, 0 
2015-02-09T04:47:30, 2.45560987722, 0, 0, 0 
2015-02-09T04:52:30, 2.45541934032, 0, 0, 0 
2015-02-09T04:57:30, 2.45560300222, 0, 0, 0 
2015-02-09T05:02:30, 2.45557729658, 0, 0, 0 
2015-02-09T05:07:30, 2.45578795668, 0, 0, 0 
2015-02-09T05:12:30, 2.45562950685, 0, 0, 0 
2015-02-09T05:17:30, 2.45566451136, 0, 0, 0 
2015-02-09T05:22:30, 2.45622065641, 0, 0, 0 
2015-02-09T05:27:30, 2.45567844864, 0, 0, 0 
2015-02-09T05:32:30, 2.45567868516, 0, 0, 0 
2015-02-09T05:37:30, 2.45563363518, 0, 0, 0 
2015-02-09T05:42:30, 2.45562329494, 0, 0, 0 
2015-02-09T05:47:30, 2.45577872336, 0, 0, 0 
2015-02-09T05:52:30, 2.45552800222, 0, 0, 0 
2015-02-09T05:57:30, 2.45568855646, 0, 0, 0 
2015-02-09T06:02:30, 2.45565471593, 0, 0, 0 
2015-02-09T06:07:30, 2.45542758807, 0, 0, 0 
2015-02-09T06:12:30, 2.45561030667, 0, 0, 0 
2015-02-09T06:17:30, 2.45572245786, 0, 0, 0 
2015-02-09T06:22:30, 2.4558432507, 0, 0, 0 
2015-02-09T06:27:30, 2.45572917658, 0, 0, 0 
2015-02-09T06:32:30, 2.45558120252, 0, 0, 0 
2015-02-09T06:37:30, 2.45614642892, 0, 0, 0 
2015-02-09T06:42:30, 2.45577765499, 0, 0, 0 
2015-02-09T06:47:30, 2.45556068803, 0, 0, 0 
2015-02-09T06:52:30, 2.45583949985, 0, 0, 0 
2015-02-09T06:57:30, 2.4557023312, 0, 0, 0 
2015-02-09T07:02:30, 2.45633321052, 0, 0, 0 
2015-02-09T07:07:30, 2.45575143001, 0, 0, 0 
2015-02-09T07:12:30, 2.4555447874, 0, 0, 0 
2015-02-09T07:17:30, 2.45561067267, 0, 0, 0 
2015-02-09T07:22:30, 2.45541550223, 0, 0, 0 
2015-02-09T07:27:30, 2.45535702009, 0, 0, 0 
2015-02-09T07:32:30, 2.45533321057, 0, 0, 0 
2015-02-09T07:37:30, 2.45548263585, 0, 0, 0 
2015-02-09T07:42:30, 2.45563720116, 0, 0, 0 
2015-02-09T07:47:30, 2.45577765499, 0, 0, 0 
2015-02-09T07:52:30, 2.45608267974, 0, 0, 0 
2015-02-09T07:57:30, 2.45568301675, 0, 0, 0 
2015-02-09T08:02:30, 2.455827342, 0, 0, 0 
2015-02-09T08:07:30, 2.45616768541, 0, 0, 0 
2015-02-09T08:12:30, 2.45573149486, 0, 0, 0 
2015-02-09T08:17:30, 2.45586416292, 0, 0, 0 
2015-02-09T08:22:30, 2.4556775088, 0, 0, 0 
2015-02-09T08:27:30, 2.45617758803, 0, 0, 0 
2015-02-09T08:32:30, 2.4560309331, 0, 0, 0 
2015-02-09T08:37:30, 2.4560198772, 0, 0, 0 
2015-02-09T08:42:30, 2.45687778413, 0, 0, 0 
2015-02-09T08:47:30, 2.45637260445, 0, 0, 0 
2015-02-09T08:52:30, 2.45606022202, 0, 0, 0 
2015-02-09T08:57:30, 2.45563624085, 0, 0, 0 
2015-02-09T09:02:30, 2.45561526183, 0, 0, 0 
2015-02-09T09:07:30, 2.45569096002, 0, 0, 0 
2015-02-09T09:12:30, 2.45705794166, 0, 0, 0 
2015-02-09T09:17:30, 2.45693737715, 0, 0, 0 
2015-02-09T09:22:30, 2.45689987716, 0, 0, 0 
2015-02-09T09:27:30, 2.45748321046, 0, 0, 0 
2015-02-09T09:32:30, 2.45983731543, 0, 0, 0 
2015-02-09T09:37:30, 2.45746141559, 0, 0, 0 
2015-02-09T09:42:30, 2.45921629495, 0, 0, 0 
2015-02-09T09:47:30, 2.45955306851, 0, 0, 0 
2015-02-09T09:52:30, 2.45957130559, 0, 0, 0 
2015-02-09T09:57:30, 2.45949987703, 0, 0, 0 
2015-02-09T10:02:30, 2.45996433198, 0, 0, 0 
2015-02-09T10:07:30, 2.45910157196, 0, 0, 0 
2015-02-09T10:12:30, 2.46020406547, 0, 0, 0 
2015-02-09T10:17:30, 2.46036428376, 0, 0, 0 
2015-02-09T10:22:30, 2.46152319299, 0, 0, 0 
2015-02-09T10:27:30, 2.45942844846, 0, 0, 0 
2015-02-09T10:32:30, 2.45812686122, 0, 0, 0 
2015-02-09T10:37:30, 2.45871068788, 0, 0, 0 
2015-02-09T10:42:30, 2.4558444718, 0, 0, 0 
2015-02-09T10:47:30, 2.45598334828, 0, 0, 0 
2015-02-09T10:52:30, 2.45572301771, 0, 0, 0 
2015-02-09T10:57:30, 2.45460390412, 0, 0, 0 
2015-02-09T11:02:30, 2.45239461422, 0, 0, 0 
2015-02-09T11:07:30, 2.44801098871, 0, 0, 0 
2015-02-09T11:12:30, 2.44781884313, 0, 0, 0 
2015-02-09T11:17:30, 2.44780487761, 0, 0, 0 
2015-02-09T11:22:30, 2.44665328676, 0, 0, 0 
2015-02-09T11:27:30, 2.44574987771, 0, 0, 0 
2015-02-09T11:32:30, 2.44574987771, 0, 0, 0 
2015-02-09T11:37:30, 2.44576107174, 0, 0, 0 
2015-02-09T11:42:30, 2.44574163595, 0, 0, 0 
2015-02-09T11:47:30, 2.4457584984, 0, 0, 0 
2015-02-09T11:52:30, 2.44577307359, 0, 0, 0 
2015-02-09T11:57:30, 2.44573987771, 0, 0, 0 
2015-02-09T12:02:30, 2.44575891386, 0, 0, 0 
2015-02-09T12:07:30, 2.44578646308, 0, 0, 0 
2015-02-09T12:12:30, 2.44574987771, 0, 0, 0 
2015-02-09T12:17:30, 2.44573931433, 0, 0, 0 
2015-02-09T12:22:30, 2.44576217279, 0, 0, 0 
2015-02-09T12:27:30, 2.44577987771, 0, 0, 0 
2015-02-09T12:32:30, 2.44575811947, 0, 0, 0 
2015-02-09T12:37:30, 2.4451070206, 0, 0, 0 
2015-02-09T12:42:30, 2.44514621921, 0, 0, 0 
2015-02-09T12:47:30, 2.44435942834, 0, 0, 0 
2015-02-09T12:52:30, 2.44483987776, 0, 0, 0 
2015-02-09T12:57:30, 2.44310244195, 0, 0, 0 
2015-02-09T13:02:30, 2.44188667036, 0, 0, 0 
2015-02-09T13:07:30, 2.44126839646, 0, 0, 0 
2015-02-09T13:12:30, 2.43959198328, 0, 0, 0 
2015-02-09T13:17:30, 2.43979154468, 0, 0, 0 
2015-02-09T13:22:30, 2.43870193286, 0, 0, 0 
2015-02-09T13:27:30, 2.43779335637, 0, 0, 0 
2015-02-09T13:32:30, 2.43769136748, 0, 0, 0 
2015-02-09T13:37:30, 2.43748636461, 0, 0, 0 
2015-02-09T13:42:30, 2.43644479343, 0, 0, 0 
2015-02-09T13:47:30, 2.43699987815, 0, 0, 0 
2015-02-09T13:52:30, 2.43698108116, 0, 0, 0 
2015-02-09T13:57:30, 2.43734004207, 0, 0, 0 
2015-02-09T14:02:30, 2.43647423715, 0, 0, 0 
2015-02-09T14:07:30, 2.4364187971, 0, 0, 0 
2015-02-09T14:12:30, 2.43651269869, 0, 0, 0 
2015-02-09T14:17:30, 2.43674357564, 0, 0, 0 
2015-02-09T14:22:30, 2.43645777291, 0, 0, 0 
2015-02-09T14:27:30, 2.43639012208, 0, 0, 0 
2015-02-09T14:32:30, 2.43644024515, 0, 0, 0 
2015-02-09T14:37:30, 2.43646141664, 0, 0, 0 
2015-02-09T14:42:30, 2.4364193697, 0, 0, 0 
2015-02-09T14:47:30, 2.43648864222, 0, 0, 0 
2015-02-09T14:52:30, 2.43660313904, 0, 0, 0 
2015-02-09T14:57:30, 2.43646626473, 0, 0, 0 
2015-02-09T15:02:30, 2.4365221996, 0, 0, 0 
2015-02-09T15:07:30, 2.43642175318, 0, 0, 0 
2015-02-09T15:12:30, 2.43650931214, 0, 0, 0 
2015-02-09T15:17:30, 2.43641013459, 0, 0, 0 
2015-02-09T15:22:30, 2.43643737818, 0, 0, 0 
2015-02-09T15:27:30, 2.43633321152, 0, 0, 0 
2015-02-09T15:32:30, 2.43636278141, 0, 0, 0 
2015-02-09T15:37:30, 2.43646776808, 0, 0, 0 
2015-02-09T15:42:30, 2.43645133449, 0, 0, 0 
2015-02-09T15:47:30, 2.43656932262, 0, 0, 0 
2015-02-09T15:52:30, 2.43635643556, 0, 0, 0 
2015-02-09T15:57:30, 2.4363662904, 0, 0, 0 
2015-02-09T16:02:30, 2.43649987818, 0, 0, 0 
2015-02-09T16:07:30, 2.43645523532, 0, 0, 0 
2015-02-09T16:12:30, 2.4362795392, 0, 0, 0 
2015-02-09T16:17:30, 2.43603007954, 0, 0, 0 
2015-02-09T16:22:30, 2.43426029495, 0, 0, 0 
2015-02-09T16:27:30, 2.43493239359, 0, 0, 0 
2015-02-09T16:32:30, 2.43593107086, 0, 0, 0 
2015-02-09T16:37:30, 2.4359998782, 0, 0, 0 
2015-02-09T16:42:30, 2.43534218593, 0, 0, 0 
2015-02-09T16:47:30, 2.43510798635, 0, 0, 0 
2015-02-09T16:52:30, 2.43588709625, 0, 0, 0 
2015-02-09T16:57:30, 2.43626211595, 0, 0, 0 
2015-02-09T17:02:30, 2.43613075068, 0, 0, 0 
2015-02-09T17:07:30, 2.43621128759, 0, 0, 0 
2015-02-09T17:12:30, 2.43623987819, 0, 0, 0 
2015-02-09T17:17:30, 2.43620137073, 0, 0, 0 
2015-02-09T17:22:30, 2.43618855744, 0, 0, 0 
2015-02-09T17:27:30, 2.4362567275, 0, 0, 0 
2015-02-09T17:32:30, 2.4359998782, 0, 0, 0 
2015-02-09T17:37:30, 2.43688011768, 0, 0, 0 
2015-02-09T17:42:30, 2.43716548324, 0, 0, 0 
2015-02-09T17:47:30, 2.4380337764, 0, 0, 0 
2015-02-09T17:52:30, 2.44065393202, 0, 0, 0 
2015-02-09T17:57:30, 2.43917265291, 0, 0, 0 
2015-02-09T18:02:30, 2.44006383149, 0, 0, 0 
2015-02-09T18:07:30, 2.44193700365, 0, 0, 0 
2015-02-09T18:12:30, 2.44152222429, 0, 0, 0 
2015-02-09T18:17:30, 2.44476711914, 0, 0, 0 
2015-02-09T18:22:30, 2.44342610734, 0, 0, 0 
2015-02-09T18:27:30, 2.44237024825, 0, 0, 0 
2015-02-09T18:32:30, 2.44064831547, 0, 0, 0 
2015-02-09T18:37:30, 2.44054131444, 0, 0, 0 
2015-02-09T18:42:30, 2.44004020058, 0, 0, 0 
2015-02-09T18:47:30, 2.44186278113, 0, 0, 0 
2015-02-09T18:52:30, 2.44272328212, 0, 0, 0 
2015-02-09T18:57:30, 2.44412808292, 0, 0, 0 
2015-02-09T19:02:30, 2.44439176967, 0, 0, 0 
2015-02-09T19:07:30, 2.4455088063, 0, 0, 0 
2015-02-09T19:12:30, 2.44518953291, 0, 0, 0 
2015-02-09T19:17:30, 2.44542379077, 0, 0, 0 
2015-02-09T19:22:30, 2.44465829361, 0, 0, 0 
2015-02-09T19:27:30, 2.4455379212, 0, 0, 0 
2015-02-09T19:32:30, 2.44564987772, 0, 0, 0 
2015-02-09T19:37:30, 2.44539273487, 0, 0, 0 
2015-02-09T19:42:30, 2.44574987771, 0, 0, 0 
2015-02-09T19:47:30, 2.44553559201, 0, 0, 0 
2015-02-09T19:52:30, 2.44562890998, 0, 0, 0 
2015-02-09T19:57:30, 2.44572668184, 0, 0, 0 
2015-02-09T20:02:30, 2.44567009048, 0, 0, 0 
2015-02-09T20:07:30, 2.44571796282, 0, 0, 0 
2015-02-09T20:12:30, 2.44574987771, 0, 0, 0 
2015-02-09T20:17:30, 2.44574987771, 0, 0, 0 
2015-02-09T20:22:30, 2.44574084157, 0, 0, 0 
2015-02-09T20:27:30, 2.44574987771, 0, 0, 0 
2015-02-09T20:32:30, 2.44575870124, 0, 0, 0 
2015-02-09T20:37:30, 2.44574987771, 0, 0, 0 
2015-02-09T20:42:30, 2.44574987771, 0, 0, 0 
2015-02-09T20:47:30, 2.44574987771, 0, 0, 0 
2015-02-09T20:52:30, 2.44573987771, 0, 0, 0 
2015-02-09T20:57:30, 2.44574987771, 0, 0, 0 
2015-02-09T21:02:30, 2.4457584984, 0, 0, 0 
2015-02-09T21:07:30, 2.44574987771, 0, 0, 0 
2015-02-09T21:12:30, 2.44574987771, 0, 0, 0 
2015-02-09T21:17:30, 2.44574987771, 0, 0, 0 
2015-02-09T21:22:30, 2.44574987771, 0, 0, 0 
2015-02-09T21:27:30, 2.44574987771, 0, 0, 0 
2015-02-09T21:32:30, 2.44574084157, 0, 0, 0 
2015-02-09T21:37:30, 2.44575870124, 0, 0, 0 
2015-02-09T21:42:30, 2.44574987771, 0, 0, 0 
2015-02-09T21:47:30, 2.44573987771, 0, 0, 0 
2015-02-09T21:52:30, 2.44575891386, 0, 0, 0 
2015-02-09T21:57:30, 2.44574038404, 0, 0, 0 
2015-02-09T22:02:30, 2.44579734606, 0, 0, 0 
2015-02-09T22:07:30, 2.44574987771, 0, 0, 0 
2015-02-09T22:12:30, 2.44574987771, 0, 0, 0 
2015-02-09T22:17:30, 2.44579154438, 0, 0, 0 
2015-02-09T22:22:30, 2.44574987771, 0, 0, 0 
2015-02-09T22:27:30, 2.44574013745, 0, 0, 0 
2015-02-09T22:32:30, 2.44575937138, 0, 0, 0 
2015-02-09T22:37:30, 2.44574987771, 0, 0, 0 
2015-02-09T22:42:30, 2.44574145075, 0, 0, 0 
2015-02-09T22:47:30, 2.44576107174, 0, 0, 0 
2015-02-09T22:52:30, 2.4458492753, 0, 0, 0 
2015-02-09T22:57:30, 2.44575760967, 0, 0, 0 
2015-02-09T23:02:30, 2.4457418132, 0, 0, 0 
2015-02-09T23:07:30, 2.44575745347, 0, 0, 0 
2015-02-09T23:12:30, 2.44574145075, 0, 0, 0 
2015-02-09T23:17:30, 2.44575794223, 0, 0, 0 
2015-02-09T23:22:30, 2.44574987771, 0, 0, 0 
2015-02-09T23:27:30, 2.44574987771, 0, 0, 0 
2015-02-09T23:32:30, 2.44574038404, 0, 0, 0 
2015-02-09T23:37:30, 2.44574987771, 0, 0, 0 
2015-02-09T23:42:30, 2.44575987771, 0, 0, 0 
2015-02-09T23:47:30, 2.44574987771, 0, 0, 0 
2015-02-09T23:52:30, 2.44574987771, 0, 0, 0 
2015-02-09T23:57:30, 2.44573797295, 0, 0, 0 
2015-02-10T00:02:30, 2.44574987771, 0, 0, 0 
2015-02-10T00:07:30, 2.44575870124, 0, 0, 0 
2015-02-10T00:12:30, 2.44574987771, 0, 0, 0 
2015-02-10T00:17:30, 2.44574987771, 0, 0, 0 
2015-02-10T00:22:30, 2.44574987771, 0, 0, 0 
2015-02-10T00:27:30, 2.44574987771, 0, 0, 0 
2015-02-10T00:32:30, 2.44574214575, 0, 0, 0 
2015-02-10T00:37:30, 2.44575870124, 0, 0, 0 
2015-02-10T00:42:30, 2.44574987771, 0, 0, 0 
2015-02-10T00:47:30, 2.44574038404, 0, 0, 0 
2015-02-10T00:52:30, 2.4459198777, 0, 0, 0 
2015-02-10T00:57:30, 2.44612909118, 0, 0, 0 
2015-02-10T01:02:30, 2.44588876659, 0, 0, 0 
2015-02-10T01:07:30, 2.44574987771, 0, 0, 0 
2015-02-10T01:12:30, 2.44574987771, 0, 0, 0 
2015-02-10T01:17:30, 2.44574987771, 0, 0, 0 
2015-02-10T01:22:30, 2.44574987771, 0, 0, 0 
2015-02-10T01:27:30, 2.44574145075, 0, 0, 0 
2015-02-10T01:32:30, 2.44575760967, 0, 0, 0 
2015-02-10T01:37:30, 2.44574987771, 0, 0, 0 
2015-02-10T01:42:30, 2.44574084157, 0, 0, 0 
2015-02-10T01:47:30, 2.44575870124, 0, 0, 0 
2015-02-10T01:52:30, 2.44574163595, 0, 0, 0 
2015-02-10T01:57:30, 2.44575870124, 0, 0, 0 
2015-02-10T02:02:30, 2.44574105418, 0, 0, 0 
2015-02-10T02:07:30, 2.44574987771, 0, 0, 0 
2015-02-10T02:12:30, 2.44574987771, 0, 0, 0 
2015-02-10T02:17:30, 2.44608421505, 0, 0, 0 
2015-02-10T02:22:30, 2.44592844913, 0, 0, 0 
2015-02-10T02:27:30, 2.44586944292, 0, 0, 0 
2015-02-10T02:32:30, 2.4462340549, 0, 0, 0 
2015-02-10T02:37:30, 2.44627028585, 0, 0, 0 
2015-02-10T02:42:30, 2.44583321104, 0, 0, 0 
2015-02-10T02:47:30, 2.44677391612, 0, 0, 0 
2015-02-10T02:52:30, 2.44598321103, 0, 0, 0 
2015-02-10T02:57:30, 2.44662918801, 0, 0, 0 
2015-02-10T03:02:30, 2.4481857183, 0, 0, 0 
2015-02-10T03:07:30, 2.446163143, 0, 0, 0 
2015-02-10T03:12:30, 2.44590279033, 0, 0, 0 
2015-02-10T03:17:30, 2.44679335592, 0, 0, 0 
2015-02-10T03:22:30, 2.44636212258, 0, 0, 0 
2015-02-10T03:27:30, 2.44585452887, 0, 0, 0 
2015-02-10T03:32:30, 2.44574105418, 0, 0, 0 
2015-02-10T03:37:30, 2.44592771276, 0, 0, 0 
2015-02-10T03:42:30, 2.44593943814, 0, 0, 0 
2015-02-10T03:47:30, 2.44709162076, 0, 0, 0 
2015-02-10T03:52:30, 2.44623517181, 0, 0, 0 
2015-02-10T03:57:30, 2.44604198296, 0, 0, 0 
2015-02-10T04:02:30, 2.44737723612, 0, 0, 0 
2015-02-10T04:07:30, 2.44640841426, 0, 0, 0 
2015-02-10T04:12:30, 2.44810779126, 0, 0, 0 
2015-02-10T04:17:30, 2.44859987757, 0, 0, 0 
2015-02-10T04:22:30, 2.4472687852, 0, 0, 0 
2015-02-10T04:27:30, 2.4471182987, 0, 0, 0 
2015-02-10T04:32:30, 2.44697436745, 0, 0, 0 
2015-02-10T04:37:30, 2.44574987771, 0, 0, 0 
2015-02-10T04:42:30, 2.44600576005, 0, 0, 0 
2015-02-10T04:47:30, 2.44660702053, 0, 0, 0 
2015-02-10T04:52:30, 2.44670442312, 0, 0, 0 
2015-02-10T04:57:30, 2.44709987765, 0, 0, 0 
2015-02-10T05:02:30, 2.44771950378, 0, 0, 0 
2015-02-10T05:07:30, 2.44706237765, 0, 0, 0 
2015-02-10T05:12:30, 2.44720660841, 0, 0, 0 
2015-02-10T05:17:30, 2.44757987762, 0, 0, 0 
2015-02-10T05:22:30, 2.4470852435, 0, 0, 0 
2015-02-10T05:27:30, 2.44895137009, 0, 0, 0 
2015-02-10T05:32:30, 2.44927987754, 0, 0, 0 
2015-02-10T05:37:30, 2.44874987756, 0, 0, 0 
2015-02-10T05:42:30, 2.44735083917, 0, 0, 0 
2015-02-10T05:47:30, 2.44727215486, 0, 0, 0 
2015-02-10T05:52:30, 2.44821556386, 0, 0, 0 
2015-02-10T05:57:30, 2.44871578666, 0, 0, 0 
2015-02-10T06:02:30, 2.44688827051, 0, 0, 0 
2015-02-10T06:07:30, 2.44614693652, 0, 0, 0 
2015-02-10T06:12:30, 2.44600537221, 0, 0, 0 
2015-02-10T06:17:30, 2.44579020029, 0, 0, 0 
2015-02-10T06:22:30, 2.44598851406, 0, 0, 0 
2015-02-10T06:27:30, 2.44588305528, 0, 0, 0 
2015-02-10T06:32:30, 2.44798441368, 0, 0, 0 
2015-02-10T06:37:30, 2.44651961452, 0, 0, 0 
2015-02-10T06:42:30, 2.44679704747, 0, 0, 0 
2015-02-10T06:47:30, 2.44877724982, 0, 0, 0 
2015-02-10T06:52:30, 2.44647157579, 0, 0, 0 
2015-02-10T06:57:30, 2.44679515325, 0, 0, 0 
2015-02-10T07:02:30, 2.44657487767, 0, 0, 0 
2015-02-10T07:07:30, 2.44610514085, 0, 0, 0 
2015-02-10T07:12:30, 2.44577573978, 0, 0, 0 
2015-02-10T07:17:30, 2.44574987771, 0, 0, 0 
2015-02-10T07:22:30, 2.44587753728, 0, 0, 0 
2015-02-10T07:27:30, 2.44575937138, 0, 0, 0 
2015-02-10T07:32:30, 2.44597560586, 0, 0, 0 
2015-02-10T07:37:30, 2.44629675269, 0, 0, 0 
2015-02-10T07:42:30, 2.44601008178, 0, 0, 0 
2015-02-10T07:47:30, 2.44717912292, 0, 0, 0 
2015-02-10T07:52:30, 2.44588624134, 0, 0, 0 
2015-02-10T07:57:30, 2.44586098882, 0, 0, 0 
2015-02-10T08:02:30, 2.44696761959, 0, 0, 0 
2015-02-10T08:07:30, 2.44587130628, 0, 0, 0 
2015-02-10T08:12:30, 2.44623439096, 0, 0, 0 
2015-02-10T08:17:30, 2.44691477127, 0, 0, 0 
2015-02-10T08:22:30, 2.44726458352, 0, 0, 0 
2015-02-10T08:27:30, 2.44609709992, 0, 0, 0 
2015-02-10T08:32:30, 2.4463234071, 0, 0, 0 
2015-02-10T08:37:30, 2.44841013399, 0, 0, 0 
2015-02-10T08:42:30, 2.44733771547, 0, 0, 0 
2015-02-10T08:47:30, 2.44852659513, 0, 0, 0 
2015-02-10T08:52:30, 2.44779118196, 0, 0, 0 
2015-02-10T08:57:30, 2.44670376116, 0, 0, 0 
2015-02-10T09:02:30, 2.44582928947, 0, 0, 0 
2015-02-10T09:07:30, 2.44582093034, 0, 0, 0 
2015-02-10T09:12:30, 2.44574987771, 0, 0, 0 
2015-02-10T09:17:30, 2.44573202057, 0, 0, 0 
2015-02-10T09:22:30, 2.44506439388, 0, 0, 0 
2015-02-10T09:27:30, 2.44446104283, 0, 0, 0 
2015-02-10T09:32:30, 2.4431223944, 0, 0, 0 
2015-02-10T09:37:30, 2.44014236504, 0, 0, 0 
2015-02-10T09:42:30, 2.43879763087, 0, 0, 0 
2015-02-10T09:47:30, 2.43777340752, 0, 0, 0 
2015-02-10T09:52:30, 2.43812950772, 0, 0, 0 
2015-02-10T09:57:30, 2.4368011204, 0, 0, 0 
2015-02-10T10:02:30, 2.43653137424, 0, 0, 0 
2015-02-10T10:07:30, 2.43648900861, 0, 0, 0 
2015-02-10T10:12:30, 2.43641654485, 0, 0, 0 
2015-02-10T10:17:30, 2.43649187818, 0, 0, 0 
2015-02-10T10:22:30, 2.43628787819, 0, 0, 0 
2015-02-10T10:27:30, 2.43644582412, 0, 0, 0 
2015-02-10T10:32:30, 2.43649273532, 0, 0, 0 
2015-02-10T10:37:30, 2.43617295511, 0, 0, 0 
2015-02-10T10:42:30, 2.43640896909, 0, 0, 0 
2015-02-10T10:47:30, 2.43620500639, 0, 0, 0 
2015-02-10T10:52:30, 2.43469136763, 0, 0, 0 
2015-02-10T10:57:30, 2.43140097733, 0, 0, 0 
2015-02-10T11:02:30, 2.43113031323, 0, 0, 0 
2015-02-10T11:07:30, 2.4308781168, 0, 0, 0 
2015-02-10T11:12:30, 2.43508581575, 0, 0, 0 
2015-02-10T11:17:30, 2.43579795513, 0, 0, 0 
2015-02-10T11:22:30, 2.43654204685, 0, 0, 0 
2015-02-10T11:27:30, 2.43663574773, 0, 0, 0 
2015-02-10T11:32:30, 2.43673357382, 0, 0, 0 
2015-02-10T11:37:30, 2.43656458405, 0, 0, 0 
2015-02-10T11:42:30, 2.43822260536, 0, 0, 0 
2015-02-10T11:47:30, 2.44120632955, 0, 0, 0 
2015-02-10T11:52:30, 2.44294384337, 0, 0, 0 
2015-02-10T11:57:30, 2.44574987771, 0, 0, 0 
2015-02-10T12:02:30, 2.44594273485, 0, 0, 0 
2015-02-10T12:07:30, 2.44642487768, 0, 0, 0 
2015-02-10T12:12:30, 2.44739349465, 0, 0, 0 
2015-02-10T12:17:30, 2.44884987756, 0, 0, 0 
2015-02-10T12:22:30, 2.45125645638, 0, 0, 0 
2015-02-10T12:27:30, 2.45227161652, 0, 0, 0 
2015-02-10T12:32:30, 2.45228213545, 0, 0, 0 
2015-02-10T12:37:30, 2.4519998774, 0, 0, 0 
2015-02-10T12:42:30, 2.45190445756, 0, 0, 0 
2015-02-10T12:47:30, 2.45019815335, 0, 0, 0 
2015-02-10T12:52:30, 2.4491325306, 0, 0, 0 
2015-02-10T12:57:30, 2.44656237767, 0, 0, 0 
2015-02-10T13:02:30, 2.44688987766, 0, 0, 0 
2015-02-10T13:07:30, 2.44658987767, 0, 0, 0 
2015-02-10T13:12:30, 2.44653248637, 0, 0, 0 
2015-02-10T13:17:30, 2.4460623777, 0, 0, 0 
2015-02-10T13:22:30, 2.44595442316, 0, 0, 0 
2015-02-10T13:27:30, 2.44630543324, 0, 0, 0 
2015-02-10T13:32:30, 2.44624987769, 0, 0, 0 
2015-02-10T13:37:30, 2.44688083004, 0, 0, 0 
2015-02-10T13:42:30, 2.44645933714, 0, 0, 0 
2015-02-10T13:47:30, 2.44584362771, 0, 0, 0 
2015-02-10T13:52:30, 2.44579826481, 0, 0, 0 
2015-02-10T13:57:30, 2.44580757002, 0, 0, 0 
2015-02-10T14:02:30, 2.4458466519, 0, 0, 0 
2015-02-10T14:07:30, 2.44594724612, 0, 0, 0 
2015-02-10T14:12:30, 2.44604704751, 0, 0, 0 
2015-02-10T14:17:30, 2.4465236872, 0, 0, 0 
2015-02-10T14:22:30, 2.44686278088, 0, 0, 0 
2015-02-10T14:27:30, 2.44949987753, 0, 0, 0 
2015-02-10T14:32:30, 2.44842844901, 0, 0, 0 
2015-02-10T14:37:30, 2.44604225058, 0, 0, 0 
2015-02-10T14:42:30, 2.44580344914, 0, 0, 0 
2015-02-10T14:47:30, 2.44740896854, 0, 0, 0 
2015-02-10T14:52:30, 2.44914610396, 0, 0, 0 
2015-02-10T14:57:30, 2.4486704658, 0, 0, 0 
2015-02-10T15:02:30, 2.44945575988, 0, 0, 0 
2015-02-10T15:07:30, 2.45119078653, 0, 0, 0 
2015-02-10T15:12:30, 2.45087742848, 0, 0, 0 
2015-02-10T15:17:30, 2.45130579849, 0, 0, 0 
2015-02-10T15:22:30, 2.45411144754, 0, 0, 0 
2015-02-10T15:27:30, 2.45608750606, 0, 0, 0 
2015-02-10T15:32:30, 2.4560155022, 0, 0, 0 
2015-02-10T15:37:30, 2.45617175219, 0, 0, 0 
2015-02-10T15:42:30, 2.45612325382, 0, 0, 0 
2015-02-10T15:47:30, 2.45610313806, 0, 0, 0 
2015-02-10T15:52:30, 2.45593807945, 0, 0, 0 
2015-02-10T15:57:30, 2.45624038352, 0, 0, 0 
2015-02-10T16:02:30, 2.456155217, 0, 0, 0 
2015-02-10T16:07:30, 2.45589362721, 0, 0, 0 
2015-02-10T16:12:30, 2.45632928895, 0, 0, 0 
2015-02-10T16:17:30, 2.45602565039, 0, 0, 0 
2015-02-10T16:22:30, 2.45609421682, 0, 0, 0 
2015-02-10T16:27:30, 2.45598100928, 0, 0, 0 
2015-02-10T16:32:30, 2.45610538178, 0, 0, 0 
2015-02-10T16:37:30, 2.45601910797, 0, 0, 0 
2015-02-10T16:42:30, 2.4560998772, 0, 0, 0 
2015-02-10T16:47:30, 2.45610702005, 0, 0, 0 
2015-02-10T16:52:30, 2.45608223014, 0, 0, 0 
2015-02-10T16:57:30, 2.45612950682, 0, 0, 0 
2015-02-10T17:02:30, 2.45612325382, 0, 0, 0 
2015-02-10T17:07:30, 2.45617729655, 0, 0, 0 
2015-02-10T17:12:30, 2.45610661877, 0, 0, 0 
2015-02-10T17:17:30, 2.45589861138, 0, 0, 0 
2015-02-10T17:22:30, 2.45610404386, 0, 0, 0 
2015-02-10T17:27:30, 2.4560155022, 0, 0, 0 
2015-02-10T17:32:30, 2.45619789699, 0, 0, 0 
2015-02-10T17:37:30, 2.4559918772, 0, 0, 0 
2015-02-10T17:42:30, 2.45600418754, 0, 0, 0 
2015-02-10T17:47:30, 2.45602028536, 0, 0, 0 
2015-02-10T17:52:30, 2.45602928896, 0, 0, 0 
2015-02-10T17:57:30, 2.4559198772, 0, 0, 0 
2015-02-10T18:02:30, 2.45574140264, 0, 0, 0 
2015-02-10T18:07:30, 2.45599541291, 0, 0, 0 
2015-02-10T18:12:30, 2.45592634779, 0, 0, 0 
2015-02-10T18:17:30, 2.45579191261, 0, 0, 0 
2015-02-10T18:22:30, 2.45580599966, 0, 0, 0 
2015-02-10T18:27:30, 2.45601303509, 0, 0, 0 
2015-02-10T18:32:30, 2.45576178197, 0, 0, 0 
2015-02-10T18:37:30, 2.45576987721, 0, 0, 0 
2015-02-10T18:42:30, 2.45611752425, 0, 0, 0 
2015-02-10T18:47:30, 2.45588519831, 0, 0, 0 
2015-02-10T18:52:30, 2.45588285593, 0, 0, 0 
2015-02-10T18:57:30, 2.45568132883, 0, 0, 0 
2015-02-10T19:02:30, 2.4556277842, 0, 0, 0 
2015-02-10T19:07:30, 2.45553531029, 0, 0, 0 
2015-02-10T19:12:30, 2.4556062602, 0, 0, 0 
2015-02-10T19:17:30, 2.45579767133, 0, 0, 0 
2015-02-10T19:22:30, 2.45543010979, 0, 0, 0 
2015-02-10T19:27:30, 2.45505940106, 0, 0, 0 
2015-02-10T19:32:30, 2.45446311257, 0, 0, 0 
2015-02-10T19:37:30, 2.45474448158, 0, 0, 0 
2015-02-10T19:42:30, 2.45568975063, 0, 0, 0 
2015-02-10T19:47:30, 2.45456363566, 0, 0, 0 
2015-02-10T19:52:30, 2.45503396816, 0, 0, 0 
2015-02-10T19:57:30, 2.45406325758, 0, 0, 0 
2015-02-10T20:02:30, 2.45531403653, 0, 0, 0 
2015-02-10T20:07:30, 2.45515104003, 0, 0, 0 
2015-02-10T20:12:30, 2.45476518338, 0, 0, 0 
2015-02-10T20:17:30, 2.45434809157, 0, 0, 0 
2015-02-10T20:22:30, 2.45415166301, 0, 0, 0 
2015-02-10T20:27:30, 2.45546773437, 0, 0, 0 
2015-02-10T20:32:30, 2.4548795765, 0, 0, 0 
2015-02-10T20:37:30, 2.45485558196, 0, 0, 0 
2015-02-10T20:42:30, 2.45417868524, 0, 0, 0 
2015-02-10T20:47:30, 2.45338998722, 0, 0, 0 
2015-02-10T20:52:30, 2.45390728471, 0, 0, 0 
2015-02-10T20:57:30, 2.45492056691, 0, 0, 0 
2015-02-10T21:02:30, 2.454154716, 0, 0, 0 
2015-02-10T21:07:30, 2.45468010982, 0, 0, 0 
2015-02-10T21:12:30, 2.45490463916, 0, 0, 0 
2015-02-10T21:17:30, 2.45431141575, 0, 0, 0 
2015-02-10T21:22:30, 2.45555442268, 0, 0, 0 
2015-02-10T21:27:30, 2.45428987729, 0, 0, 0 
2015-02-10T21:32:30, 2.4531139713, 0, 0, 0 
2015-02-10T21:37:30, 2.45370539879, 0, 0, 0 
2015-02-10T21:42:30, 2.45529256016, 0, 0, 0 
2015-02-10T21:47:30, 2.45556290243, 0, 0, 0 
2015-02-10T21:52:30, 2.45361004681, 0, 0, 0 
2015-02-10T21:57:30, 2.45396116762, 0, 0, 0 
2015-02-10T22:02:30, 2.45320575969, 0, 0, 0 
2015-02-10T22:07:30, 2.45323607366, 0, 0, 0 
2015-02-10T22:12:30, 2.45507987725, 0, 0, 0 
2015-02-10T22:17:30, 2.45246416309, 0, 0, 0 
2015-02-10T22:22:30, 2.45278600453, 0, 0, 0 
2015-02-10T22:27:30, 2.45397889828, 0, 0, 0 
2015-02-10T22:32:30, 2.45185812483, 0, 0, 0 
2015-02-10T22:37:30, 2.45111259421, 0, 0, 0 
2015-02-10T22:42:30, 2.45187197043, 0, 0, 0 
2015-02-10T22:47:30, 2.45002071083, 0, 0, 0 
2015-02-10T22:52:30, 2.45127666315, 0, 0, 0 
2015-02-10T22:57:30, 2.44968737752, 0, 0, 0 
2015-02-10T23:02:30, 2.44948987753, 0, 0, 0 
2015-02-10T23:07:30, 2.4479998776, 0, 0, 0 
2015-02-10T23:12:30, 2.44865254932, 0, 0, 0 
2015-02-10T23:17:30, 2.4483689252, 0, 0, 0 
2015-02-10T23:22:30, 2.44879213108, 0, 0, 0 
2015-02-10T23:27:30, 2.44962487752, 0, 0, 0 
2015-02-10T23:32:30, 2.44874415237, 0, 0, 0 
2015-02-10T23:37:30, 2.44829057526, 0, 0, 0 
2015-02-10T23:42:30, 2.44811858263, 0, 0, 0 
2015-02-10T23:47:30, 2.4472369466, 0, 0, 0 
2015-02-10T23:52:30, 2.44773840972, 0, 0, 0 
2015-02-10T23:57:30, 2.44695400609, 0, 0, 0 
2015-02-11T00:02:30, 2.44825355406, 0, 0, 0 
2015-02-11T00:07:30, 2.44874987756, 0, 0, 0 
2015-02-11T00:12:30, 2.44834871479, 0, 0, 0 
2015-02-11T00:17:30, 2.44903248624, 0, 0, 0 
2015-02-11T00:22:30, 2.45032216664, 0, 0, 0 
2015-02-11T00:27:30, 2.44952682363, 0, 0, 0 
2015-02-11T00:32:30, 2.44906331038, 0, 0, 0 
2015-02-11T00:37:30, 2.4470376135, 0, 0, 0 
2015-02-11T00:42:30, 2.44641835594, 0, 0, 0 
2015-02-11T00:47:30, 2.44600519685, 0, 0, 0 
2015-02-11T00:52:30, 2.44583754005, 0, 0, 0 
2015-02-11T00:57:30, 2.44574987771, 0, 0, 0 
2015-02-11T01:02:30, 2.44575794223, 0, 0, 0 
2015-02-11T01:07:30, 2.44574987771, 0, 0, 0 
2015-02-11T01:12:30, 2.44615250927, 0, 0, 0 
2015-02-11T01:17:30, 2.44596698296, 0, 0, 0 
2015-02-11T01:22:30, 2.44634603153, 0, 0, 0 
2015-02-11T01:27:30, 2.44656884319, 0, 0, 0 
2015-02-11T01:32:30, 2.44638817555, 0, 0, 0 
2015-02-11T01:37:30, 2.44593025745, 0, 0, 0 
2015-02-11T01:42:30, 2.44685281883, 0, 0, 0 
2015-02-11T01:47:30, 2.44583754005, 0, 0, 0 
2015-02-11T01:52:30, 2.44874987756, 0, 0, 0 
2015-02-11T01:57:30, 2.44741237763, 0, 0, 0 
2015-02-11T02:02:30, 2.44795200526, 0, 0, 0 
2015-02-11T02:07:30, 2.44643536155, 0, 0, 0 
2015-02-11T02:12:30, 2.4467204659, 0, 0, 0 
2015-02-11T02:17:30, 2.44646726898, 0, 0, 0 
2015-02-11T02:22:30, 2.44592634829, 0, 0, 0 
2015-02-11T02:27:30, 2.44574987771, 0, 0, 0 
2015-02-11T02:32:30, 2.44634290094, 0, 0, 0 
2015-02-11T02:37:30, 2.44640951623, 0, 0, 0 
2015-02-11T02:42:30, 2.44575794223, 0, 0, 0 
2015-02-11T02:47:30, 2.44574987771, 0, 0, 0 
2015-02-11T02:52:30, 2.44582928947, 0, 0, 0 
2015-02-11T02:57:30, 2.44574987771, 0, 0, 0 
2015-02-11T03:02:30, 2.44595864059, 0, 0, 0 
2015-02-11T03:07:30, 2.44575777245, 0, 0, 0 
2015-02-11T03:12:30, 2.44574987771, 0, 0, 0 
2015-02-11T03:17:30, 2.44602619349, 0, 0, 0 
2015-02-11T03:22:30, 2.44618223063, 0, 0, 0 
2015-02-11T03:27:30, 2.44589987771, 0, 0, 0 
2015-02-11T03:32:30, 2.44591451185, 0, 0, 0 
2015-02-11T03:37:30, 2.44587918805, 0, 0, 0 
2015-02-11T03:42:30, 2.4459898777, 0, 0, 0 
2015-02-11T03:47:30, 2.44584053705, 0, 0, 0 
2015-02-11T03:52:30, 2.44599507001, 0, 0, 0 
2015-02-11T03:57:30, 2.44584470529, 0, 0, 0 
2015-02-11T04:02:30, 2.44635925268, 0, 0, 0 
2015-02-11T04:07:30, 2.44575777245, 0, 0, 0 
2015-02-11T04:12:30, 2.44574987771, 0, 0, 0 
2015-02-11T04:17:30, 2.44574987771, 0, 0, 0 
2015-02-11T04:22:30, 2.4457418132, 0, 0, 0 
2015-02-11T04:27:30, 2.44575891386, 0, 0, 0 
2015-02-11T04:32:30, 2.44574987771, 0, 0, 0 
2015-02-11T04:37:30, 2.44605276231, 0, 0, 0 
2015-02-11T04:42:30, 2.44590647111, 0, 0, 0 
2015-02-11T04:47:30, 2.44600537221, 0, 0, 0 
2015-02-11T04:52:30, 2.44617729705, 0, 0, 0 
2015-02-11T04:57:30, 2.44585896862, 0, 0, 0 
2015-02-11T05:02:30, 2.44592429631, 0, 0, 0 
2015-02-11T05:07:30, 2.44653801327, 0, 0, 0 
2015-02-11T05:12:30, 2.44574145075, 0, 0, 0 
2015-02-11T05:17:30, 2.44574987771, 0, 0, 0 
2015-02-11T05:22:30, 2.44594647964, 0, 0, 0 
2015-02-11T05:27:30, 2.4457418132, 0, 0, 0 
2015-02-11T05:32:30, 2.44585702056, 0, 0, 0 
2015-02-11T05:37:30, 2.4460623777, 0, 0, 0 
2015-02-11T05:42:30, 2.44687487766, 0, 0, 0 
2015-02-11T05:47:30, 2.4460467527, 0, 0, 0 
2015-02-11T05:52:30, 2.44634819229, 0, 0, 0 
2015-02-11T05:57:30, 2.44651618202, 0, 0, 0 
2015-02-11T06:02:30, 2.44602705161, 0, 0, 0 
2015-02-11T06:07:30, 2.44824181307, 0, 0, 0 
2015-02-11T06:12:30, 2.44725675837, 0, 0, 0 
2015-02-11T06:17:30, 2.4457418132, 0, 0, 0 
2015-02-11T06:22:30, 2.44596522424, 0, 0, 0 
2015-02-11T06:27:30, 2.44623145664, 0, 0, 0 
2015-02-11T06:32:30, 2.4459998777, 0, 0, 0 
2015-02-11T06:37:30, 2.44575870124, 0, 0, 0 
2015-02-11T06:42:30, 2.44583916342, 0, 0, 0 
2015-02-11T06:47:30, 2.44574013745, 0, 0, 0 
2015-02-11T06:52:30, 2.44574987771, 0, 0, 0 
2015-02-11T06:57:30, 2.44574987771, 0, 0, 0 
2015-02-11T07:02:30, 2.44575913697, 0, 0, 0 
2015-02-11T07:07:30, 2.44574987771, 0, 0, 0 
2015-02-11T07:12:30, 2.44574987771, 0, 0, 0 
2015-02-11T07:17:30, 2.44574987771, 0, 0, 0 
2015-02-11T07:22:30, 2.44574987771, 0, 0, 0 
2015-02-11T07:27:30, 2.44574987771, 0, 0, 0 
2015-02-11T07:32:30, 2.44574125702, 0, 0, 0 
2015-02-11T07:37:30, 2.44574987771, 0, 0, 0 
2015-02-11T07:42:30, 2.44575760967, 0, 0, 0 
2015-02-11T07:47:30, 2.44574987771, 0, 0, 0 
2015-02-11T07:52:30, 2.44574987771, 0, 0, 0 
2015-02-11T07:57:30, 2.44574145075, 0, 0, 0 
2015-02-11T08:02:30, 2.44574987771, 0, 0, 0 
2015-02-11T08:07:30, 2.44565505013, 0, 0, 0 
2015-02-11T08:12:30, 2.44574987771, 0, 0, 0 
2015-02-11T08:17:30, 2.44574987771, 0, 0, 0 
2015-02-11T08:22:30, 2.44574987771, 0, 0, 0 
2015-02-11T08:27:30, 2.44574105418, 0, 0, 0 
2015-02-11T08:32:30, 2.44575870124, 0, 0, 0 
2015-02-11T08:37:30, 2.44574987771, 0, 0, 0 
2015-02-11T08:42:30, 2.44574987771, 0, 0, 0 
2015-02-11T08:47:30, 2.44574987771, 0, 0, 0 
2015-02-11T08:52:30, 2.44574038404, 0, 0, 0 
2015-02-11T08:57:30, 2.44575715927, 0, 0, 0 
2015-02-11T09:02:30, 2.44574105418, 0, 0, 0 
2015-02-11T09:07:30, 2.44575891386, 0, 0, 0 
2015-02-11T09:12:30, 2.44517844917, 0, 0, 0 
2015-02-11T09:17:30, 2.44574987771, 0, 0, 0 
2015-02-11T09:22:30, 2.44478353161, 0, 0, 0 
2015-02-11T09:27:30, 2.44462891003, 0, 0, 0 
2015-02-11T09:32:30, 2.44347528766, 0, 0, 0 
2015-02-11T09:37:30, 2.44155182597, 0, 0, 0 
2015-02-11T09:42:30, 2.44336098894, 0, 0, 0 
2015-02-11T09:47:30, 2.44583559199, 0, 0, 0 
2015-02-11T09:52:30, 2.44579399536, 0, 0, 0 
2015-02-11T09:57:30, 2.44574987771, 0, 0, 0 
2015-02-11T10:02:30, 2.44574987771, 0, 0, 0 
2015-02-11T10:07:30, 2.20806510699, 0, 0, 0 
2015-02-11T10:12:30, 2.31584988421, 0, 0, 0 
2015-02-11T10:17:30, 2.31169036061, 0, 0, 0 
2015-02-11T10:22:30, 2.30806719229, 0, 0, 0 
2015-02-11T10:27:30, 2.30934419591, 0, 0, 0 
2015-02-11T10:32:30, 2.30849988458, 0, 0, 0 
2015-02-11T10:37:30, 2.30890300955, 0, 0, 0 
2015-02-11T10:42:30, 2.30934258116, 0, 0, 0 
2015-02-11T10:47:30, 2.30809172133, 0, 0, 0 
2015-02-11T10:52:30, 2.30941532571, 0, 0, 0 
2015-02-11T10:57:30, 2.30676052296, 0, 0, 0 
2015-02-11T11:02:30, 2.3065823589, 0, 0, 0 
2015-02-11T11:07:30, 2.30794036079, 0, 0, 0 
2015-02-11T11:12:30, 2.30679988466, 0, 0, 0 
2015-02-11T11:17:30, 2.30649386058, 0, 0, 0 
2015-02-11T11:22:30, 2.30741367773, 0, 0, 0 
2015-02-11T11:27:30, 2.30634533923, 0, 0, 0 
2015-02-11T11:32:30, 2.3062870134, 0, 0, 0 
2015-02-11T11:37:30, 2.30624014443, 0, 0, 0 
2015-02-11T11:42:30, 2.30633709399, 0, 0, 0 
2015-02-11T11:47:30, 2.30614892315, 0, 0, 0 
2015-02-11T11:52:30, 2.30617175969, 0, 0, 0 
2015-02-11T11:57:30, 2.30622460379, 0, 0, 0 
2015-02-11T12:02:30, 2.30624988469, 0, 0, 0 
2015-02-11T12:07:30, 2.3063180665, 0, 0, 0 
2015-02-11T12:12:30, 2.30633120998, 0, 0, 0 
2015-02-11T12:17:30, 2.30622845612, 0, 0, 0 
2015-02-11T12:22:30, 2.30625850538, 0, 0, 0 
2015-02-11T12:27:30, 2.30618170287, 0, 0, 0 
2015-02-11T12:32:30, 2.30625962495, 0, 0, 0 
2015-02-11T12:37:30, 2.30629988469, 0, 0, 0 
2015-02-11T12:42:30, 2.3062141704, 0, 0, 0 
2015-02-11T12:47:30, 2.30633559897, 0, 0, 0 
2015-02-11T12:52:30, 2.30624039102, 0, 0, 0 
2015-02-11T12:57:30, 2.30621238469, 0, 0, 0 
2015-02-11T13:02:30, 2.30635702754, 0, 0, 0 
2015-02-11T13:07:30, 2.30623457857, 0, 0, 0 
2015-02-11T13:12:30, 2.30620743186, 0, 0, 0 
2015-02-11T13:17:30, 2.30618170287, 0, 0, 0 
2015-02-11T13:22:30, 2.30623488469, 0, 0, 0 
2015-02-11T13:27:30, 2.30623988469, 0, 0, 0 
2015-02-11T13:32:30, 2.30623988469, 0, 0, 0 
2015-02-11T13:37:30, 2.30626732655, 0, 0, 0 
2015-02-11T13:42:30, 2.30629274183, 0, 0, 0 
2015-02-11T13:47:30, 2.30626015866, 0, 0, 0 
2015-02-11T13:52:30, 2.30634856889, 0, 0, 0 
2015-02-11T13:57:30, 2.30627261196, 0, 0, 0 
2015-02-11T14:02:30, 2.30633559897, 0, 0, 0 
2015-02-11T14:07:30, 2.30626352105, 0, 0, 0 
2015-02-11T14:12:30, 2.30632488468, 0, 0, 0 
2015-02-11T14:17:30, 2.30638624832, 0, 0, 0 
2015-02-11T14:22:30, 2.30626304258, 0, 0, 0 
2015-02-11T14:27:30, 2.30629988469, 0, 0, 0 
2015-02-11T14:32:30, 2.3064505889, 0, 0, 0 
2015-02-11T14:37:30, 2.30634363468, 0, 0, 0 
2015-02-11T14:42:30, 2.30643738468, 0, 0, 0 
2015-02-11T14:47:30, 2.30642845611, 0, 0, 0 
2015-02-11T14:52:30, 2.30635702754, 0, 0, 0 
2015-02-11T14:57:30, 2.30650702753, 0, 0, 0 
2015-02-11T15:02:30, 2.30639540707, 0, 0, 0 
2015-02-11T15:07:30, 2.30653113467, 0, 0, 0 
2015-02-11T15:12:30, 2.30653834621, 0, 0, 0 
2015-02-11T15:17:30, 2.30649312792, 0, 0, 0 
2015-02-11T15:22:30, 2.30633886773, 0, 0, 0 
2015-02-11T15:27:30, 2.30624988469, 0, 0, 0 
2015-02-11T15:32:30, 2.30652620046, 0, 0, 0 
2015-02-11T15:37:30, 2.30641513892, 0, 0, 0 
2015-02-11T15:42:30, 2.30629155135, 0, 0, 0 
2015-02-11T15:47:30, 2.30629533923, 0, 0, 0 
2015-02-11T15:52:30, 2.30615613469, 0, 0, 0 
2015-02-11T15:57:30, 2.30630757699, 0, 0, 0 
2015-02-11T16:02:30, 2.30627407823, 0, 0, 0 
2015-02-11T16:07:30, 2.30632883205, 0, 0, 0 
2015-02-11T16:12:30, 2.30623901512, 0, 0, 0 
2015-02-11T16:17:30, 2.30629988469, 0, 0, 0 
2015-02-11T16:22:30, 2.3063652693, 0, 0, 0 
2015-02-11T16:27:30, 2.30642541659, 0, 0, 0 
2015-02-11T16:32:30, 2.30668738467, 0, 0, 0 
2015-02-11T16:37:30, 2.30656719236, 0, 0, 0 
2015-02-11T16:42:30, 2.30667845609, 0, 0, 0 
2015-02-11T16:47:30, 2.30629400233, 0, 0, 0 
2015-02-11T16:52:30, 2.30669583061, 0, 0, 0 
2015-02-11T16:57:30, 2.30646417039, 0, 0, 0 
2015-02-11T17:02:30, 2.30654452753, 0, 0, 0 
2015-02-11T17:07:30, 2.30639504597, 0, 0, 0 
2015-02-11T17:12:30, 2.30634771077, 0, 0, 0 
2015-02-11T17:17:30, 2.30626142315, 0, 0, 0 
2015-02-11T17:22:30, 2.30640349914, 0, 0, 0 
2015-02-11T17:27:30, 2.30637845611, 0, 0, 0 
2015-02-11T17:32:30, 2.30626075425, 0, 0, 0 
2015-02-11T17:37:30, 2.30632597164, 0, 0, 0 
2015-02-11T17:42:30, 2.30649312792, 0, 0, 0 
2015-02-11T17:47:30, 2.3064229616, 0, 0, 0 
2015-02-11T17:52:30, 2.30633811998, 0, 0, 0 
2015-02-11T17:57:30, 2.30623113469, 0, 0, 0 
2015-02-11T18:02:30, 2.30658499105, 0, 0, 0 
2015-02-11T18:07:30, 2.309030858, 0, 0, 0 
2015-02-11T18:12:30, 2.30965897543, 0, 0, 0 
2015-02-11T18:17:30, 2.30996579359, 0, 0, 0 
2015-02-11T18:22:30, 2.31201417011, 0, 0, 0 
2015-02-11T18:27:30, 2.31002407805, 0, 0, 0 
2015-02-11T18:32:30, 2.30823901502, 0, 0, 0 
2015-02-11T18:37:30, 2.30831988458, 0, 0, 0 
2015-02-11T18:42:30, 2.30833166028, 0, 0, 0 
2015-02-11T18:47:30, 2.30912397214, 0, 0, 0 
2015-02-11T18:52:30, 2.31185094824, 0, 0, 0 
2015-02-11T18:57:30, 2.31090925945, 0, 0, 0 
2015-02-11T19:02:30, 2.31001099561, 0, 0, 0 
2015-02-11T19:07:30, 2.31196741687, 0, 0, 0 
2015-02-11T19:12:30, 2.31241432288, 0, 0, 0 
2015-02-11T19:17:30, 2.30838988458, 0, 0, 0 
2015-02-11T19:22:30, 2.30909310488, 0, 0, 0 
2015-02-11T19:27:30, 2.310956781, 0, 0, 0 
2015-02-11T19:32:30, 2.31218170257, 0, 0, 0 
2015-02-11T19:37:30, 2.31266117469, 0, 0, 0 
2015-02-11T19:42:30, 2.31148264305, 0, 0, 0 
2015-02-11T19:47:30, 2.31433977192, 0, 0, 0 
2015-02-11T19:52:30, 2.31388662464, 0, 0, 0 
2015-02-11T19:57:30, 2.31462793305, 0, 0, 0 
2015-02-11T20:02:30, 2.31431238428, 0, 0, 0 
2015-02-11T20:07:30, 2.31506357851, 0, 0, 0 
2015-02-11T20:12:30, 2.31410381688, 0, 0, 0 
2015-02-11T20:17:30, 2.31494690412, 0, 0, 0 
2015-02-11T20:22:30, 2.31484894086, 0, 0, 0 
2015-02-11T20:27:30, 2.31513485357, 0, 0, 0 
2015-02-11T20:32:30, 2.31391087907, 0, 0, 0 
2015-02-11T20:37:30, 2.31278096544, 0, 0, 0 
2015-02-11T20:42:30, 2.31371174872, 0, 0, 0 
2015-02-11T20:47:30, 2.31412287895, 0, 0, 0 
2015-02-11T20:52:30, 2.31331646725, 0, 0, 0 
2015-02-11T20:57:30, 2.31429417, 0, 0, 0 
2015-02-11T21:02:30, 2.31472022325, 0, 0, 0 
2015-02-11T21:07:30, 2.31413781533, 0, 0, 0 
2015-02-11T21:12:30, 2.31477181409, 0, 0, 0 
2015-02-11T21:17:30, 2.31452545246, 0, 0, 0 
2015-02-11T21:22:30, 2.31464814008, 0, 0, 0 
2015-02-11T21:27:30, 2.31338321766, 0, 0, 0 
2015-02-11T21:32:30, 2.31156806624, 0, 0, 0 
2015-02-11T21:37:30, 2.31329988434, 0, 0, 0 
2015-02-11T21:42:30, 2.31461391936, 0, 0, 0 
2015-02-11T21:47:30, 2.31436352065, 0, 0, 0 
2015-02-11T21:52:30, 2.31410644167, 0, 0, 0 
2015-02-11T21:57:30, 2.31497635484, 0, 0, 0 
2015-02-11T22:02:30, 2.31520163863, 0, 0, 0 
2015-02-11T22:07:30, 2.3139373843, 0, 0, 0 
2015-02-11T22:12:30, 2.31483779635, 0, 0, 0 
2015-02-11T22:17:30, 2.3147379795, 0, 0, 0 
2015-02-11T22:22:30, 2.31602635479, 0, 0, 0 
2015-02-11T22:27:30, 2.31578431535, 0, 0, 0 
2015-02-11T22:32:30, 2.31481689457, 0, 0, 0 
2015-02-11T22:37:30, 2.31448425928, 0, 0, 0 
2015-02-11T22:42:30, 2.31439033372, 0, 0, 0 
2015-02-11T22:47:30, 2.31503559853, 0, 0, 0 
2015-02-11T22:52:30, 2.31527060247, 0, 0, 0 
2015-02-11T22:57:30, 2.31469370449, 0, 0, 0 
2015-02-11T23:02:30, 2.31528170242, 0, 0, 0 
2015-02-11T23:07:30, 2.31492602062, 0, 0, 0 
2015-02-11T23:12:30, 2.31490166997, 0, 0, 0 
2015-02-11T23:17:30, 2.31486252162, 0, 0, 0 
2015-02-11T23:22:30, 2.31341117465, 0, 0, 0 
2015-02-11T23:27:30, 2.31236203391, 0, 0, 0 
2015-02-11T23:32:30, 2.31210447623, 0, 0, 0 
2015-02-11T23:37:30, 2.31229887936, 0, 0, 0 
2015-02-11T23:42:30, 2.31406587414, 0, 0, 0 
2015-02-11T23:47:30, 2.3152370271, 0, 0, 0 
2015-02-11T23:52:30, 2.3152625961, 0, 0, 0 
2015-02-11T23:57:30, 2.31547999786, 0, 0, 0 
2015-02-12T00:02:30, 2.31623811948, 0, 0, 0 
2015-02-12T00:07:30, 2.31601774134, 0, 0, 0 
2015-02-12T00:12:30, 2.31607005964, 0, 0, 0 
2015-02-12T00:17:30, 2.31620678074, 0, 0, 0 
2015-02-12T00:22:30, 2.31629183049, 0, 0, 0 
2015-02-12T00:27:30, 2.3162141699, 0, 0, 0 
2015-02-12T00:32:30, 2.31622402212, 0, 0, 0 
2015-02-12T00:37:30, 2.3163095616, 0, 0, 0 
2015-02-12T00:42:30, 2.31620647102, 0, 0, 0 
2015-02-12T00:47:30, 2.31626036323, 0, 0, 0 
2015-02-12T00:52:30, 2.31627023302, 0, 0, 0 
2015-02-12T00:57:30, 2.3161225257, 0, 0, 0 
2015-02-12T01:02:30, 2.31602474608, 0, 0, 0 
2015-02-12T01:07:30, 2.31584682298, 0, 0, 0 
2015-02-12T01:12:30, 2.31605160834, 0, 0, 0 
2015-02-12T01:17:30, 2.31587635479, 0, 0, 0 
2015-02-12T01:22:30, 2.31586515367, 0, 0, 0 
2015-02-12T01:27:30, 2.31593208759, 0, 0, 0 
2015-02-12T01:32:30, 2.31581806603, 0, 0, 0 
2015-02-12T01:37:30, 2.31577439402, 0, 0, 0 
2015-02-12T01:42:30, 2.3160774704, 0, 0, 0 
2015-02-12T01:47:30, 2.3159998842, 0, 0, 0 
2015-02-12T01:52:30, 2.31607089011, 0, 0, 0 
2015-02-12T01:57:30, 2.31599045024, 0, 0, 0 
2015-02-12T02:02:30, 2.31593624784, 0, 0, 0 
2015-02-12T02:07:30, 2.31592802792, 0, 0, 0 
2015-02-12T02:12:30, 2.31588449959, 0, 0, 0 
2015-02-12T02:17:30, 2.31602891646, 0, 0, 0 
2015-02-12T02:22:30, 2.31603559848, 0, 0, 0 
2015-02-12T02:27:30, 2.31600937787, 0, 0, 0 
2015-02-12T02:32:30, 2.31601817688, 0, 0, 0 
2015-02-12T02:37:30, 2.31611878663, 0, 0, 0 
2015-02-12T02:42:30, 2.31609928179, 0, 0, 0 
2015-02-12T02:47:30, 2.31607535589, 0, 0, 0 
2015-02-12T02:52:30, 2.31607837257, 0, 0, 0 
2015-02-12T02:57:30, 2.31612330192, 0, 0, 0 
2015-02-12T03:02:30, 2.31609190874, 0, 0, 0 
2015-02-12T03:07:30, 2.31624988419, 0, 0, 0 
2015-02-12T03:12:30, 2.31624549822, 0, 0, 0 
2015-02-12T03:17:30, 2.3162141699, 0, 0, 0 
2015-02-12T03:22:30, 2.31627873034, 0, 0, 0 
2015-02-12T03:27:30, 2.31631567366, 0, 0, 0 
2015-02-12T03:32:30, 2.31628235172, 0, 0, 0 
2015-02-12T03:37:30, 2.31611806601, 0, 0, 0 
2015-02-12T03:42:30, 2.31607261147, 0, 0, 0 
2015-02-12T03:47:30, 2.31630368165, 0, 0, 0 
2015-02-12T03:52:30, 2.31624312743, 0, 0, 0 
2015-02-12T03:57:30, 2.31634037498, 0, 0, 0 
2015-02-12T04:02:30, 2.31632554208, 0, 0, 0 
2015-02-12T04:07:30, 2.31620258689, 0, 0, 0 
2015-02-12T04:12:30, 2.31627427443, 0, 0, 0 
2015-02-12T04:17:30, 2.31622531771, 0, 0, 0 
2015-02-12T04:22:30, 2.3162562133, 0, 0, 0 
2015-02-12T04:27:30, 2.31608368308, 0, 0, 0 
2015-02-12T04:32:30, 2.31616451834, 0, 0, 0 
2015-02-12T04:37:30, 2.31628170237, 0, 0, 0 
2015-02-12T04:42:30, 2.31630897509, 0, 0, 0 
2015-02-12T04:47:30, 2.31622443509, 0, 0, 0 
2015-02-12T04:52:30, 2.31626036323, 0, 0, 0 
2015-02-12T04:57:30, 2.3159998842, 0, 0, 0 
2015-02-12T05:02:30, 2.31616969551, 0, 0, 0 
2015-02-12T05:07:30, 2.31603715128, 0, 0, 0 
2015-02-12T05:12:30, 2.31616753125, 0, 0, 0 
2015-02-12T05:17:30, 2.31614319629, 0, 0, 0 
2015-02-12T05:22:30, 2.31606510159, 0, 0, 0 
2015-02-12T05:27:30, 2.31592887829, 0, 0, 0 
2015-02-12T05:32:30, 2.31606633989, 0, 0, 0 
2015-02-12T05:37:30, 2.31586944942, 0, 0, 0 
2015-02-12T05:42:30, 2.31580860904, 0, 0, 0 
2015-02-12T05:47:30, 2.31588596016, 0, 0, 0 
2015-02-12T05:52:30, 2.31572891647, 0, 0, 0 
2015-02-12T05:57:30, 2.31586434204, 0, 0, 0 
2015-02-12T06:02:30, 2.31585416992, 0, 0, 0 
2015-02-12T06:07:30, 2.31572173852, 0, 0, 0 
2015-02-12T06:12:30, 2.3158384918, 0, 0, 0 
2015-02-12T06:17:30, 2.31580988421, 0, 0, 0 
2015-02-12T06:22:30, 2.31584050921, 0, 0, 0 
2015-02-12T06:27:30, 2.31591059849, 0, 0, 0 
2015-02-12T06:32:30, 2.31605442965, 0, 0, 0 
2015-02-12T06:37:30, 2.31607535589, 0, 0, 0 
2015-02-12T06:42:30, 2.31649988418, 0, 0, 0 
2015-02-12T06:47:30, 2.31674988416, 0, 0, 0 
2015-02-12T06:52:30, 2.3169552413, 0, 0, 0 
2015-02-12T06:57:30, 2.31652122564, 0, 0, 0 
2015-02-12T07:02:30, 2.31629418798, 0, 0, 0 
2015-02-12T07:07:30, 2.31617635478, 0, 0, 0 
2015-02-12T07:12:30, 2.31617886146, 0, 0, 0 
2015-02-12T07:17:30, 2.31612639022, 0, 0, 0 
2015-02-12T07:22:30, 2.31691028878, 0, 0, 0 
2015-02-12T07:27:30, 2.31746863413, 0, 0, 0 
2015-02-12T07:32:30, 2.31749173195, 0, 0, 0 
2015-02-12T07:37:30, 2.31657213851, 0, 0, 0 
2015-02-12T07:42:30, 2.31707475046, 0, 0, 0 
2015-02-12T07:47:30, 2.31647826255, 0, 0, 0 
2015-02-12T07:52:30, 2.31773065334, 0, 0, 0 
2015-02-12T07:57:30, 2.31739778989, 0, 0, 0 
2015-02-12T08:02:30, 2.31723658627, 0, 0, 0 
2015-02-12T08:07:30, 2.31782131268, 0, 0, 0 
2015-02-12T08:12:30, 2.31680220974, 0, 0, 0 
2015-02-12T08:17:30, 2.31646809227, 0, 0, 0 
2015-02-12T08:22:30, 2.31651977054, 0, 0, 0 
2015-02-12T08:27:30, 2.31715139929, 0, 0, 0 
2015-02-12T08:32:30, 2.31680496891, 0, 0, 0 
2015-02-12T08:37:30, 2.31657488417, 0, 0, 0 
2015-02-12T08:42:30, 2.31630845561, 0, 0, 0 
2015-02-12T08:47:30, 2.31630325497, 0, 0, 0 
2015-02-12T08:52:30, 2.31603715128, 0, 0, 0 
2015-02-12T08:57:30, 2.31641554683, 0, 0, 0 
2015-02-12T09:02:30, 2.31612127148, 0, 0, 0 
2015-02-12T09:07:30, 2.31600881277, 0, 0, 0 
2015-02-12T09:12:30, 2.31611131277, 0, 0, 0 
2015-02-12T09:17:30, 2.31642845561, 0, 0, 0 
2015-02-12T09:22:30, 2.31619079328, 0, 0, 0 
2015-02-12T09:27:30, 2.31629807696, 0, 0, 0 
2015-02-12T09:32:30, 2.31625269318, 0, 0, 0 
2015-02-12T09:37:30, 2.31620743136, 0, 0, 0 
2015-02-12T09:42:30, 2.31596927196, 0, 0, 0 
2015-02-12T09:47:30, 2.31602699263, 0, 0, 0 
2015-02-12T09:52:30, 2.31617845562, 0, 0, 0 
2015-02-12T09:57:30, 2.31613449958, 0, 0, 0 
2015-02-12T10:02:30, 2.31615082759, 0, 0, 0 
2015-02-12T10:07:30, 2.31619063564, 0, 0, 0 
2015-02-12T10:12:30, 2.31619286665, 0, 0, 0 
2015-02-12T10:17:30, 2.31633950682, 0, 0, 0 
2015-02-12T10:22:30, 2.31633528791, 0, 0, 0 
2015-02-12T10:27:30, 2.31640056911, 0, 0, 0 
2015-02-12T10:32:30, 2.31623952916, 0, 0, 0 
2015-02-12T10:37:30, 2.31618738419, 0, 0, 0 
2015-02-12T10:42:30, 2.316318066, 0, 0, 0 
2015-02-12T10:47:30, 2.31623517831, 0, 0, 0 
2015-02-12T10:52:30, 2.31617532279, 0, 0, 0 
2015-02-12T10:57:30, 2.31629807696, 0, 0, 0 
2015-02-12T11:02:30, 2.31621823862, 0, 0, 0 
2015-02-12T11:07:30, 2.31613113419, 0, 0, 0 
2015-02-12T11:12:30, 2.31633105301, 0, 0, 0 
2015-02-12T11:17:30, 2.31640184496, 0, 0, 0 
2015-02-12T11:22:30, 2.31636636145, 0, 0, 0 
2015-02-12T11:27:30, 2.31632444559, 0, 0, 0 
2015-02-12T11:32:30, 2.31639274132, 0, 0, 0 
2015-02-12T11:37:30, 2.31628904081, 0, 0, 0 
2015-02-12T11:42:30, 2.31626988419, 0, 0, 0 
2015-02-12T11:47:30, 2.31632420851, 0, 0, 0 
2015-02-12T11:52:30, 2.31622488419, 0, 0, 0 
2015-02-12T11:57:30, 2.31615632591, 0, 0, 0 
2015-02-12T12:02:30, 2.316137921, 0, 0, 0 
2015-02-12T12:07:30, 2.31629359048, 0, 0, 0 
2015-02-12T12:12:30, 2.31620988419, 0, 0, 0 
2015-02-12T12:17:30, 2.31634447878, 0, 0, 0 
2015-02-12T12:22:30, 2.31629183049, 0, 0, 0 
2015-02-12T12:27:30, 2.31632769875, 0, 0, 0 
2015-02-12T12:32:30, 2.31630810336, 0, 0, 0 
2015-02-12T12:37:30, 2.31649612478, 0, 0, 0 
2015-02-12T12:42:30, 2.31642074749, 0, 0, 0 
2015-02-12T12:47:30, 2.31642175918, 0, 0, 0 
2015-02-12T12:52:30, 2.31632505901, 0, 0, 0 
2015-02-12T12:57:30, 2.31636501576, 0, 0, 0 
2015-02-12T13:02:30, 2.31643436694, 0, 0, 0 
2015-02-12T13:07:30, 2.31648517829, 0, 0, 0 
2015-02-12T13:12:30, 2.31629400183, 0, 0, 0 
2015-02-12T13:17:30, 2.31643436694, 0, 0, 0 
2015-02-12T13:22:30, 2.31636679066, 0, 0, 0 
2015-02-12T13:27:30, 2.31638949457, 0, 0, 0 
2015-02-12T13:32:30, 2.31639848558, 0, 0, 0 
2015-02-12T13:37:30, 2.31636701705, 0, 0, 0 
2015-02-12T13:42:30, 2.31610843683, 0, 0, 0 
2015-02-12T13:47:30, 2.31617869214, 0, 0, 0 
2015-02-12T13:52:30, 2.31636743385, 0, 0, 0 
2015-02-12T13:57:30, 2.31603179909, 0, 0, 0 
2015-02-12T14:02:30, 2.31639404476, 0, 0, 0 
2015-02-12T14:07:30, 2.31649988418, 0, 0, 0 
2015-02-12T14:12:30, 2.31629988419, 0, 0, 0 
2015-02-12T14:17:30, 2.31597085194, 0, 0, 0 
2015-02-12T14:22:30, 2.31629629137, 0, 0, 0 
2015-02-12T14:27:30, 2.31628052935, 0, 0, 0 
2015-02-12T14:32:30, 2.31620524133, 0, 0, 0 
2015-02-12T14:37:30, 2.31622047242, 0, 0, 0 
2015-02-12T14:42:30, 2.31623202705, 0, 0, 0 
2015-02-12T14:47:30, 2.31632000614, 0, 0, 0 
2015-02-12T14:52:30, 2.31630183224, 0, 0, 0 
2015-02-12T14:57:30, 2.31634216606, 0, 0, 0 
2015-02-12T15:02:30, 2.31622103804, 0, 0, 0 
2015-02-12T15:07:30, 2.31627096852, 0, 0, 0 
2015-02-12T15:12:30, 2.31600914346, 0, 0, 0 
2015-02-12T15:17:30, 2.31451636779, 0, 0, 0 
2015-02-12T15:22:30, 2.31482936403, 0, 0, 0 
2015-02-12T15:27:30, 2.31536676735, 0, 0, 0 
2015-02-12T15:32:30, 2.31412951392, 0, 0, 0 
2015-02-12T15:37:30, 2.31487684761, 0, 0, 0 
2015-02-12T15:42:30, 2.31544675923, 0, 0, 0 
2015-02-12T15:47:30, 2.31503267113, 0, 0, 0 
2015-02-12T15:52:30, 2.31604735255, 0, 0, 0 
2015-02-12T15:57:30, 2.31640184496, 0, 0, 0 
2015-02-12T16:02:30, 2.31653321751, 0, 0, 0 
2015-02-12T16:07:30, 2.31633950682, 0, 0, 0 
2015-02-12T16:12:30, 2.31630230354, 0, 0, 0 
2015-02-12T16:17:30, 2.31630230354, 0, 0, 0 
2015-02-12T16:22:30, 2.31630230354, 0, 0, 0 
2015-02-12T16:27:30, 2.3159373842, 0, 0, 0 
2015-02-12T16:32:30, 2.31514761152, 0, 0, 0 
2015-02-12T16:37:30, 2.31554256715, 0, 0, 0 
2015-02-12T16:42:30, 2.31562940229, 0, 0, 0 
2015-02-12T16:47:30, 2.31555393828, 0, 0, 0 
2015-02-12T16:52:30, 2.31569608675, 0, 0, 0 
2015-02-12T16:57:30, 2.31558422157, 0, 0, 0 
2015-02-12T17:02:30, 2.31586812745, 0, 0, 0 
2015-02-12T17:07:30, 2.31549095565, 0, 0, 0 
2015-02-12T17:12:30, 2.31607350383, 0, 0, 0 
2015-02-12T17:17:30, 2.3162628712, 0, 0, 0 
2015-02-12T17:22:30, 2.31583321754, 0, 0, 0 
2015-02-12T17:27:30, 2.31576611798, 0, 0, 0 
2015-02-12T17:32:30, 2.31577666993, 0, 0, 0 
2015-02-12T17:37:30, 2.31555768769, 0, 0, 0 
2015-02-12T17:42:30, 2.31578822777, 0, 0, 0 
2015-02-12T17:47:30, 2.31577954523, 0, 0, 0 
2015-02-12T17:52:30, 2.31613624783, 0, 0, 0 
2015-02-12T17:57:30, 2.3159998842, 0, 0, 0 
2015-02-12T18:02:30, 2.31613861252, 0, 0, 0 
2015-02-12T18:07:30, 2.3160998842, 0, 0, 0 
2015-02-12T18:12:30, 2.31602766198, 0, 0, 0 
2015-02-12T18:17:30, 2.3160561342, 0, 0, 0 
2015-02-12T18:22:30, 2.3160408678, 0, 0, 0 
2015-02-12T18:27:30, 2.31604646805, 0, 0, 0 
2015-02-12T18:32:30, 2.31600881277, 0, 0, 0 
2015-02-12T18:37:30, 2.31600914346, 0, 0, 0 
2015-02-12T18:42:30, 2.31600886624, 0, 0, 0 
2015-02-12T18:47:30, 2.31598147929, 0, 0, 0 
2015-02-12T18:52:30, 2.31598283875, 0, 0, 0 
2015-02-12T18:57:30, 2.3160623842, 0, 0, 0 
2015-02-12T19:02:30, 2.31591389694, 0, 0, 0 
2015-02-12T19:07:30, 2.31622795436, 0, 0, 0 
2015-02-12T19:12:30, 2.31612341361, 0, 0, 0 
2015-02-12T19:17:30, 2.31598234034, 0, 0, 0 
2015-02-12T19:22:30, 2.3158443964, 0, 0, 0 
2015-02-12T19:27:30, 2.31583702707, 0, 0, 0 
2015-02-12T19:32:30, 2.31586081136, 0, 0, 0 
2015-02-12T19:37:30, 2.31599111227, 0, 0, 0 
2015-02-12T19:42:30, 2.31588523452, 0, 0, 0 
2015-02-12T19:47:30, 2.3159043428, 0, 0, 0 
2015-02-12T19:52:30, 2.31602683031, 0, 0, 0 
2015-02-12T19:57:30, 2.31600937787, 0, 0, 0 
2015-02-12T20:02:30, 2.31599079329, 0, 0, 0 
2015-02-12T20:07:30, 2.31605282537, 0, 0, 0 
2015-02-12T20:12:30, 2.31597261147, 0, 0, 0 
2015-02-12T20:17:30, 2.31597446047, 0, 0, 0 
2015-02-12T20:22:30, 2.31589739973, 0, 0, 0 
2015-02-12T20:27:30, 2.31588300109, 0, 0, 0 
2015-02-12T20:32:30, 2.31588945476, 0, 0, 0 
2015-02-12T20:37:30, 2.31583418653, 0, 0, 0 
2015-02-12T20:42:30, 2.31593865971, 0, 0, 0 
2015-02-12T20:47:30, 2.3158424768, 0, 0, 0 
2015-02-12T20:52:30, 2.31593466681, 0, 0, 0 
2015-02-12T20:57:30, 2.31572800921, 0, 0, 0 
2015-02-12T21:02:30, 2.31589274135, 0, 0, 0 
2015-02-12T21:07:30, 2.31591904588, 0, 0, 0 
2015-02-12T21:12:30, 2.31583124516, 0, 0, 0 
2015-02-12T21:17:30, 2.31583321754, 0, 0, 0 
2015-02-12T21:22:30, 2.31588651211, 0, 0, 0 
2015-02-12T21:27:30, 2.31576519033, 0, 0, 0 
2015-02-12T21:32:30, 2.31573573327, 0, 0, 0 
2015-02-12T21:37:30, 2.31576911498, 0, 0, 0 
2015-02-12T21:42:30, 2.31591389694, 0, 0, 0 
2015-02-12T21:47:30, 2.31591006385, 0, 0, 0 
2015-02-12T21:52:30, 2.31595727057, 0, 0, 0 
2015-02-12T21:57:30, 2.31602407775, 0, 0, 0 
2015-02-12T22:02:30, 2.31603692124, 0, 0, 0 
2015-02-12T22:07:30, 2.31597356841, 0, 0, 0 
2015-02-12T22:12:30, 2.3160669233, 0, 0, 0 
2015-02-12T22:17:30, 2.31599084806, 0, 0, 0 
2015-02-12T22:22:30, 2.31615595356, 0, 0, 0 
2015-02-12T22:27:30, 2.31624516721, 0, 0, 0 
2015-02-12T22:32:30, 2.31602683031, 0, 0, 0 
2015-02-12T22:37:30, 2.31594432865, 0, 0, 0 
2015-02-12T22:42:30, 2.31617366468, 0, 0, 0 
2015-02-12T22:47:30, 2.31600850489, 0, 0, 0 
2015-02-12T22:52:30, 2.31616156084, 0, 0, 0 
2015-02-12T22:57:30, 2.31603715128, 0, 0, 0 
2015-02-12T23:02:30, 2.31595415249, 0, 0, 0 
2015-02-12T23:07:30, 2.31608811949, 0, 0, 0 
2015-02-12T23:12:30, 2.31608072252, 0, 0, 0 
2015-02-12T23:17:30, 2.31606719189, 0, 0, 0 
2015-02-12T23:22:30, 2.31597309849, 0, 0, 0 
2015-02-12T23:27:30, 2.31595678075, 0, 0, 0 
2015-02-12T23:32:30, 2.31594816006, 0, 0, 0 
2015-02-12T23:37:30, 2.31584198947, 0, 0, 0 
2015-02-12T23:42:30, 2.31578935789, 0, 0, 0 
2015-02-12T23:47:30, 2.3159521135, 0, 0, 0 
2015-02-12T23:52:30, 2.31593384647, 0, 0, 0 
2015-02-12T23:57:30, 2.3160396193, 0, 0, 0 
2015-02-13T00:02:30, 2.31599121368, 0, 0, 0 
2015-02-13T00:07:30, 2.31608321753, 0, 0, 0 
2015-02-13T00:12:30, 2.31597325698, 0, 0, 0 
2015-02-13T00:17:30, 2.31601949204, 0, 0, 0 
2015-02-13T00:22:30, 2.31579796113, 0, 0, 0 
2015-02-13T00:27:30, 2.31576911498, 0, 0, 0 
2015-02-13T00:32:30, 2.31572715694, 0, 0, 0 
2015-02-13T00:37:30, 2.31572281415, 0, 0, 0 
2015-02-13T00:42:30, 2.31582715694, 0, 0, 0 
2015-02-13T00:47:30, 2.31594255936, 0, 0, 0 
2015-02-13T00:52:30, 2.31584198947, 0, 0, 0 
2015-02-13T00:57:30, 2.31580160835, 0, 0, 0 
2015-02-13T01:02:30, 2.31597542768, 0, 0, 0 
2015-02-13T01:07:30, 2.31606924836, 0, 0, 0 
2015-02-13T01:12:30, 2.3159421919, 0, 0, 0 
2015-02-13T01:17:30, 2.31607702705, 0, 0, 0 
2015-02-13T01:22:30, 2.31599164244, 0, 0, 0 
2015-02-13T01:27:30, 2.31599095563, 0, 0, 0 
2015-02-13T01:32:30, 2.31607047243, 0, 0, 0 
2015-02-13T01:37:30, 2.31588945476, 0, 0, 0 
2015-02-13T01:42:30, 2.31602502386, 0, 0, 0 
2015-02-13T01:47:30, 2.31599062494, 0, 0, 0 
2015-02-13T01:52:30, 2.31593052004, 0, 0, 0 
2015-02-13T01:57:30, 2.31608511147, 0, 0, 0 
2015-02-13T02:02:30, 2.31603517832, 0, 0, 0 
2015-02-13T02:07:30, 2.31601722524, 0, 0, 0 
2015-02-13T02:12:30, 2.31598065343, 0, 0, 0 
2015-02-13T02:17:30, 2.31608754653, 0, 0, 0 
2015-02-13T02:22:30, 2.31624407023, 0, 0, 0 
2015-02-13T02:27:30, 2.31611391928, 0, 0, 0 
2015-02-13T02:32:30, 2.31607535589, 0, 0, 0 
2015-02-13T02:37:30, 2.31614274134, 0, 0, 0 
2015-02-13T02:42:30, 2.31624062493, 0, 0, 0 
2015-02-13T02:47:30, 2.31606128771, 0, 0, 0 
2015-02-13T02:52:30, 2.31618302373, 0, 0, 0 
2015-02-13T02:57:30, 2.31607089011, 0, 0, 0 
2015-02-13T03:02:30, 2.31601784827, 0, 0, 0 
2015-02-13T03:07:30, 2.31615442965, 0, 0, 0 
2015-02-13T03:12:30, 2.31582063893, 0, 0, 0 
2015-02-13T03:17:30, 2.31592929597, 0, 0, 0 
2015-02-13T03:22:30, 2.31574827131, 0, 0, 0 
2015-02-13T03:27:30, 2.31578692125, 0, 0, 0 
2015-02-13T03:32:30, 2.31579440476, 0, 0, 0 
2015-02-13T03:37:30, 2.31594566734, 0, 0, 0 
2015-02-13T03:42:30, 2.31593506939, 0, 0, 0 
2015-02-13T03:47:30, 2.31623214225, 0, 0, 0 
2015-02-13T03:52:30, 2.31602635479, 0, 0, 0 
2015-02-13T03:57:30, 2.31597027894, 0, 0, 0 
2015-02-13T04:02:30, 2.31591112681, 0, 0, 0 
2015-02-13T04:07:30, 2.31618953936, 0, 0, 0 
2015-02-13T04:12:30, 2.31621918243, 0, 0, 0 
2015-02-13T04:17:30, 2.31599073786, 0, 0, 0 
2015-02-13T04:22:30, 2.31585953333, 0, 0, 0 
2015-02-13T04:27:30, 2.31571142268, 0, 0, 0 
2015-02-13T04:32:30, 2.31590866799, 0, 0, 0 
2015-02-13T04:37:30, 2.31581001079, 0, 0, 0 
2015-02-13T04:42:30, 2.31580467873, 0, 0, 0 
2015-02-13T04:47:30, 2.31584198947, 0, 0, 0 
2015-02-13T04:52:30, 2.31584198947, 0, 0, 0 
2015-02-13T04:57:30, 2.31611309174, 0, 0, 0 
2015-02-13T05:02:30, 2.3159998842, 0, 0, 0 
2015-02-13T05:07:30, 2.31570180729, 0, 0, 0 
2015-02-13T05:12:30, 2.31577533331, 0, 0, 0 
2015-02-13T05:17:30, 2.31578698098, 0, 0, 0 
2015-02-13T05:22:30, 2.31637951381, 0, 0, 0 
2015-02-13T05:27:30, 2.3161612766, 0, 0, 0 
2015-02-13T05:32:30, 2.31600826409, 0, 0, 0 
2015-02-13T05:37:30, 2.3164859177, 0, 0, 0 
2015-02-13T05:42:30, 2.31689252219, 0, 0, 0 
2015-02-13T05:47:30, 2.31601784827, 0, 0, 0 
2015-02-13T05:52:30, 2.31680410103, 0, 0, 0 
2015-02-13T05:57:30, 2.31638535904, 0, 0, 0 
2015-02-13T06:02:30, 2.31601673813, 0, 0, 0 
2015-02-13T06:07:30, 2.3160398842, 0, 0, 0 
2015-02-13T06:12:30, 2.31605684622, 0, 0, 0 
2015-02-13T06:17:30, 2.31607441836, 0, 0, 0 
2015-02-13T06:22:30, 2.31609868659, 0, 0, 0 
2015-02-13T06:27:30, 2.31676795645, 0, 0, 0 
2015-02-13T06:32:30, 2.31612639022, 0, 0, 0 
2015-02-13T06:37:30, 2.31610431457, 0, 0, 0 
2015-02-13T06:42:30, 2.31650531896, 0, 0, 0 
2015-02-13T06:47:30, 2.31678094925, 0, 0, 0 
2015-02-13T06:52:30, 2.31699988415, 0, 0, 0 
2015-02-13T06:57:30, 2.31666923901, 0, 0, 0 
2015-02-13T07:02:30, 2.31706794697, 0, 0, 0 
2015-02-13T07:07:30, 2.31716010514, 0, 0, 0 
2015-02-13T07:12:30, 2.31613547741, 0, 0, 0 
2015-02-13T07:17:30, 2.31624845562, 0, 0, 0 
2015-02-13T07:22:30, 2.31653956671, 0, 0, 0 
2015-02-13T07:27:30, 2.31611655086, 0, 0, 0 
2015-02-13T07:32:30, 2.31632915248, 0, 0, 0 
2015-02-13T07:37:30, 2.31735153248, 0, 0, 0 
2015-02-13T07:42:30, 2.31715897505, 0, 0, 0 
2015-02-13T07:47:30, 2.31797926554, 0, 0, 0 
2015-02-13T07:52:30, 2.31677921377, 0, 0, 0 
2015-02-13T07:57:30, 2.31640274132, 0, 0, 0 
2015-02-13T08:02:30, 2.31613223713, 0, 0, 0 
2015-02-13T08:07:30, 2.31603762005, 0, 0, 0 
2015-02-13T08:12:30, 2.31586515367, 0, 0, 0 
2015-02-13T08:17:30, 2.31606768081, 0, 0, 0 
2015-02-13T08:22:30, 2.31599100846, 0, 0, 0 
2015-02-13T08:27:30, 2.31582024349, 0, 0, 0 
2015-02-13T08:32:30, 2.31539988423, 0, 0, 0 
2015-02-13T08:37:30, 2.31539988423, 0, 0, 0 
2015-02-13T08:42:30, 2.31539988423, 0, 0, 0 
2015-02-13T08:47:30, 2.31539988423, 0, 0, 0 
2015-02-13T08:52:30, 2.31539988423, 0, 0, 0 
2015-02-13T08:57:30, 2.31539988423, 0, 0, 0 
2015-02-13T09:02:30, 2.31539988423, 0, 0, 0 
2015-02-13T09:07:30, 2.31539988423, 0, 0, 0 
2015-02-13T09:12:30, 2.31539988423, 0, 0, 0 
2015-02-13T09:17:30, 2.31539988423, 0, 0, 0 
2015-02-13T09:22:30, 2.31539988423, 0, 0, 0 
2015-02-13T09:27:30, 2.31539988423, 0, 0, 0 
2015-02-13T09:32:30, 2.31539988423, 0, 0, 0 
2015-02-13T09:37:30, 2.31539988423, 0, 0, 0 
2015-02-13T09:42:30, 2.31539988423, 0, 0, 0 
2015-02-13T09:47:30, 2.31539988423, 0, 0, 0 
2015-02-13T09:52:30, 2.31539988423, 0, 0, 0 
2015-02-13T09:57:30, 2.31539988423, 0, 0, 0 
2015-02-13T10:02:30, 2.31539988423, 0, 0, 0 
2015-02-13T10:07:30, 2.31539988423, 0, 0, 0 
2015-02-13T10:12:30, 2.31539988423, 0, 0, 0 
2015-02-13T10:17:30, 2.31539988423, 0, 0, 0 
2015-02-13T10:22:30, 2.31539988423, 0, 0, 0 
2015-02-13T10:27:30, 2.31539988423, 0, 0, 0 
2015-02-13T10:32:30, 2.31539988423, 0, 0, 0 
2015-02-13T10:37:30, 2.31539988423, 0, 0, 0 
2015-02-13T10:42:30, 2.31539988423, 0, 0, 0 
2015-02-13T10:47:30, 2.3159998842, 0, 0, 0 
2015-02-13T10:52:30, 2.3159185589, 0, 0, 0 
2015-02-13T10:57:30, 2.31601949204, 0, 0, 0 
2015-02-13T11:02:30, 2.31622348667, 0, 0, 0 
2015-02-13T11:07:30, 2.31628113419, 0, 0, 0 
2015-02-13T11:12:30, 2.31628274133, 0, 0, 0 
2015-02-13T11:17:30, 2.31613707932, 0, 0, 0 
2015-02-13T11:22:30, 2.31629359048, 0, 0, 0 
2015-02-13T11:27:30, 2.31628436694, 0, 0, 0 
2015-02-13T11:32:30, 2.3162011037, 0, 0, 0 
2015-02-13T11:37:30, 2.31625279116, 0, 0, 0 
2015-02-13T11:42:30, 2.31623517831, 0, 0, 0 
2015-02-13T11:47:30, 2.3161732946, 0, 0, 0 
2015-02-13T11:52:30, 2.31622988419, 0, 0, 0 
2015-02-13T11:57:30, 2.31629106066, 0, 0, 0 
2015-02-13T12:02:30, 2.31613916991, 0, 0, 0 
2015-02-13T12:07:30, 2.31616156084, 0, 0, 0 
2015-02-13T12:12:30, 2.31626774133, 0, 0, 0 
2015-02-13T12:17:30, 2.31622391016, 0, 0, 0 
2015-02-13T12:22:30, 2.31623829478, 0, 0, 0 
2015-02-13T12:27:30, 2.31620163858, 0, 0, 0 
2015-02-13T12:32:30, 2.31628904081, 0, 0, 0 
2015-02-13T12:37:30, 2.31627595781, 0, 0, 0 
2015-02-13T12:42:30, 2.31626570697, 0, 0, 0 
2015-02-13T12:47:30, 2.31629050919, 0, 0, 0 
2015-02-13T12:52:30, 2.31604561591, 0, 0, 0 
2015-02-13T12:57:30, 2.3160092592, 0, 0, 0 
2015-02-13T13:02:30, 2.31581674467, 0, 0, 0 
2015-02-13T13:07:30, 2.31586505275, 0, 0, 0 
2015-02-13T13:12:30, 2.31611260096, 0, 0, 0 
2015-02-13T13:17:30, 2.31532131281, 0, 0, 0 
2015-02-13T13:22:30, 2.31520327407, 0, 0, 0 
2015-02-13T13:27:30, 2.31467157101, 0, 0, 0 
2015-02-13T13:32:30, 2.31270720144, 0, 0, 0 
2015-02-13T13:37:30, 2.31528935792, 0, 0, 0 
2015-02-13T13:42:30, 2.31571245906, 0, 0, 0 
2015-02-13T13:47:30, 2.31610453536, 0, 0, 0 
2015-02-13T13:52:30, 2.31620163858, 0, 0, 0 
2015-02-13T13:57:30, 2.31619925128, 0, 0, 0 
2015-02-13T14:02:30, 2.3161508909, 0, 0, 0 
2015-02-13T14:07:30, 2.31599155087, 0, 0, 0 
2015-02-13T14:12:30, 2.31611595562, 0, 0, 0 
2015-02-13T14:17:30, 2.31592570838, 0, 0, 0 
2015-02-13T14:22:30, 2.31593246847, 0, 0, 0 
2015-02-13T14:27:30, 2.31625313094, 0, 0, 0 
2015-02-13T14:32:30, 2.31616969551, 0, 0, 0 
2015-02-13T14:37:30, 2.31623398823, 0, 0, 0 
2015-02-13T14:42:30, 2.31621698945, 0, 0, 0 
2015-02-13T14:47:30, 2.31630600663, 0, 0, 0 
2015-02-13T14:52:30, 2.31635160832, 0, 0, 0 
2015-02-13T14:57:30, 2.31643384644, 0, 0, 0 
2015-02-13T15:02:30, 2.31634165633, 0, 0, 0 
2015-02-13T15:07:30, 2.31626519031, 0, 0, 0 
2015-02-13T15:12:30, 2.31638309586, 0, 0, 0 
2015-02-13T15:17:30, 2.31620613419, 0, 0, 0 
2015-02-13T15:22:30, 2.31632420851, 0, 0, 0 
2015-02-13T15:27:30, 0.811994553995, 0, 0, 0 
2015-02-13T15:32:30, 0.183822325834, 0, 0, 0 
2015-02-13T15:37:30, 0.163688880704, 0, 0, 0 
2015-02-13T15:42:30, 0.173289932164, 0, 0, 0 
2015-02-13T15:47:30, 0.173472213549, 0, 0, 0 
2015-02-13T15:52:30, 0.176208895299, 0, 0, 0 
2015-02-13T15:57:30, 0.177675487805, 0, 0, 0 
2015-02-13T16:02:30, 0.178400653332, 0, 0, 0 
2015-02-13T16:07:30, 0.178090900186, 0, 0, 0 
2015-02-13T16:12:30, 0.178386545703, 0, 0, 0 
2015-02-13T16:17:30, 0.179265091708, 0, 0, 0 
2015-02-13T16:22:30, 0.179128667514, 0, 0, 0 
2015-02-13T16:27:30, 0.179867079614, 0, 0, 0 
2015-02-13T16:32:30, 0.17858138642, 0, 0, 0 
2015-02-13T16:37:30, 0.180372474203, 0, 0, 0 
2015-02-13T16:42:30, 0.181183089532, 0, 0, 0 
2015-02-13T16:47:30, 0.181183089532, 0, 0, 0 
