# 
# Filename    : /tmp/rfq_tt_h03_ai.txt
# PV name     : RFQ:TT:H03:AI
# From        : 2015-02-06T16:45:01.158839
# To          : 2015-02-13T16:45:01.158839
# queryString : ?pv=mean_300(RFQ:TT:H03:AI)&from=2015-02-06T16%3A45%3A01.158839%2B09%3A00&to=2015-02-13T16%3A45%3A01.158839%2B09%3A00
# hostname    : munjipc0
# host IP     : 127.0.1.1
# 
# time, val, nanos, status, severity
2015-02-06T16:47:30, 24.3491803279, 0, 0, 0 
2015-02-06T16:52:30, 24.35, 0, 0, 0 
2015-02-06T16:57:30, 24.2492307692, 0, 0, 0 
2015-02-06T17:02:30, 24.15, 0, 0, 0 
2015-02-06T17:07:30, 24.1473684211, 0, 0, 0 
2015-02-06T17:12:30, 24.0490566038, 0, 0, 0 
2015-02-06T17:17:30, 23.9491525424, 0, 0, 0 
2015-02-06T17:22:30, 23.85, 0, 0, 0 
2015-02-06T17:27:30, 23.8333333333, 0, 0, 0 
2015-02-06T17:32:30, 23.7490909091, 0, 0, 0 
2015-02-06T17:37:30, 23.65, 0, 0, 0 
2015-02-06T17:42:30, 23.6090909091, 0, 0, 0 
2015-02-06T17:47:30, 23.5492537313, 0, 0, 0 
2015-02-06T17:52:30, 23.4493333333, 0, 0, 0 
2015-02-06T17:57:30, 23.35, 0, 0, 0 
2015-02-06T18:02:30, 23.3489795918, 0, 0, 0 
2015-02-06T18:07:30, 23.2492307692, 0, 0, 0 
2015-02-06T18:12:30, 23.15, 0, 0, 0 
2015-02-06T18:17:30, 23.1491525424, 0, 0, 0 
2015-02-06T18:22:30, 23.0492307692, 0, 0, 0 
2015-02-06T18:27:30, 23.05, 0, 0, 0 
2015-02-06T18:32:30, 22.9492957746, 0, 0, 0 
2015-02-06T18:37:30, 22.85, 0, 0, 0 
2015-02-06T18:42:30, 22.8481481481, 0, 0, 0 
2015-02-06T18:47:30, 22.7492957746, 0, 0, 0 
2015-02-06T18:52:30, 22.65, 0, 0, 0 
2015-02-06T18:57:30, 22.6490909091, 0, 0, 0 
2015-02-06T19:02:30, 22.5490196078, 0, 0, 0 
2015-02-06T19:07:30, 22.525, 0, 0, 0 
2015-02-06T19:12:30, 22.4493150685, 0, 0, 0 
2015-02-06T19:17:30, 22.35, 0, 0, 0 
2015-02-06T19:22:30, 22.3481481481, 0, 0, 0 
2015-02-06T19:27:30, 22.2490909091, 0, 0, 0 
2015-02-06T19:32:30, 22.1, 0, 0, 0 
2015-02-06T19:37:30, 22.15, 0, 0, 0 
2015-02-06T19:42:30, 22.0486486486, 0, 0, 0 
2015-02-06T19:47:30, 22.05, 0, 0, 0 
2015-02-06T19:52:30, 21.9494252874, 0, 0, 0 
2015-02-06T19:57:30, 21.85, 0, 0, 0 
2015-02-06T20:02:30, 21.849382716, 0, 0, 0 
2015-02-06T20:07:30, 21.75, 0, 0, 0 
2015-02-06T20:12:30, 21.7492063492, 0, 0, 0 
2015-02-06T20:17:30, 21.65, 0, 0, 0 
2015-02-06T20:22:30, 21.647826087, 0, 0, 0 
2015-02-06T20:27:30, 21.5493670886, 0, 0, 0 
2015-02-06T20:32:30, 21.55, 0, 0, 0 
2015-02-06T20:37:30, 21.4493333333, 0, 0, 0 
2015-02-06T20:42:30, 21.3, 0, 0, 0 
2015-02-06T20:47:30, 21.35, 0, 0, 0 
2015-02-06T20:52:30, 21.25, 0, 0, 0 
2015-02-06T20:57:30, 21.2494252874, 0, 0, 0 
2015-02-06T21:02:30, 21.15, 0, 0, 0 
2015-02-06T21:07:30, 21.1492957746, 0, 0, 0 
2015-02-06T21:12:30, 21.0461538462, 0, 0, 0 
2015-02-06T21:17:30, 21.05, 0, 0, 0 
2015-02-06T21:22:30, 20.95, 0, 0, 0 
2015-02-06T21:27:30, 20.9492957746, 0, 0, 0 
2015-02-06T21:32:30, 20.85, 0, 0, 0 
2015-02-06T21:37:30, 20.8494117647, 0, 0, 0 
2015-02-06T21:42:30, 20.75, 0, 0, 0 
2015-02-06T21:47:30, 20.7492307692, 0, 0, 0 
2015-02-06T21:52:30, 20.6454545455, 0, 0, 0 
2015-02-06T21:57:30, 20.65, 0, 0, 0 
2015-02-06T22:02:30, 20.55, 0, 0, 0 
2015-02-06T22:07:30, 20.5493333333, 0, 0, 0 
2015-02-06T22:12:30, 20.45, 0, 0, 0 
2015-02-06T22:17:30, 20.4494623656, 0, 0, 0 
2015-02-06T22:22:30, 20.4494623656, 0, 0, 0 
2015-02-06T22:27:30, 20.3493670886, 0, 0, 0 
2015-02-06T22:32:30, 20.3493670886, 0, 0, 0 
2015-02-06T22:37:30, 20.2494505495, 0, 0, 0 
2015-02-06T22:42:30, 20.25, 0, 0, 0 
2015-02-06T22:47:30, 20.15, 0, 0, 0 
2015-02-06T22:52:30, 20.1491525424, 0, 0, 0 
2015-02-06T22:57:30, 20.05, 0, 0, 0 
2015-02-06T23:02:30, 20.0495049505, 0, 0, 0 
2015-02-06T23:07:30, 20.0495049505, 0, 0, 0 
2015-02-06T23:12:30, 19.9494736842, 0, 0, 0 
2015-02-06T23:17:30, 19.95, 0, 0, 0 
2015-02-06T23:22:30, 19.8494382022, 0, 0, 0 
2015-02-06T23:27:30, 19.85, 0, 0, 0 
2015-02-06T23:32:30, 19.7493150685, 0, 0, 0 
2015-02-06T23:37:30, 19.75, 0, 0, 0 
2015-02-06T23:42:30, 19.6483870968, 0, 0, 0 
2015-02-06T23:47:30, 19.65, 0, 0, 0 
2015-02-06T23:52:30, 19.65, 0, 0, 0 
2015-02-06T23:57:30, 19.5495238095, 0, 0, 0 
2015-02-07T00:02:30, 19.55, 0, 0, 0 
2015-02-07T00:07:30, 19.45, 0, 0, 0 
2015-02-07T00:12:30, 19.4494382022, 0, 0, 0 
2015-02-07T00:17:30, 19.4494382022, 0, 0, 0 
2015-02-07T00:22:30, 19.35, 0, 0, 0 
2015-02-07T00:27:30, 19.3485714286, 0, 0, 0 
2015-02-07T00:32:30, 19.3485714286, 0, 0, 0 
2015-02-07T00:37:30, 19.2495412844, 0, 0, 0 
2015-02-07T00:42:30, 19.25, 0, 0, 0 
2015-02-07T00:47:30, 19.1482758621, 0, 0, 0 
2015-02-07T00:52:30, 19.15, 0, 0, 0 
2015-02-07T00:57:30, 19.15, 0, 0, 0 
2015-02-07T01:02:30, 19.0493670886, 0, 0, 0 
2015-02-07T01:07:30, 19.05, 0, 0, 0 
2015-02-07T01:12:30, 19.05, 0, 0, 0 
2015-02-07T01:17:30, 18.9495798319, 0, 0, 0 
2015-02-07T01:22:30, 18.9495798319, 0, 0, 0 
2015-02-07T01:27:30, 18.85, 0, 0, 0 
2015-02-07T01:32:30, 18.8496240602, 0, 0, 0 
2015-02-07T01:37:30, 18.8496240602, 0, 0, 0 
2015-02-07T01:42:30, 18.75, 0, 0, 0 
2015-02-07T01:47:30, 18.7494845361, 0, 0, 0 
2015-02-07T01:52:30, 18.7494845361, 0, 0, 0 
2015-02-07T01:57:30, 18.6483870968, 0, 0, 0 
2015-02-07T02:02:30, 18.65, 0, 0, 0 
2015-02-07T02:07:30, 18.65, 0, 0, 0 
2015-02-07T02:12:30, 18.55, 0, 0, 0 
2015-02-07T02:17:30, 18.5495652174, 0, 0, 0 
2015-02-07T02:22:30, 18.5495652174, 0, 0, 0 
2015-02-07T02:27:30, 18.45, 0, 0, 0 
2015-02-07T02:32:30, 18.4496062992, 0, 0, 0 
2015-02-07T02:37:30, 18.45, 0, 0, 0 
2015-02-07T02:42:30, 18.35, 0, 0, 0 
2015-02-07T02:47:30, 18.3495867769, 0, 0, 0 
2015-02-07T02:52:30, 18.3495867769, 0, 0, 0 
2015-02-07T02:57:30, 18.25, 0, 0, 0 
2015-02-07T03:02:30, 18.2495495495, 0, 0, 0 
2015-02-07T03:07:30, 18.2495495495, 0, 0, 0 
2015-02-07T03:12:30, 18.15, 0, 0, 0 
2015-02-07T03:17:30, 18.1495867769, 0, 0, 0 
2015-02-07T03:22:30, 18.15, 0, 0, 0 
2015-02-07T03:27:30, 18.15, 0, 0, 0 
2015-02-07T03:32:30, 18.05, 0, 0, 0 
2015-02-07T03:37:30, 18.0495145631, 0, 0, 0 
2015-02-07T03:42:30, 18.0495145631, 0, 0, 0 
2015-02-07T03:47:30, 18.0495145631, 0, 0, 0 
2015-02-07T03:52:30, 17.9494949495, 0, 0, 0 
2015-02-07T03:57:30, 17.95, 0, 0, 0 
2015-02-07T04:02:30, 17.95, 0, 0, 0 
2015-02-07T04:07:30, 17.85, 0, 0, 0 
2015-02-07T04:12:30, 17.8495575221, 0, 0, 0 
2015-02-07T04:17:30, 17.85, 0, 0, 0 
2015-02-07T04:22:30, 17.75, 0, 0, 0 
2015-02-07T04:27:30, 17.7496503497, 0, 0, 0 
2015-02-07T04:32:30, 17.75, 0, 0, 0 
2015-02-07T04:37:30, 17.75, 0, 0, 0 
2015-02-07T04:42:30, 17.75, 0, 0, 0 
2015-02-07T04:47:30, 17.65, 0, 0, 0 
2015-02-07T04:52:30, 17.6486486486, 0, 0, 0 
2015-02-07T04:57:30, 17.6486486486, 0, 0, 0 
2015-02-07T05:02:30, 17.6486486486, 0, 0, 0 
2015-02-07T05:07:30, 17.5496350365, 0, 0, 0 
2015-02-07T05:12:30, 17.55, 0, 0, 0 
2015-02-07T05:17:30, 17.55, 0, 0, 0 
2015-02-07T05:22:30, 17.45, 0, 0, 0 
2015-02-07T05:27:30, 17.4496855346, 0, 0, 0 
2015-02-07T05:32:30, 17.45, 0, 0, 0 
2015-02-07T05:37:30, 17.45, 0, 0, 0 
2015-02-07T05:42:30, 17.45, 0, 0, 0 
2015-02-07T05:47:30, 17.35, 0, 0, 0 
2015-02-07T05:52:30, 17.3495934959, 0, 0, 0 
2015-02-07T05:57:30, 17.35, 0, 0, 0 
2015-02-07T06:02:30, 17.35, 0, 0, 0 
2015-02-07T06:07:30, 17.25, 0, 0, 0 
2015-02-07T06:12:30, 17.25, 0, 0, 0 
2015-02-07T06:17:30, 17.2494505495, 0, 0, 0 
2015-02-07T06:22:30, 17.2494505495, 0, 0, 0 
2015-02-07T06:27:30, 17.2494505495, 0, 0, 0 
2015-02-07T06:32:30, 17.1473684211, 0, 0, 0 
2015-02-07T06:37:30, 17.15, 0, 0, 0 
2015-02-07T06:42:30, 17.15, 0, 0, 0 
2015-02-07T06:47:30, 17.15, 0, 0, 0 
2015-02-07T06:52:30, 17.05, 0, 0, 0 
2015-02-07T06:57:30, 17.05, 0, 0, 0 
2015-02-07T07:02:30, 17.0493975904, 0, 0, 0 
2015-02-07T07:07:30, 17.0493975904, 0, 0, 0 
2015-02-07T07:12:30, 17.0493975904, 0, 0, 0 
2015-02-07T07:17:30, 16.9444444444, 0, 0, 0 
2015-02-07T07:22:30, 16.9503401361, 0, 0, 0 
2015-02-07T07:27:30, 16.9496124031, 0, 0, 0 
2015-02-07T07:32:30, 16.95, 0, 0, 0 
2015-02-07T07:37:30, 16.95, 0, 0, 0 
2015-02-07T07:42:30, 16.85, 0, 0, 0 
2015-02-07T07:47:30, 16.8494949495, 0, 0, 0 
2015-02-07T07:52:30, 16.85, 0, 0, 0 
2015-02-07T07:57:30, 16.85, 0, 0, 0 
2015-02-07T08:02:30, 16.85, 0, 0, 0 
2015-02-07T08:07:30, 16.75, 0, 0, 0 
2015-02-07T08:12:30, 16.75, 0, 0, 0 
2015-02-07T08:17:30, 16.7496688742, 0, 0, 0 
2015-02-07T08:22:30, 16.75, 0, 0, 0 
2015-02-07T08:27:30, 16.75, 0, 0, 0 
2015-02-07T08:32:30, 16.75, 0, 0, 0 
2015-02-07T08:37:30, 16.65, 0, 0, 0 
2015-02-07T08:42:30, 16.65, 0, 0, 0 
2015-02-07T08:47:30, 16.6496774194, 0, 0, 0 
2015-02-07T08:52:30, 16.6511111111, 0, 0, 0 
2015-02-07T08:57:30, 16.6428571429, 0, 0, 0 
2015-02-07T09:02:30, 16.6428571429, 0, 0, 0 
2015-02-07T09:07:30, 16.6428571429, 0, 0, 0 
2015-02-07T09:12:30, 16.6428571429, 0, 0, 0 
2015-02-07T09:17:30, 16.55, 0, 0, 0 
2015-02-07T09:22:30, 16.55, 0, 0, 0 
2015-02-07T09:27:30, 16.5492753623, 0, 0, 0 
2015-02-07T09:32:30, 16.5506329114, 0, 0, 0 
2015-02-07T09:37:30, 16.5496503497, 0, 0, 0 
2015-02-07T09:42:30, 16.5503067485, 0, 0, 0 
2015-02-07T09:47:30, 16.5494949495, 0, 0, 0 
2015-02-07T09:52:30, 16.55, 0, 0, 0 
2015-02-07T09:57:30, 16.55, 0, 0, 0 
2015-02-07T10:02:30, 16.55, 0, 0, 0 
2015-02-07T10:07:30, 16.55, 0, 0, 0 
2015-02-07T10:12:30, 16.55, 0, 0, 0 
2015-02-07T10:17:30, 16.55, 0, 0, 0 
2015-02-07T10:22:30, 16.55, 0, 0, 0 
2015-02-07T10:27:30, 16.55, 0, 0, 0 
2015-02-07T10:32:30, 16.55, 0, 0, 0 
2015-02-07T10:37:30, 16.55, 0, 0, 0 
2015-02-07T10:42:30, 16.55, 0, 0, 0 
2015-02-07T10:47:30, 16.55, 0, 0, 0 
2015-02-07T10:52:30, 16.55, 0, 0, 0 
2015-02-07T10:57:30, 16.55, 0, 0, 0 
2015-02-07T11:02:30, 16.55, 0, 0, 0 
2015-02-07T11:07:30, 16.55, 0, 0, 0 
2015-02-07T11:12:30, 16.55, 0, 0, 0 
2015-02-07T11:17:30, 16.55, 0, 0, 0 
2015-02-07T11:22:30, 16.55, 0, 0, 0 
2015-02-07T11:27:30, 16.55, 0, 0, 0 
2015-02-07T11:32:30, 16.55, 0, 0, 0 
2015-02-07T11:37:30, 16.55, 0, 0, 0 
2015-02-07T11:42:30, 16.55, 0, 0, 0 
2015-02-07T11:47:30, 16.55, 0, 0, 0 
2015-02-07T11:52:30, 16.55, 0, 0, 0 
2015-02-07T11:57:30, 16.55, 0, 0, 0 
2015-02-07T12:02:30, 16.55, 0, 0, 0 
2015-02-07T12:07:30, 16.55, 0, 0, 0 
2015-02-07T12:12:30, 16.55, 0, 0, 0 
2015-02-07T12:17:30, 16.5502762431, 0, 0, 0 
2015-02-07T12:22:30, 16.55, 0, 0, 0 
2015-02-07T12:27:30, 16.55, 0, 0, 0 
2015-02-07T12:32:30, 16.55, 0, 0, 0 
2015-02-07T12:37:30, 16.55, 0, 0, 0 
2015-02-07T12:42:30, 16.55, 0, 0, 0 
2015-02-07T12:47:30, 16.55, 0, 0, 0 
2015-02-07T12:52:30, 16.55, 0, 0, 0 
2015-02-07T12:57:30, 16.55, 0, 0, 0 
2015-02-07T13:02:30, 16.65, 0, 0, 0 
2015-02-07T13:07:30, 16.65, 0, 0, 0 
2015-02-07T13:12:30, 16.65, 0, 0, 0 
2015-02-07T13:17:30, 16.65, 0, 0, 0 
2015-02-07T13:22:30, 16.6502890173, 0, 0, 0 
2015-02-07T13:27:30, 16.65, 0, 0, 0 
2015-02-07T13:32:30, 16.65, 0, 0, 0 
2015-02-07T13:37:30, 16.65, 0, 0, 0 
2015-02-07T13:42:30, 16.65, 0, 0, 0 
2015-02-07T13:47:30, 16.65, 0, 0, 0 
2015-02-07T13:52:30, 16.65, 0, 0, 0 
2015-02-07T13:57:30, 16.65, 0, 0, 0 
2015-02-07T14:02:30, 16.65, 0, 0, 0 
2015-02-07T14:07:30, 16.75, 0, 0, 0 
2015-02-07T14:12:30, 16.7505376344, 0, 0, 0 
2015-02-07T14:17:30, 16.7497109827, 0, 0, 0 
2015-02-07T14:22:30, 16.75, 0, 0, 0 
2015-02-07T14:27:30, 16.7506849315, 0, 0, 0 
2015-02-07T14:32:30, 16.75, 0, 0, 0 
2015-02-07T14:37:30, 16.75, 0, 0, 0 
2015-02-07T14:42:30, 16.75, 0, 0, 0 
2015-02-07T14:47:30, 16.75, 0, 0, 0 
2015-02-07T14:52:30, 16.75, 0, 0, 0 
2015-02-07T14:57:30, 16.85, 0, 0, 0 
2015-02-07T15:02:30, 16.8515151515, 0, 0, 0 
2015-02-07T15:07:30, 16.85, 0, 0, 0 
2015-02-07T15:12:30, 16.85, 0, 0, 0 
2015-02-07T15:17:30, 16.8496598639, 0, 0, 0 
2015-02-07T15:22:30, 16.8510638298, 0, 0, 0 
2015-02-07T15:27:30, 16.85, 0, 0, 0 
2015-02-07T15:32:30, 16.85, 0, 0, 0 
2015-02-07T15:37:30, 16.85, 0, 0, 0 
2015-02-07T15:42:30, 16.85, 0, 0, 0 
2015-02-07T15:47:30, 16.85, 0, 0, 0 
2015-02-07T15:52:30, 16.95, 0, 0, 0 
2015-02-07T15:57:30, 16.95, 0, 0, 0 
2015-02-07T16:02:30, 16.9503546099, 0, 0, 0 
2015-02-07T16:07:30, 16.9497142857, 0, 0, 0 
2015-02-07T16:12:30, 16.9504, 0, 0, 0 
2015-02-07T16:17:30, 16.95, 0, 0, 0 
2015-02-07T16:22:30, 16.95, 0, 0, 0 
2015-02-07T16:27:30, 16.95, 0, 0, 0 
2015-02-07T16:32:30, 16.95, 0, 0, 0 
2015-02-07T16:37:30, 16.95, 0, 0, 0 
2015-02-07T16:42:30, 16.95, 0, 0, 0 
2015-02-07T16:47:30, 17.05, 0, 0, 0 
2015-02-07T16:52:30, 17.05, 0, 0, 0 
2015-02-07T16:57:30, 17.05, 0, 0, 0 
2015-02-07T17:02:30, 17.050273224, 0, 0, 0 
2015-02-07T17:07:30, 17.05, 0, 0, 0 
2015-02-07T17:12:30, 17.0495575221, 0, 0, 0 
2015-02-07T17:17:30, 17.0509090909, 0, 0, 0 
2015-02-07T17:22:30, 17.05, 0, 0, 0 
2015-02-07T17:27:30, 17.05, 0, 0, 0 
2015-02-07T17:32:30, 17.05, 0, 0, 0 
2015-02-07T17:37:30, 17.05, 0, 0, 0 
2015-02-07T17:42:30, 17.05, 0, 0, 0 
2015-02-07T17:47:30, 17.05, 0, 0, 0 
2015-02-07T17:52:30, 17.05, 0, 0, 0 
2015-02-07T17:57:30, 17.05, 0, 0, 0 
2015-02-07T18:02:30, 17.05, 0, 0, 0 
2015-02-07T18:07:30, 17.05, 0, 0, 0 
2015-02-07T18:12:30, 17.15, 0, 0, 0 
2015-02-07T18:17:30, 17.15, 0, 0, 0 
2015-02-07T18:22:30, 17.15, 0, 0, 0 
2015-02-07T18:27:30, 17.15, 0, 0, 0 
2015-02-07T18:32:30, 17.15, 0, 0, 0 
2015-02-07T18:37:30, 17.15, 0, 0, 0 
2015-02-07T18:42:30, 17.15, 0, 0, 0 
2015-02-07T18:47:30, 17.1502645503, 0, 0, 0 
2015-02-07T18:52:30, 17.15, 0, 0, 0 
2015-02-07T18:57:30, 17.15, 0, 0, 0 
2015-02-07T19:02:30, 17.1495934959, 0, 0, 0 
2015-02-07T19:07:30, 17.1505154639, 0, 0, 0 
2015-02-07T19:12:30, 17.15, 0, 0, 0 
2015-02-07T19:17:30, 17.15, 0, 0, 0 
2015-02-07T19:22:30, 17.15, 0, 0, 0 
2015-02-07T19:27:30, 17.1496688742, 0, 0, 0 
2015-02-07T19:32:30, 17.1503067485, 0, 0, 0 
2015-02-07T19:37:30, 17.149689441, 0, 0, 0 
2015-02-07T19:42:30, 17.1502793296, 0, 0, 0 
2015-02-07T19:47:30, 17.1497175141, 0, 0, 0 
2015-02-07T19:52:30, 17.1503030303, 0, 0, 0 
2015-02-07T19:57:30, 17.15, 0, 0, 0 
2015-02-07T20:02:30, 17.1496402878, 0, 0, 0 
2015-02-07T20:07:30, 17.15, 0, 0, 0 
2015-02-07T20:12:30, 17.15, 0, 0, 0 
2015-02-07T20:17:30, 17.15, 0, 0, 0 
2015-02-07T20:22:30, 17.15, 0, 0, 0 
2015-02-07T20:27:30, 17.15, 0, 0, 0 
2015-02-07T20:32:30, 17.15, 0, 0, 0 
2015-02-07T20:37:30, 17.15, 0, 0, 0 
2015-02-07T20:42:30, 17.15, 0, 0, 0 
2015-02-07T20:47:30, 17.15, 0, 0, 0 
2015-02-07T20:52:30, 17.15, 0, 0, 0 
2015-02-07T20:57:30, 17.15, 0, 0, 0 
2015-02-07T21:02:30, 17.15, 0, 0, 0 
2015-02-07T21:07:30, 17.15, 0, 0, 0 
2015-02-07T21:12:30, 17.15, 0, 0, 0 
2015-02-07T21:17:30, 17.15, 0, 0, 0 
2015-02-07T21:22:30, 17.15, 0, 0, 0 
2015-02-07T21:27:30, 17.15, 0, 0, 0 
2015-02-07T21:32:30, 17.15, 0, 0, 0 
2015-02-07T21:37:30, 17.05, 0, 0, 0 
2015-02-07T21:42:30, 17.05, 0, 0, 0 
2015-02-07T21:47:30, 17.05, 0, 0, 0 
2015-02-07T21:52:30, 17.05, 0, 0, 0 
2015-02-07T21:57:30, 17.05, 0, 0, 0 
2015-02-07T22:02:30, 17.0496183206, 0, 0, 0 
2015-02-07T22:07:30, 17.05, 0, 0, 0 
2015-02-07T22:12:30, 17.0502923977, 0, 0, 0 
2015-02-07T22:17:30, 17.0496732026, 0, 0, 0 
2015-02-07T22:22:30, 17.05, 0, 0, 0 
2015-02-07T22:27:30, 17.05, 0, 0, 0 
2015-02-07T22:32:30, 17.05, 0, 0, 0 
2015-02-07T22:37:30, 17.05, 0, 0, 0 
2015-02-07T22:42:30, 17.05, 0, 0, 0 
2015-02-07T22:47:30, 17.05, 0, 0, 0 
2015-02-07T22:52:30, 17.05, 0, 0, 0 
2015-02-07T22:57:30, 17.05, 0, 0, 0 
2015-02-07T23:02:30, 17.05, 0, 0, 0 
2015-02-07T23:07:30, 17.05, 0, 0, 0 
2015-02-07T23:12:30, 17.05, 0, 0, 0 
2015-02-07T23:17:30, 17.05, 0, 0, 0 
2015-02-07T23:22:30, 17.05, 0, 0, 0 
2015-02-07T23:27:30, 17.05, 0, 0, 0 
2015-02-07T23:32:30, 17.05, 0, 0, 0 
2015-02-07T23:37:30, 17.05, 0, 0, 0 
2015-02-07T23:42:30, 17.05, 0, 0, 0 
2015-02-07T23:47:30, 17.05, 0, 0, 0 
2015-02-07T23:52:30, 17.05, 0, 0, 0 
2015-02-07T23:57:30, 17.05, 0, 0, 0 
2015-02-08T00:02:30, 17.05, 0, 0, 0 
2015-02-08T00:07:30, 17.05, 0, 0, 0 
2015-02-08T00:12:30, 17.05, 0, 0, 0 
2015-02-08T00:17:30, 17.05, 0, 0, 0 
2015-02-08T00:22:30, 17.05, 0, 0, 0 
2015-02-08T00:27:30, 17.05, 0, 0, 0 
2015-02-08T00:32:30, 17.05, 0, 0, 0 
2015-02-08T00:37:30, 17.05, 0, 0, 0 
2015-02-08T00:42:30, 17.05, 0, 0, 0 
2015-02-08T00:47:30, 17.05, 0, 0, 0 
2015-02-08T00:52:30, 17.05, 0, 0, 0 
2015-02-08T00:57:30, 17.05, 0, 0, 0 
2015-02-08T01:02:30, 17.05, 0, 0, 0 
2015-02-08T01:07:30, 17.05, 0, 0, 0 
2015-02-08T01:12:30, 17.05, 0, 0, 0 
2015-02-08T01:17:30, 17.05, 0, 0, 0 
2015-02-08T01:22:30, 17.05, 0, 0, 0 
2015-02-08T01:27:30, 17.05, 0, 0, 0 
2015-02-08T01:32:30, 17.05, 0, 0, 0 
2015-02-08T01:37:30, 17.05, 0, 0, 0 
2015-02-08T01:42:30, 17.05, 0, 0, 0 
2015-02-08T01:47:30, 17.05, 0, 0, 0 
2015-02-08T01:52:30, 17.05, 0, 0, 0 
2015-02-08T01:57:30, 16.95, 0, 0, 0 
2015-02-08T02:02:30, 16.95, 0, 0, 0 
2015-02-08T02:07:30, 16.95, 0, 0, 0 
2015-02-08T02:12:30, 16.95, 0, 0, 0 
2015-02-08T02:17:30, 16.95, 0, 0, 0 
2015-02-08T02:22:30, 16.95, 0, 0, 0 
2015-02-08T02:27:30, 16.95, 0, 0, 0 
2015-02-08T02:32:30, 16.9496598639, 0, 0, 0 
2015-02-08T02:37:30, 16.9502793296, 0, 0, 0 
2015-02-08T02:42:30, 16.9496774194, 0, 0, 0 
2015-02-08T02:47:30, 16.95, 0, 0, 0 
2015-02-08T02:52:30, 16.95, 0, 0, 0 
2015-02-08T02:57:30, 16.95, 0, 0, 0 
2015-02-08T03:02:30, 16.95, 0, 0, 0 
2015-02-08T03:07:30, 16.95, 0, 0, 0 
2015-02-08T03:12:30, 16.95, 0, 0, 0 
2015-02-08T03:17:30, 16.95, 0, 0, 0 
2015-02-08T03:22:30, 16.95, 0, 0, 0 
2015-02-08T03:27:30, 16.95, 0, 0, 0 
2015-02-08T03:32:30, 16.85, 0, 0, 0 
2015-02-08T03:37:30, 16.85, 0, 0, 0 
2015-02-08T03:42:30, 16.8496453901, 0, 0, 0 
2015-02-08T03:47:30, 16.8502824859, 0, 0, 0 
2015-02-08T03:52:30, 16.8497382199, 0, 0, 0 
2015-02-08T03:57:30, 16.85, 0, 0, 0 
2015-02-08T04:02:30, 16.85, 0, 0, 0 
2015-02-08T04:07:30, 16.85, 0, 0, 0 
2015-02-08T04:12:30, 16.85, 0, 0, 0 
2015-02-08T04:17:30, 16.85, 0, 0, 0 
2015-02-08T04:22:30, 16.75, 0, 0, 0 
2015-02-08T04:27:30, 16.75, 0, 0, 0 
2015-02-08T04:32:30, 16.75, 0, 0, 0 
2015-02-08T04:37:30, 16.749122807, 0, 0, 0 
2015-02-08T04:42:30, 16.75, 0, 0, 0 
2015-02-08T04:47:30, 16.75, 0, 0, 0 
2015-02-08T04:52:30, 16.75, 0, 0, 0 
2015-02-08T04:57:30, 16.75, 0, 0, 0 
2015-02-08T05:02:30, 16.75, 0, 0, 0 
2015-02-08T05:07:30, 16.65, 0, 0, 0 
2015-02-08T05:12:30, 16.6496598639, 0, 0, 0 
2015-02-08T05:17:30, 16.65, 0, 0, 0 
2015-02-08T05:22:30, 16.65, 0, 0, 0 
2015-02-08T05:27:30, 16.65, 0, 0, 0 
2015-02-08T05:32:30, 16.65, 0, 0, 0 
2015-02-08T05:37:30, 16.55, 0, 0, 0 
2015-02-08T05:42:30, 16.55, 0, 0, 0 
2015-02-08T05:47:30, 16.5496932515, 0, 0, 0 
2015-02-08T05:52:30, 16.55, 0, 0, 0 
2015-02-08T05:57:30, 16.55, 0, 0, 0 
2015-02-08T06:02:30, 16.55, 0, 0, 0 
2015-02-08T06:07:30, 16.55, 0, 0, 0 
2015-02-08T06:12:30, 16.45, 0, 0, 0 
2015-02-08T06:17:30, 16.4493670886, 0, 0, 0 
2015-02-08T06:22:30, 16.45, 0, 0, 0 
2015-02-08T06:27:30, 16.45, 0, 0, 0 
2015-02-08T06:32:30, 16.45, 0, 0, 0 
2015-02-08T06:37:30, 16.45, 0, 0, 0 
2015-02-08T06:42:30, 16.35, 0, 0, 0 
2015-02-08T06:47:30, 16.35, 0, 0, 0 
2015-02-08T06:52:30, 16.3491525424, 0, 0, 0 
2015-02-08T06:57:30, 16.3491525424, 0, 0, 0 
2015-02-08T07:02:30, 16.3491525424, 0, 0, 0 
2015-02-08T07:07:30, 16.25, 0, 0, 0 
2015-02-08T07:12:30, 16.2496969697, 0, 0, 0 
2015-02-08T07:17:30, 16.25, 0, 0, 0 
2015-02-08T07:22:30, 16.25, 0, 0, 0 
2015-02-08T07:27:30, 16.25, 0, 0, 0 
2015-02-08T07:32:30, 16.15, 0, 0, 0 
2015-02-08T07:37:30, 16.1495327103, 0, 0, 0 
2015-02-08T07:42:30, 16.15, 0, 0, 0 
2015-02-08T07:47:30, 16.15, 0, 0, 0 
2015-02-08T07:52:30, 16.15, 0, 0, 0 
2015-02-08T07:57:30, 16.0490196078, 0, 0, 0 
2015-02-08T08:02:30, 16.05, 0, 0, 0 
2015-02-08T08:07:30, 16.05, 0, 0, 0 
2015-02-08T08:12:30, 16.05, 0, 0, 0 
2015-02-08T08:17:30, 15.95, 0, 0, 0 
2015-02-08T08:22:30, 15.9496855346, 0, 0, 0 
2015-02-08T08:27:30, 15.95, 0, 0, 0 
2015-02-08T08:32:30, 15.95, 0, 0, 0 
2015-02-08T08:37:30, 15.95, 0, 0, 0 
2015-02-08T08:42:30, 15.85, 0, 0, 0 
2015-02-08T08:47:30, 15.85, 0, 0, 0 
2015-02-08T08:52:30, 15.8495798319, 0, 0, 0 
2015-02-08T08:57:30, 15.8495798319, 0, 0, 0 
2015-02-08T09:02:30, 15.8495798319, 0, 0, 0 
2015-02-08T09:07:30, 15.75, 0, 0, 0 
2015-02-08T09:12:30, 15.7496183206, 0, 0, 0 
2015-02-08T09:17:30, 15.75, 0, 0, 0 
2015-02-08T09:22:30, 15.75, 0, 0, 0 
2015-02-08T09:27:30, 15.65, 0, 0, 0 
2015-02-08T09:32:30, 15.65, 0, 0, 0 
2015-02-08T09:37:30, 15.6496598639, 0, 0, 0 
2015-02-08T09:42:30, 15.65, 0, 0, 0 
2015-02-08T09:47:30, 15.65, 0, 0, 0 
2015-02-08T09:52:30, 15.65, 0, 0, 0 
2015-02-08T09:57:30, 15.55, 0, 0, 0 
2015-02-08T10:02:30, 15.55, 0, 0, 0 
2015-02-08T10:07:30, 15.5490909091, 0, 0, 0 
2015-02-08T10:12:30, 15.55, 0, 0, 0 
2015-02-08T10:17:30, 15.55, 0, 0, 0 
2015-02-08T10:22:30, 15.55, 0, 0, 0 
2015-02-08T10:27:30, 15.45, 0, 0, 0 
2015-02-08T10:32:30, 15.4496688742, 0, 0, 0 
2015-02-08T10:37:30, 15.45, 0, 0, 0 
2015-02-08T10:42:30, 15.45, 0, 0, 0 
2015-02-08T10:47:30, 15.45, 0, 0, 0 
2015-02-08T10:52:30, 15.45, 0, 0, 0 
2015-02-08T10:57:30, 15.3466666667, 0, 0, 0 
2015-02-08T11:02:30, 15.3504587156, 0, 0, 0 
2015-02-08T11:07:30, 15.35, 0, 0, 0 
2015-02-08T11:12:30, 15.3481481481, 0, 0, 0 
2015-02-08T11:17:30, 15.35, 0, 0, 0 
2015-02-08T11:22:30, 15.35, 0, 0, 0 
2015-02-08T11:27:30, 15.35, 0, 0, 0 
2015-02-08T11:32:30, 15.35, 0, 0, 0 
2015-02-08T11:37:30, 15.25, 0, 0, 0 
2015-02-08T11:42:30, 15.25, 0, 0, 0 
2015-02-08T11:47:30, 15.25, 0, 0, 0 
2015-02-08T11:52:30, 15.2497175141, 0, 0, 0 
2015-02-08T11:57:30, 15.25, 0, 0, 0 
2015-02-08T12:02:30, 15.25, 0, 0, 0 
2015-02-08T12:07:30, 15.25, 0, 0, 0 
2015-02-08T12:12:30, 15.25, 0, 0, 0 
2015-02-08T12:17:30, 15.25, 0, 0, 0 
2015-02-08T12:22:30, 15.25, 0, 0, 0 
2015-02-08T12:27:30, 15.25, 0, 0, 0 
2015-02-08T12:32:30, 15.25, 0, 0, 0 
2015-02-08T12:37:30, 15.15, 0, 0, 0 
2015-02-08T12:42:30, 15.15, 0, 0, 0 
2015-02-08T12:47:30, 15.1495867769, 0, 0, 0 
2015-02-08T12:52:30, 15.150295858, 0, 0, 0 
2015-02-08T12:57:30, 15.1497326203, 0, 0, 0 
2015-02-08T13:02:30, 15.1502538071, 0, 0, 0 
2015-02-08T13:07:30, 15.1496969697, 0, 0, 0 
2015-02-08T13:12:30, 15.15, 0, 0, 0 
2015-02-08T13:17:30, 15.15, 0, 0, 0 
2015-02-08T13:22:30, 15.15, 0, 0, 0 
2015-02-08T13:27:30, 15.15, 0, 0, 0 
2015-02-08T13:32:30, 15.15, 0, 0, 0 
2015-02-08T13:37:30, 15.15, 0, 0, 0 
2015-02-08T13:42:30, 15.15, 0, 0, 0 
2015-02-08T13:47:30, 15.15, 0, 0, 0 
2015-02-08T13:52:30, 15.15, 0, 0, 0 
2015-02-08T13:57:30, 15.15, 0, 0, 0 
2015-02-08T14:02:30, 15.15, 0, 0, 0 
2015-02-08T14:07:30, 15.15, 0, 0, 0 
2015-02-08T14:12:30, 15.15, 0, 0, 0 
2015-02-08T14:17:30, 15.15, 0, 0, 0 
2015-02-08T14:22:30, 15.15, 0, 0, 0 
2015-02-08T14:27:30, 15.15, 0, 0, 0 
2015-02-08T14:32:30, 15.15, 0, 0, 0 
2015-02-08T14:37:30, 15.15, 0, 0, 0 
2015-02-08T14:42:30, 15.15, 0, 0, 0 
2015-02-08T14:47:30, 15.15, 0, 0, 0 
2015-02-08T14:52:30, 15.15, 0, 0, 0 
2015-02-08T14:57:30, 15.15, 0, 0, 0 
2015-02-08T15:02:30, 15.15, 0, 0, 0 
2015-02-08T15:07:30, 15.15, 0, 0, 0 
2015-02-08T15:12:30, 15.15, 0, 0, 0 
2015-02-08T15:17:30, 15.15, 0, 0, 0 
2015-02-08T15:22:30, 15.15, 0, 0, 0 
2015-02-08T15:27:30, 15.15, 0, 0, 0 
2015-02-08T15:32:30, 15.15, 0, 0, 0 
2015-02-08T15:37:30, 15.15, 0, 0, 0 
2015-02-08T15:42:30, 15.15, 0, 0, 0 
2015-02-08T15:47:30, 15.15, 0, 0, 0 
2015-02-08T15:52:30, 15.15, 0, 0, 0 
2015-02-08T15:57:30, 15.15, 0, 0, 0 
2015-02-08T16:02:30, 15.15, 0, 0, 0 
2015-02-08T16:07:30, 15.15, 0, 0, 0 
2015-02-08T16:12:30, 15.1506666667, 0, 0, 0 
2015-02-08T16:17:30, 15.1490909091, 0, 0, 0 
2015-02-08T16:22:30, 15.1504273504, 0, 0, 0 
2015-02-08T16:27:30, 15.1496551724, 0, 0, 0 
2015-02-08T16:32:30, 15.15, 0, 0, 0 
2015-02-08T16:37:30, 15.1504761905, 0, 0, 0 
2015-02-08T16:42:30, 15.1495049505, 0, 0, 0 
2015-02-08T16:47:30, 15.15, 0, 0, 0 
2015-02-08T16:52:30, 15.15, 0, 0, 0 
2015-02-08T16:57:30, 15.15, 0, 0, 0 
2015-02-08T17:02:30, 15.15, 0, 0, 0 
2015-02-08T17:07:30, 15.15, 0, 0, 0 
2015-02-08T17:12:30, 15.15, 0, 0, 0 
2015-02-08T17:17:30, 15.15, 0, 0, 0 
2015-02-08T17:22:30, 15.15, 0, 0, 0 
2015-02-08T17:27:30, 15.15, 0, 0, 0 
2015-02-08T17:32:30, 15.15, 0, 0, 0 
2015-02-08T17:37:30, 15.15, 0, 0, 0 
2015-02-08T17:42:30, 15.15, 0, 0, 0 
2015-02-08T17:47:30, 15.15, 0, 0, 0 
2015-02-08T17:52:30, 15.15, 0, 0, 0 
2015-02-08T17:57:30, 15.15, 0, 0, 0 
2015-02-08T18:02:30, 15.15, 0, 0, 0 
2015-02-08T18:07:30, 15.15, 0, 0, 0 
2015-02-08T18:12:30, 15.05, 0, 0, 0 
2015-02-08T18:17:30, 15.05, 0, 0, 0 
2015-02-08T18:22:30, 15.0497142857, 0, 0, 0 
2015-02-08T18:27:30, 15.0504, 0, 0, 0 
2015-02-08T18:32:30, 15.0487804878, 0, 0, 0 
2015-02-08T18:37:30, 15.0487804878, 0, 0, 0 
2015-02-08T18:42:30, 15.0487804878, 0, 0, 0 
2015-02-08T18:47:30, 15.0487804878, 0, 0, 0 
2015-02-08T18:52:30, 15.0487804878, 0, 0, 0 
2015-02-08T18:57:30, 15.0487804878, 0, 0, 0 
2015-02-08T19:02:30, 14.95, 0, 0, 0 
2015-02-08T19:07:30, 14.9493150685, 0, 0, 0 
2015-02-08T19:12:30, 14.95, 0, 0, 0 
2015-02-08T19:17:30, 14.95, 0, 0, 0 
2015-02-08T19:22:30, 14.95, 0, 0, 0 
2015-02-08T19:27:30, 14.95, 0, 0, 0 
2015-02-08T19:32:30, 14.95, 0, 0, 0 
2015-02-08T19:37:30, 14.95, 0, 0, 0 
2015-02-08T19:42:30, 14.95, 0, 0, 0 
2015-02-08T19:47:30, 14.85, 0, 0, 0 
2015-02-08T19:52:30, 14.8497354497, 0, 0, 0 
2015-02-08T19:57:30, 14.85, 0, 0, 0 
2015-02-08T20:02:30, 14.85, 0, 0, 0 
2015-02-08T20:07:30, 14.85, 0, 0, 0 
2015-02-08T20:12:30, 14.85, 0, 0, 0 
2015-02-08T20:17:30, 14.85, 0, 0, 0 
2015-02-08T20:22:30, 14.75, 0, 0, 0 
2015-02-08T20:27:30, 14.75, 0, 0, 0 
2015-02-08T20:32:30, 14.7496350365, 0, 0, 0 
2015-02-08T20:37:30, 14.75, 0, 0, 0 
2015-02-08T20:42:30, 14.75, 0, 0, 0 
2015-02-08T20:47:30, 14.75, 0, 0, 0 
2015-02-08T20:52:30, 14.75, 0, 0, 0 
2015-02-08T20:57:30, 14.75, 0, 0, 0 
2015-02-08T21:02:30, 14.65, 0, 0, 0 
2015-02-08T21:07:30, 14.65, 0, 0, 0 
2015-02-08T21:12:30, 14.65, 0, 0, 0 
2015-02-08T21:17:30, 14.6495726496, 0, 0, 0 
2015-02-08T21:22:30, 14.65, 0, 0, 0 
2015-02-08T21:27:30, 14.65, 0, 0, 0 
2015-02-08T21:32:30, 14.65, 0, 0, 0 
2015-02-08T21:37:30, 14.65, 0, 0, 0 
2015-02-08T21:42:30, 14.55, 0, 0, 0 
2015-02-08T21:47:30, 14.5496124031, 0, 0, 0 
2015-02-08T21:52:30, 14.55, 0, 0, 0 
2015-02-08T21:57:30, 14.55, 0, 0, 0 
2015-02-08T22:02:30, 14.55, 0, 0, 0 
2015-02-08T22:07:30, 14.55, 0, 0, 0 
2015-02-08T22:12:30, 14.55, 0, 0, 0 
2015-02-08T22:17:30, 14.45, 0, 0, 0 
2015-02-08T22:22:30, 14.45, 0, 0, 0 
2015-02-08T22:27:30, 14.449704142, 0, 0, 0 
2015-02-08T22:32:30, 14.45, 0, 0, 0 
2015-02-08T22:37:30, 14.45, 0, 0, 0 
2015-02-08T22:42:30, 14.45, 0, 0, 0 
2015-02-08T22:47:30, 14.45, 0, 0, 0 
2015-02-08T22:52:30, 14.45, 0, 0, 0 
2015-02-08T22:57:30, 14.35, 0, 0, 0 
2015-02-08T23:02:30, 14.35, 0, 0, 0 
2015-02-08T23:07:30, 14.35, 0, 0, 0 
2015-02-08T23:12:30, 14.3495726496, 0, 0, 0 
2015-02-08T23:17:30, 14.35, 0, 0, 0 
2015-02-08T23:22:30, 14.35, 0, 0, 0 
2015-02-08T23:27:30, 14.35, 0, 0, 0 
2015-02-08T23:32:30, 14.35, 0, 0, 0 
2015-02-08T23:37:30, 14.25, 0, 0, 0 
2015-02-08T23:42:30, 14.25, 0, 0, 0 
2015-02-08T23:47:30, 14.2495495495, 0, 0, 0 
2015-02-08T23:52:30, 14.25, 0, 0, 0 
2015-02-08T23:57:30, 14.25, 0, 0, 0 
2015-02-09T00:02:30, 14.25, 0, 0, 0 
2015-02-09T00:07:30, 14.25, 0, 0, 0 
2015-02-09T00:12:30, 14.15, 0, 0, 0 
2015-02-09T00:17:30, 14.15, 0, 0, 0 
2015-02-09T00:22:30, 14.15, 0, 0, 0 
2015-02-09T00:27:30, 14.15, 0, 0, 0 
2015-02-09T00:32:30, 14.1488372093, 0, 0, 0 
2015-02-09T00:37:30, 14.15, 0, 0, 0 
2015-02-09T00:42:30, 14.15, 0, 0, 0 
2015-02-09T00:47:30, 14.15, 0, 0, 0 
2015-02-09T00:52:30, 14.05, 0, 0, 0 
2015-02-09T00:57:30, 14.05, 0, 0, 0 
2015-02-09T01:02:30, 14.0497109827, 0, 0, 0 
2015-02-09T01:07:30, 14.05, 0, 0, 0 
2015-02-09T01:12:30, 14.05, 0, 0, 0 
2015-02-09T01:17:30, 14.05, 0, 0, 0 
2015-02-09T01:22:30, 14.05, 0, 0, 0 
2015-02-09T01:27:30, 14.05, 0, 0, 0 
2015-02-09T01:32:30, 13.95, 0, 0, 0 
2015-02-09T01:37:30, 13.95, 0, 0, 0 
2015-02-09T01:42:30, 13.95, 0, 0, 0 
2015-02-09T01:47:30, 13.9496503497, 0, 0, 0 
2015-02-09T01:52:30, 13.95, 0, 0, 0 
2015-02-09T01:57:30, 13.95, 0, 0, 0 
2015-02-09T02:02:30, 13.95, 0, 0, 0 
2015-02-09T02:07:30, 13.95, 0, 0, 0 
2015-02-09T02:12:30, 13.95, 0, 0, 0 
2015-02-09T02:17:30, 13.95, 0, 0, 0 
2015-02-09T02:22:30, 13.85, 0, 0, 0 
2015-02-09T02:27:30, 13.8496774194, 0, 0, 0 
2015-02-09T02:32:30, 13.85, 0, 0, 0 
2015-02-09T02:37:30, 13.85, 0, 0, 0 
2015-02-09T02:42:30, 13.85, 0, 0, 0 
2015-02-09T02:47:30, 13.85, 0, 0, 0 
2015-02-09T02:52:30, 13.75, 0, 0, 0 
2015-02-09T02:57:30, 13.7496240602, 0, 0, 0 
2015-02-09T03:02:30, 13.75, 0, 0, 0 
2015-02-09T03:07:30, 13.75, 0, 0, 0 
2015-02-09T03:12:30, 13.75, 0, 0, 0 
2015-02-09T03:17:30, 13.75, 0, 0, 0 
2015-02-09T03:22:30, 13.65, 0, 0, 0 
2015-02-09T03:27:30, 13.65, 0, 0, 0 
2015-02-09T03:32:30, 13.6496598639, 0, 0, 0 
2015-02-09T03:37:30, 13.65, 0, 0, 0 
2015-02-09T03:42:30, 13.65, 0, 0, 0 
2015-02-09T03:47:30, 13.65, 0, 0, 0 
2015-02-09T03:52:30, 13.65, 0, 0, 0 
2015-02-09T03:57:30, 13.5484848485, 0, 0, 0 
2015-02-09T04:02:30, 13.55, 0, 0, 0 
2015-02-09T04:07:30, 13.55, 0, 0, 0 
2015-02-09T04:12:30, 13.55, 0, 0, 0 
2015-02-09T04:17:30, 13.55, 0, 0, 0 
2015-02-09T04:22:30, 13.4490909091, 0, 0, 0 
2015-02-09T04:27:30, 13.45, 0, 0, 0 
2015-02-09T04:32:30, 13.45, 0, 0, 0 
2015-02-09T04:37:30, 13.45, 0, 0, 0 
2015-02-09T04:42:30, 13.45, 0, 0, 0 
2015-02-09T04:47:30, 13.45, 0, 0, 0 
2015-02-09T04:52:30, 13.3466666667, 0, 0, 0 
2015-02-09T04:57:30, 13.35, 0, 0, 0 
2015-02-09T05:02:30, 13.35, 0, 0, 0 
2015-02-09T05:07:30, 13.35, 0, 0, 0 
2015-02-09T05:12:30, 13.35, 0, 0, 0 
2015-02-09T05:17:30, 13.2454545455, 0, 0, 0 
2015-02-09T05:22:30, 13.2503448276, 0, 0, 0 
2015-02-09T05:27:30, 13.2490566038, 0, 0, 0 
2015-02-09T05:32:30, 13.2490566038, 0, 0, 0 
2015-02-09T05:37:30, 13.2490566038, 0, 0, 0 
2015-02-09T05:42:30, 13.15, 0, 0, 0 
2015-02-09T05:47:30, 13.1493670886, 0, 0, 0 
2015-02-09T05:52:30, 13.15, 0, 0, 0 
2015-02-09T05:57:30, 13.15, 0, 0, 0 
2015-02-09T06:02:30, 13.15, 0, 0, 0 
2015-02-09T06:07:30, 13.15, 0, 0, 0 
2015-02-09T06:12:30, 13.05, 0, 0, 0 
2015-02-09T06:17:30, 13.0496, 0, 0, 0 
2015-02-09T06:22:30, 13.05, 0, 0, 0 
2015-02-09T06:27:30, 13.05, 0, 0, 0 
2015-02-09T06:32:30, 13.05, 0, 0, 0 
2015-02-09T06:37:30, 13.05, 0, 0, 0 
2015-02-09T06:42:30, 12.95, 0, 0, 0 
2015-02-09T06:47:30, 12.9495238095, 0, 0, 0 
2015-02-09T06:52:30, 12.95, 0, 0, 0 
2015-02-09T06:57:30, 12.95, 0, 0, 0 
2015-02-09T07:02:30, 12.85, 0, 0, 0 
2015-02-09T07:07:30, 12.8496240602, 0, 0, 0 
2015-02-09T07:12:30, 12.85, 0, 0, 0 
2015-02-09T07:17:30, 12.85, 0, 0, 0 
2015-02-09T07:22:30, 12.85, 0, 0, 0 
2015-02-09T07:27:30, 12.85, 0, 0, 0 
2015-02-09T07:32:30, 12.75, 0, 0, 0 
2015-02-09T07:37:30, 12.75, 0, 0, 0 
2015-02-09T07:42:30, 12.7492753623, 0, 0, 0 
2015-02-09T07:47:30, 12.75, 0, 0, 0 
2015-02-09T07:52:30, 12.75, 0, 0, 0 
2015-02-09T07:57:30, 12.65, 0, 0, 0 
2015-02-09T08:02:30, 12.6496062992, 0, 0, 0 
2015-02-09T08:07:30, 12.65, 0, 0, 0 
2015-02-09T08:12:30, 12.65, 0, 0, 0 
2015-02-09T08:17:30, 12.65, 0, 0, 0 
2015-02-09T08:22:30, 12.55, 0, 0, 0 
2015-02-09T08:27:30, 12.5489361702, 0, 0, 0 
2015-02-09T08:32:30, 12.55, 0, 0, 0 
2015-02-09T08:37:30, 12.55, 0, 0, 0 
2015-02-09T08:42:30, 12.55, 0, 0, 0 
2015-02-09T08:47:30, 12.55, 0, 0, 0 
2015-02-09T08:52:30, 12.55, 0, 0, 0 
2015-02-09T08:57:30, 12.55, 0, 0, 0 
2015-02-09T09:02:30, 12.45, 0, 0, 0 
2015-02-09T09:07:30, 12.4496350365, 0, 0, 0 
2015-02-09T09:12:30, 12.45, 0, 0, 0 
2015-02-09T09:17:30, 12.45, 0, 0, 0 
2015-02-09T09:22:30, 12.45, 0, 0, 0 
2015-02-09T09:27:30, 12.45, 0, 0, 0 
2015-02-09T09:32:30, 12.45, 0, 0, 0 
2015-02-09T09:37:30, 12.45, 0, 0, 0 
2015-02-09T09:42:30, 12.35, 0, 0, 0 
2015-02-09T09:47:30, 12.35, 0, 0, 0 
2015-02-09T09:52:30, 12.35, 0, 0, 0 
2015-02-09T09:57:30, 12.35, 0, 0, 0 
2015-02-09T10:02:30, 12.35, 0, 0, 0 
2015-02-09T10:07:30, 12.3497297297, 0, 0, 0 
2015-02-09T10:12:30, 12.35, 0, 0, 0 
2015-02-09T10:17:30, 12.35, 0, 0, 0 
2015-02-09T10:22:30, 12.35, 0, 0, 0 
2015-02-09T10:27:30, 12.35, 0, 0, 0 
2015-02-09T10:32:30, 12.35, 0, 0, 0 
2015-02-09T10:37:30, 12.3503448276, 0, 0, 0 
2015-02-09T10:42:30, 12.35, 0, 0, 0 
2015-02-09T10:47:30, 12.35, 0, 0, 0 
2015-02-09T10:52:30, 12.4506493506, 0, 0, 0 
2015-02-09T10:57:30, 12.45, 0, 0, 0 
2015-02-09T11:02:30, 12.5506024096, 0, 0, 0 
2015-02-09T11:07:30, 12.55, 0, 0, 0 
2015-02-09T11:12:30, 12.6506329114, 0, 0, 0 
2015-02-09T11:17:30, 12.65, 0, 0, 0 
2015-02-09T11:22:30, 12.7507692308, 0, 0, 0 
2015-02-09T11:27:30, 12.85, 0, 0, 0 
2015-02-09T11:32:30, 12.8507462687, 0, 0, 0 
2015-02-09T11:37:30, 12.9509803922, 0, 0, 0 
2015-02-09T11:42:30, 12.95, 0, 0, 0 
2015-02-09T11:47:30, 13.050877193, 0, 0, 0 
2015-02-09T11:52:30, 13.1512820513, 0, 0, 0 
2015-02-09T11:57:30, 13.15, 0, 0, 0 
2015-02-09T12:02:30, 13.2508196721, 0, 0, 0 
2015-02-09T12:07:30, 13.35, 0, 0, 0 
2015-02-09T12:12:30, 13.3516129032, 0, 0, 0 
2015-02-09T12:17:30, 13.450877193, 0, 0, 0 
2015-02-09T12:22:30, 13.55, 0, 0, 0 
2015-02-09T12:27:30, 13.5508196721, 0, 0, 0 
2015-02-09T12:32:30, 13.6509433962, 0, 0, 0 
2015-02-09T12:37:30, 13.75, 0, 0, 0 
2015-02-09T12:42:30, 13.752, 0, 0, 0 
2015-02-09T12:47:30, 13.8511111111, 0, 0, 0 
2015-02-09T12:52:30, 13.9508196721, 0, 0, 0 
2015-02-09T12:57:30, 14.0333333333, 0, 0, 0 
2015-02-09T13:02:30, 14.0510638298, 0, 0, 0 
2015-02-09T13:07:30, 14.1509090909, 0, 0, 0 
2015-02-09T13:12:30, 14.2511111111, 0, 0, 0 
2015-02-09T13:17:30, 14.35, 0, 0, 0 
2015-02-09T13:22:30, 14.3515151515, 0, 0, 0 
2015-02-09T13:27:30, 14.4507936508, 0, 0, 0 
2015-02-09T13:32:30, 14.550877193, 0, 0, 0 
2015-02-09T13:37:30, 14.65, 0, 0, 0 
2015-02-09T13:42:30, 14.6512195122, 0, 0, 0 
2015-02-09T13:47:30, 14.7508474576, 0, 0, 0 
2015-02-09T13:52:30, 14.8508474576, 0, 0, 0 
2015-02-09T13:57:30, 14.9366666667, 0, 0, 0 
2015-02-09T14:02:30, 14.952173913, 0, 0, 0 
2015-02-09T14:07:30, 15.0506666667, 0, 0, 0 
2015-02-09T14:12:30, 15.150877193, 0, 0, 0 
2015-02-09T14:17:30, 15.2514285714, 0, 0, 0 
2015-02-09T14:22:30, 15.25, 0, 0, 0 
2015-02-09T14:27:30, 15.3506849315, 0, 0, 0 
2015-02-09T14:32:30, 15.4509803922, 0, 0, 0 
2015-02-09T14:37:30, 15.5514285714, 0, 0, 0 
2015-02-09T14:42:30, 15.55, 0, 0, 0 
2015-02-09T14:47:30, 15.6507462687, 0, 0, 0 
2015-02-09T14:52:30, 15.7507246377, 0, 0, 0 
2015-02-09T14:57:30, 15.8285714286, 0, 0, 0 
2015-02-09T15:02:30, 15.85, 0, 0, 0 
2015-02-09T15:07:30, 15.9506666667, 0, 0, 0 
2015-02-09T15:12:30, 16.05, 0, 0, 0 
2015-02-09T15:17:30, 16.0507936508, 0, 0, 0 
2015-02-09T15:22:30, 16.1507462687, 0, 0, 0 
2015-02-09T15:27:30, 16.25, 0, 0, 0 
2015-02-09T15:32:30, 16.2507462687, 0, 0, 0 
2015-02-09T15:37:30, 16.3506849315, 0, 0, 0 
2015-02-09T15:42:30, 16.35, 0, 0, 0 
2015-02-09T15:47:30, 16.4508196721, 0, 0, 0 
2015-02-09T15:52:30, 16.55, 0, 0, 0 
2015-02-09T15:57:30, 16.5506666667, 0, 0, 0 
2015-02-09T16:02:30, 16.65, 0, 0, 0 
2015-02-09T16:07:30, 16.6509803922, 0, 0, 0 
2015-02-09T16:12:30, 16.7506666667, 0, 0, 0 
2015-02-09T16:17:30, 16.85, 0, 0, 0 
2015-02-09T16:22:30, 16.8507042254, 0, 0, 0 
2015-02-09T16:27:30, 16.9509433962, 0, 0, 0 
2015-02-09T16:32:30, 16.95, 0, 0, 0 
2015-02-09T16:37:30, 17.05, 0, 0, 0 
2015-02-09T16:42:30, 17.1, 0, 0, 0 
2015-02-09T16:47:30, 17.1504854369, 0, 0, 0 
2015-02-09T16:52:30, 17.15, 0, 0, 0 
2015-02-09T16:57:30, 17.2545454545, 0, 0, 0 
2015-02-09T17:02:30, 17.25, 0, 0, 0 
2015-02-09T17:07:30, 17.25, 0, 0, 0 
2015-02-09T17:12:30, 17.25, 0, 0, 0 
2015-02-09T17:17:30, 17.25, 0, 0, 0 
2015-02-09T17:22:30, 17.35, 0, 0, 0 
2015-02-09T17:27:30, 17.3504273504, 0, 0, 0 
2015-02-09T17:32:30, 17.35, 0, 0, 0 
2015-02-09T17:37:30, 17.35, 0, 0, 0 
2015-02-09T17:42:30, 17.35, 0, 0, 0 
2015-02-09T17:47:30, 17.35, 0, 0, 0 
2015-02-09T17:52:30, 17.35, 0, 0, 0 
2015-02-09T17:57:30, 17.35, 0, 0, 0 
2015-02-09T18:02:30, 17.35, 0, 0, 0 
2015-02-09T18:07:30, 17.35, 0, 0, 0 
2015-02-09T18:12:30, 17.35, 0, 0, 0 
2015-02-09T18:17:30, 17.35, 0, 0, 0 
2015-02-09T18:22:30, 17.35, 0, 0, 0 
2015-02-09T18:27:30, 17.35, 0, 0, 0 
2015-02-09T18:32:30, 17.35, 0, 0, 0 
2015-02-09T18:37:30, 17.35, 0, 0, 0 
2015-02-09T18:42:30, 17.35, 0, 0, 0 
2015-02-09T18:47:30, 17.35, 0, 0, 0 
2015-02-09T18:52:30, 17.3496969697, 0, 0, 0 
2015-02-09T18:57:30, 17.35, 0, 0, 0 
2015-02-09T19:02:30, 17.35, 0, 0, 0 
2015-02-09T19:07:30, 17.35, 0, 0, 0 
2015-02-09T19:12:30, 17.35, 0, 0, 0 
2015-02-09T19:17:30, 17.35, 0, 0, 0 
2015-02-09T19:22:30, 17.35, 0, 0, 0 
2015-02-09T19:27:30, 17.25, 0, 0, 0 
2015-02-09T19:32:30, 17.2492063492, 0, 0, 0 
2015-02-09T19:37:30, 17.25, 0, 0, 0 
2015-02-09T19:42:30, 17.25, 0, 0, 0 
2015-02-09T19:47:30, 17.25, 0, 0, 0 
2015-02-09T19:52:30, 17.25, 0, 0, 0 
2015-02-09T19:57:30, 17.15, 0, 0, 0 
2015-02-09T20:02:30, 17.1495412844, 0, 0, 0 
2015-02-09T20:07:30, 17.1503937008, 0, 0, 0 
2015-02-09T20:12:30, 17.1461538462, 0, 0, 0 
2015-02-09T20:17:30, 17.1461538462, 0, 0, 0 
2015-02-09T20:22:30, 17.05, 0, 0, 0 
2015-02-09T20:27:30, 17.05, 0, 0, 0 
2015-02-09T20:32:30, 17.0493670886, 0, 0, 0 
2015-02-09T20:37:30, 17.05, 0, 0, 0 
2015-02-09T20:42:30, 17.05, 0, 0, 0 
2015-02-09T20:47:30, 17.05, 0, 0, 0 
2015-02-09T20:52:30, 16.95, 0, 0, 0 
2015-02-09T20:57:30, 16.9497005988, 0, 0, 0 
2015-02-09T21:02:30, 16.95, 0, 0, 0 
2015-02-09T21:07:30, 16.95, 0, 0, 0 
2015-02-09T21:12:30, 16.95, 0, 0, 0 
2015-02-09T21:17:30, 16.95, 0, 0, 0 
2015-02-09T21:22:30, 16.85, 0, 0, 0 
2015-02-09T21:27:30, 16.8496598639, 0, 0, 0 
2015-02-09T21:32:30, 16.85, 0, 0, 0 
2015-02-09T21:37:30, 16.85, 0, 0, 0 
2015-02-09T21:42:30, 16.75, 0, 0, 0 
2015-02-09T21:47:30, 16.75, 0, 0, 0 
2015-02-09T21:52:30, 16.7496, 0, 0, 0 
2015-02-09T21:57:30, 16.75, 0, 0, 0 
2015-02-09T22:02:30, 16.75, 0, 0, 0 
2015-02-09T22:07:30, 16.75, 0, 0, 0 
2015-02-09T22:12:30, 16.65, 0, 0, 0 
2015-02-09T22:17:30, 16.6496969697, 0, 0, 0 
2015-02-09T22:22:30, 16.65, 0, 0, 0 
2015-02-09T22:27:30, 16.65, 0, 0, 0 
2015-02-09T22:32:30, 16.65, 0, 0, 0 
2015-02-09T22:37:30, 16.65, 0, 0, 0 
2015-02-09T22:42:30, 16.547826087, 0, 0, 0 
2015-02-09T22:47:30, 16.55, 0, 0, 0 
2015-02-09T22:52:30, 16.55, 0, 0, 0 
2015-02-09T22:57:30, 16.55, 0, 0, 0 
2015-02-09T23:02:30, 16.55, 0, 0, 0 
2015-02-09T23:07:30, 16.55, 0, 0, 0 
2015-02-09T23:12:30, 16.45, 0, 0, 0 
2015-02-09T23:17:30, 16.45, 0, 0, 0 
2015-02-09T23:22:30, 16.4496815287, 0, 0, 0 
2015-02-09T23:27:30, 16.45, 0, 0, 0 
2015-02-09T23:32:30, 16.45, 0, 0, 0 
2015-02-09T23:37:30, 16.45, 0, 0, 0 
2015-02-09T23:42:30, 16.45, 0, 0, 0 
2015-02-09T23:47:30, 16.45, 0, 0, 0 
2015-02-09T23:52:30, 16.35, 0, 0, 0 
2015-02-09T23:57:30, 16.35, 0, 0, 0 
2015-02-10T00:02:30, 16.3496969697, 0, 0, 0 
2015-02-10T00:07:30, 16.35, 0, 0, 0 
2015-02-10T00:12:30, 16.35, 0, 0, 0 
2015-02-10T00:17:30, 16.35, 0, 0, 0 
2015-02-10T00:22:30, 16.35, 0, 0, 0 
2015-02-10T00:27:30, 16.35, 0, 0, 0 
2015-02-10T00:32:30, 16.35, 0, 0, 0 
2015-02-10T00:37:30, 16.35, 0, 0, 0 
2015-02-10T00:42:30, 16.35, 0, 0, 0 
2015-02-10T00:47:30, 16.35, 0, 0, 0 
2015-02-10T00:52:30, 16.25, 0, 0, 0 
2015-02-10T00:57:30, 16.25, 0, 0, 0 
2015-02-10T01:02:30, 16.25, 0, 0, 0 
2015-02-10T01:07:30, 16.25, 0, 0, 0 
2015-02-10T01:12:30, 16.2454545455, 0, 0, 0 
2015-02-10T01:17:30, 16.25, 0, 0, 0 
2015-02-10T01:22:30, 16.25, 0, 0, 0 
2015-02-10T01:27:30, 16.25, 0, 0, 0 
2015-02-10T01:32:30, 16.25, 0, 0, 0 
2015-02-10T01:37:30, 16.25, 0, 0, 0 
2015-02-10T01:42:30, 16.15, 0, 0, 0 
2015-02-10T01:47:30, 16.15, 0, 0, 0 
2015-02-10T01:52:30, 16.15, 0, 0, 0 
2015-02-10T01:57:30, 16.1497297297, 0, 0, 0 
2015-02-10T02:02:30, 16.1504065041, 0, 0, 0 
2015-02-10T02:07:30, 16.1491803279, 0, 0, 0 
2015-02-10T02:12:30, 16.15, 0, 0, 0 
2015-02-10T02:17:30, 16.15, 0, 0, 0 
2015-02-10T02:22:30, 16.15, 0, 0, 0 
2015-02-10T02:27:30, 16.15, 0, 0, 0 
2015-02-10T02:32:30, 16.15, 0, 0, 0 
2015-02-10T02:37:30, 16.05, 0, 0, 0 
2015-02-10T02:42:30, 16.05, 0, 0, 0 
2015-02-10T02:47:30, 16.0496350365, 0, 0, 0 
2015-02-10T02:52:30, 16.05, 0, 0, 0 
2015-02-10T02:57:30, 16.05, 0, 0, 0 
2015-02-10T03:02:30, 16.05, 0, 0, 0 
2015-02-10T03:07:30, 16.05, 0, 0, 0 
2015-02-10T03:12:30, 16.05, 0, 0, 0 
2015-02-10T03:17:30, 16.05, 0, 0, 0 
2015-02-10T03:22:30, 16.05, 0, 0, 0 
2015-02-10T03:27:30, 16.05, 0, 0, 0 
2015-02-10T03:32:30, 16.05, 0, 0, 0 
2015-02-10T03:37:30, 15.95, 0, 0, 0 
2015-02-10T03:42:30, 15.95, 0, 0, 0 
2015-02-10T03:47:30, 15.95, 0, 0, 0 
2015-02-10T03:52:30, 15.95, 0, 0, 0 
2015-02-10T03:57:30, 15.95, 0, 0, 0 
2015-02-10T04:02:30, 15.9496551724, 0, 0, 0 
2015-02-10T04:07:30, 15.95, 0, 0, 0 
2015-02-10T04:12:30, 15.95, 0, 0, 0 
2015-02-10T04:17:30, 15.95, 0, 0, 0 
2015-02-10T04:22:30, 15.95, 0, 0, 0 
2015-02-10T04:27:30, 15.95, 0, 0, 0 
2015-02-10T04:32:30, 15.95, 0, 0, 0 
2015-02-10T04:37:30, 15.95, 0, 0, 0 
2015-02-10T04:42:30, 15.95, 0, 0, 0 
2015-02-10T04:47:30, 15.95, 0, 0, 0 
2015-02-10T04:52:30, 15.85, 0, 0, 0 
2015-02-10T04:57:30, 15.85, 0, 0, 0 
2015-02-10T05:02:30, 15.85, 0, 0, 0 
2015-02-10T05:07:30, 15.85, 0, 0, 0 
2015-02-10T05:12:30, 15.8496183206, 0, 0, 0 
2015-02-10T05:17:30, 15.8502762431, 0, 0, 0 
2015-02-10T05:22:30, 15.8496183206, 0, 0, 0 
2015-02-10T05:27:30, 15.85, 0, 0, 0 
2015-02-10T05:32:30, 15.85, 0, 0, 0 
2015-02-10T05:37:30, 15.85, 0, 0, 0 
2015-02-10T05:42:30, 15.85, 0, 0, 0 
2015-02-10T05:47:30, 15.85, 0, 0, 0 
2015-02-10T05:52:30, 15.85, 0, 0, 0 
2015-02-10T05:57:30, 15.85, 0, 0, 0 
2015-02-10T06:02:30, 15.85, 0, 0, 0 
2015-02-10T06:07:30, 15.85, 0, 0, 0 
2015-02-10T06:12:30, 15.85, 0, 0, 0 
2015-02-10T06:17:30, 15.85, 0, 0, 0 
2015-02-10T06:22:30, 15.85, 0, 0, 0 
2015-02-10T06:27:30, 15.75, 0, 0, 0 
2015-02-10T06:32:30, 15.75, 0, 0, 0 
2015-02-10T06:37:30, 15.7495049505, 0, 0, 0 
2015-02-10T06:42:30, 15.75, 0, 0, 0 
2015-02-10T06:47:30, 15.75, 0, 0, 0 
2015-02-10T06:52:30, 15.75, 0, 0, 0 
2015-02-10T06:57:30, 15.75, 0, 0, 0 
2015-02-10T07:02:30, 15.75, 0, 0, 0 
2015-02-10T07:07:30, 15.75, 0, 0, 0 
2015-02-10T07:12:30, 15.75, 0, 0, 0 
2015-02-10T07:17:30, 15.75, 0, 0, 0 
2015-02-10T07:22:30, 15.75, 0, 0, 0 
2015-02-10T07:27:30, 15.75, 0, 0, 0 
2015-02-10T07:32:30, 15.75, 0, 0, 0 
2015-02-10T07:37:30, 15.75, 0, 0, 0 
2015-02-10T07:42:30, 15.75, 0, 0, 0 
2015-02-10T07:47:30, 15.75, 0, 0, 0 
2015-02-10T07:52:30, 15.65, 0, 0, 0 
2015-02-10T07:57:30, 15.65, 0, 0, 0 
2015-02-10T08:02:30, 15.65, 0, 0, 0 
2015-02-10T08:07:30, 15.6497297297, 0, 0, 0 
2015-02-10T08:12:30, 15.6502824859, 0, 0, 0 
2015-02-10T08:17:30, 15.6496402878, 0, 0, 0 
2015-02-10T08:22:30, 15.65, 0, 0, 0 
2015-02-10T08:27:30, 15.65, 0, 0, 0 
2015-02-10T08:32:30, 15.65, 0, 0, 0 
2015-02-10T08:37:30, 15.65, 0, 0, 0 
2015-02-10T08:42:30, 15.65, 0, 0, 0 
2015-02-10T08:47:30, 15.65, 0, 0, 0 
2015-02-10T08:52:30, 15.65, 0, 0, 0 
2015-02-10T08:57:30, 15.65, 0, 0, 0 
2015-02-10T09:02:30, 15.65, 0, 0, 0 
2015-02-10T09:07:30, 15.6538461538, 0, 0, 0 
2015-02-10T09:12:30, 15.6538461538, 0, 0, 0 
2015-02-10T09:17:30, 15.7505617978, 0, 0, 0 
2015-02-10T09:22:30, 15.75, 0, 0, 0 
2015-02-10T09:27:30, 15.85, 0, 0, 0 
2015-02-10T09:32:30, 15.8512195122, 0, 0, 0 
2015-02-10T09:37:30, 15.95, 0, 0, 0 
2015-02-10T09:42:30, 15.9505263158, 0, 0, 0 
2015-02-10T09:47:30, 16.1, 0, 0, 0 
2015-02-10T09:52:30, 16.05, 0, 0, 0 
2015-02-10T09:57:30, 16.15, 0, 0, 0 
2015-02-10T10:02:30, 16.1506329114, 0, 0, 0 
2015-02-10T10:07:30, 16.25, 0, 0, 0 
2015-02-10T10:12:30, 16.2505747126, 0, 0, 0 
2015-02-10T10:17:30, 19.1174418605, 0, 0, 0 
2015-02-10T10:22:30, 22.2177083333, 0, 0, 0 
2015-02-10T10:27:30, 23.031, 0, 0, 0 
2015-02-10T10:32:30, 23.7366197183, 0, 0, 0 
2015-02-10T10:37:30, 24.466, 0, 0, 0 
2015-02-10T10:42:30, 25.1622641509, 0, 0, 0 
2015-02-10T10:47:30, 25.7961722488, 0, 0, 0 
2015-02-10T10:52:30, 26.4769230769, 0, 0, 0 
2015-02-10T10:57:30, 27.0893719807, 0, 0, 0 
2015-02-10T11:02:30, 27.7072916667, 0, 0, 0 
2015-02-10T11:07:30, 28.325, 0, 0, 0 
2015-02-10T11:12:30, 28.9287128713, 0, 0, 0 
2015-02-10T11:17:30, 29.5633165829, 0, 0, 0 
2015-02-10T11:22:30, 30.1831683168, 0, 0, 0 
2015-02-10T11:27:30, 30.7323232323, 0, 0, 0 
2015-02-10T11:32:30, 31.3173076923, 0, 0, 0 
2015-02-10T11:37:30, 31.8663461538, 0, 0, 0 
2015-02-10T11:42:30, 32.425, 0, 0, 0 
2015-02-10T11:47:30, 32.9903669725, 0, 0, 0 
2015-02-10T11:52:30, 33.4984771574, 0, 0, 0 
2015-02-10T11:57:30, 34.0081730769, 0, 0, 0 
2015-02-10T12:02:30, 34.4927835052, 0, 0, 0 
2015-02-10T12:07:30, 34.7330143541, 0, 0, 0 
2015-02-10T12:12:30, 34.6285, 0, 0, 0 
2015-02-10T12:17:30, 35.0791666667, 0, 0, 0 
2015-02-10T12:22:30, 35.3147783251, 0, 0, 0 
2015-02-10T12:27:30, 35.3058536585, 0, 0, 0 
2015-02-10T12:32:30, 35.3693467337, 0, 0, 0 
2015-02-10T12:37:30, 34.9661764706, 0, 0, 0 
2015-02-10T12:42:30, 34.2802955665, 0, 0, 0 
2015-02-10T12:47:30, 33.861928934, 0, 0, 0 
2015-02-10T12:52:30, 33.6353233831, 0, 0, 0 
2015-02-10T12:57:30, 33.4453608247, 0, 0, 0 
2015-02-10T13:02:30, 33.3374331551, 0, 0, 0 
2015-02-10T13:07:30, 33.3488372093, 0, 0, 0 
2015-02-10T13:12:30, 33.2975728155, 0, 0, 0 
2015-02-10T13:17:30, 33.2588832487, 0, 0, 0 
2015-02-10T13:22:30, 33.216751269, 0, 0, 0 
2015-02-10T13:27:30, 33.2274111675, 0, 0, 0 
2015-02-10T13:32:30, 33.1926701571, 0, 0, 0 
2015-02-10T13:37:30, 33.2823834197, 0, 0, 0 
2015-02-10T13:42:30, 31.0447368421, 0, 0, 0 
2015-02-10T13:47:30, 30.3144444444, 0, 0, 0 
2015-02-10T13:52:30, 30.2504347826, 0, 0, 0 
2015-02-10T13:57:30, 30.25, 0, 0, 0 
2015-02-10T14:02:30, 30.2096153846, 0, 0, 0 
2015-02-10T14:07:30, 30.1076271186, 0, 0, 0 
2015-02-10T14:12:30, 30.1452991453, 0, 0, 0 
2015-02-10T14:17:30, 30.1775193798, 0, 0, 0 
2015-02-10T14:22:30, 30.3137931034, 0, 0, 0 
2015-02-10T14:27:30, 30.45, 0, 0, 0 
2015-02-10T14:32:30, 30.5144444444, 0, 0, 0 
2015-02-10T14:37:30, 30.6126213592, 0, 0, 0 
2015-02-10T14:42:30, 30.7, 0, 0, 0 
2015-02-10T14:47:30, 30.8343137255, 0, 0, 0 
2015-02-10T14:52:30, 30.9718181818, 0, 0, 0 
2015-02-10T14:57:30, 31.0823943662, 0, 0, 0 
2015-02-10T15:02:30, 31.2175257732, 0, 0, 0 
2015-02-10T15:07:30, 31.3552941176, 0, 0, 0 
2015-02-10T15:12:30, 31.4505050505, 0, 0, 0 
2015-02-10T15:17:30, 31.5858974359, 0, 0, 0 
2015-02-10T15:22:30, 31.6908396947, 0, 0, 0 
2015-02-10T15:27:30, 31.8025423729, 0, 0, 0 
2015-02-10T15:32:30, 31.85, 0, 0, 0 
2015-02-10T15:37:30, 31.8567567568, 0, 0, 0 
2015-02-10T15:42:30, 31.950877193, 0, 0, 0 
2015-02-10T15:47:30, 31.9497297297, 0, 0, 0 
2015-02-10T15:52:30, 31.9503759398, 0, 0, 0 
2015-02-10T15:57:30, 31.95, 0, 0, 0 
2015-02-10T16:02:30, 31.9775862069, 0, 0, 0 
2015-02-10T16:07:30, 31.9273972603, 0, 0, 0 
2015-02-10T16:12:30, 31.7805309735, 0, 0, 0 
2015-02-10T16:17:30, 31.6555555556, 0, 0, 0 
2015-02-10T16:22:30, 31.6315789474, 0, 0, 0 
2015-02-10T16:27:30, 31.5624, 0, 0, 0 
2015-02-10T16:32:30, 31.5066666667, 0, 0, 0 
2015-02-10T16:37:30, 31.4861386139, 0, 0, 0 
2015-02-10T16:42:30, 31.4385321101, 0, 0, 0 
2015-02-10T16:47:30, 31.4365384615, 0, 0, 0 
2015-02-10T16:52:30, 31.3554794521, 0, 0, 0 
2015-02-10T16:57:30, 31.4157142857, 0, 0, 0 
2015-02-10T17:02:30, 31.3991452991, 0, 0, 0 
2015-02-10T17:07:30, 31.45, 0, 0, 0 
2015-02-10T17:12:30, 31.45, 0, 0, 0 
2015-02-10T17:17:30, 31.5441176471, 0, 0, 0 
2015-02-10T17:22:30, 31.5503759398, 0, 0, 0 
2015-02-10T17:27:30, 31.1915492958, 0, 0, 0 
2015-02-10T17:32:30, 30.587755102, 0, 0, 0 
2015-02-10T17:37:30, 30.5481481481, 0, 0, 0 
2015-02-10T17:42:30, 30.55, 0, 0, 0 
2015-02-10T17:47:30, 30.55, 0, 0, 0 
2015-02-10T17:52:30, 30.45, 0, 0, 0 
2015-02-10T17:57:30, 30.45, 0, 0, 0 
2015-02-10T18:02:30, 30.45, 0, 0, 0 
2015-02-10T18:07:30, 30.4493333333, 0, 0, 0 
2015-02-10T18:12:30, 30.45, 0, 0, 0 
2015-02-10T18:17:30, 30.3492307692, 0, 0, 0 
2015-02-10T18:22:30, 30.3, 0, 0, 0 
2015-02-10T18:27:30, 30.25, 0, 0, 0 
2015-02-10T18:32:30, 30.2496062992, 0, 0, 0 
2015-02-10T18:37:30, 30.25, 0, 0, 0 
2015-02-10T18:42:30, 30.15, 0, 0, 0 
2015-02-10T18:47:30, 30.1495049505, 0, 0, 0 
2015-02-10T18:52:30, 30.15, 0, 0, 0 
2015-02-10T18:57:30, 30.15, 0, 0, 0 
2015-02-10T19:02:30, 30.15, 0, 0, 0 
2015-02-10T19:07:30, 30.05, 0, 0, 0 
2015-02-10T19:12:30, 30.0496183206, 0, 0, 0 
2015-02-10T19:17:30, 30.05, 0, 0, 0 
2015-02-10T19:22:30, 29.9454545455, 0, 0, 0 
2015-02-10T19:27:30, 29.95, 0, 0, 0 
2015-02-10T19:32:30, 29.95, 0, 0, 0 
2015-02-10T19:37:30, 29.95, 0, 0, 0 
2015-02-10T19:42:30, 29.85, 0, 0, 0 
2015-02-10T19:47:30, 29.8496551724, 0, 0, 0 
2015-02-10T19:52:30, 29.85, 0, 0, 0 
2015-02-10T19:57:30, 29.75, 0, 0, 0 
2015-02-10T20:02:30, 29.7495049505, 0, 0, 0 
2015-02-10T20:07:30, 29.75, 0, 0, 0 
2015-02-10T20:12:30, 29.75, 0, 0, 0 
2015-02-10T20:17:30, 29.647826087, 0, 0, 0 
2015-02-10T20:22:30, 29.65, 0, 0, 0 
2015-02-10T20:27:30, 29.65, 0, 0, 0 
2015-02-10T20:32:30, 29.63, 0, 0, 0 
2015-02-10T20:37:30, 29.55, 0, 0, 0 
2015-02-10T20:42:30, 29.5490566038, 0, 0, 0 
2015-02-10T20:47:30, 29.5490566038, 0, 0, 0 
2015-02-10T20:52:30, 29.45, 0, 0, 0 
2015-02-10T20:57:30, 29.45, 0, 0, 0 
2015-02-10T21:02:30, 29.4495412844, 0, 0, 0 
2015-02-10T21:07:30, 29.45, 0, 0, 0 
2015-02-10T21:12:30, 29.45, 0, 0, 0 
2015-02-10T21:17:30, 29.3488372093, 0, 0, 0 
2015-02-10T21:22:30, 29.35, 0, 0, 0 
2015-02-10T21:27:30, 29.35, 0, 0, 0 
2015-02-10T21:32:30, 29.25, 0, 0, 0 
2015-02-10T21:37:30, 29.25, 0, 0, 0 
2015-02-10T21:42:30, 29.2495934959, 0, 0, 0 
2015-02-10T21:47:30, 29.25, 0, 0, 0 
2015-02-10T21:52:30, 29.15, 0, 0, 0 
2015-02-10T21:57:30, 29.15, 0, 0, 0 
2015-02-10T22:02:30, 29.1495495495, 0, 0, 0 
2015-02-10T22:07:30, 29.15, 0, 0, 0 
2015-02-10T22:12:30, 29.05, 0, 0, 0 
2015-02-10T22:17:30, 29.0493670886, 0, 0, 0 
2015-02-10T22:22:30, 29.05, 0, 0, 0 
2015-02-10T22:27:30, 29.0357142857, 0, 0, 0 
2015-02-10T22:32:30, 28.95, 0, 0, 0 
2015-02-10T22:37:30, 28.9495934959, 0, 0, 0 
2015-02-10T22:42:30, 28.95, 0, 0, 0 
2015-02-10T22:47:30, 28.95, 0, 0, 0 
2015-02-10T22:52:30, 28.95, 0, 0, 0 
2015-02-10T22:57:30, 28.85, 0, 0, 0 
2015-02-10T23:02:30, 28.8481481481, 0, 0, 0 
2015-02-10T23:07:30, 28.8481481481, 0, 0, 0 
2015-02-10T23:12:30, 28.7545454545, 0, 0, 0 
2015-02-10T23:17:30, 28.75, 0, 0, 0 
2015-02-10T23:22:30, 28.7496, 0, 0, 0 
2015-02-10T23:27:30, 28.75, 0, 0, 0 
2015-02-10T23:32:30, 28.65, 0, 0, 0 
2015-02-10T23:37:30, 28.6492753623, 0, 0, 0 
2015-02-10T23:42:30, 28.65, 0, 0, 0 
2015-02-10T23:47:30, 28.65, 0, 0, 0 
2015-02-10T23:52:30, 28.65, 0, 0, 0 
2015-02-10T23:57:30, 28.55, 0, 0, 0 
2015-02-11T00:02:30, 28.55, 0, 0, 0 
2015-02-11T00:07:30, 28.55, 0, 0, 0 
2015-02-11T00:12:30, 28.5496453901, 0, 0, 0 
2015-02-11T00:17:30, 28.55, 0, 0, 0 
2015-02-11T00:22:30, 28.55, 0, 0, 0 
2015-02-11T00:27:30, 28.55, 0, 0, 0 
2015-02-11T00:32:30, 28.45, 0, 0, 0 
2015-02-11T00:37:30, 28.4495145631, 0, 0, 0 
2015-02-11T00:42:30, 28.45, 0, 0, 0 
2015-02-11T00:47:30, 28.45, 0, 0, 0 
2015-02-11T00:52:30, 28.45, 0, 0, 0 
2015-02-11T00:57:30, 28.35, 0, 0, 0 
2015-02-11T01:02:30, 28.35, 0, 0, 0 
2015-02-11T01:07:30, 28.35, 0, 0, 0 
2015-02-11T01:12:30, 28.3495726496, 0, 0, 0 
2015-02-11T01:17:30, 28.35, 0, 0, 0 
2015-02-11T01:22:30, 28.25, 0, 0, 0 
2015-02-11T01:27:30, 28.2495652174, 0, 0, 0 
2015-02-11T01:32:30, 28.25, 0, 0, 0 
2015-02-11T01:37:30, 28.25, 0, 0, 0 
2015-02-11T01:42:30, 28.25, 0, 0, 0 
2015-02-11T01:47:30, 28.25, 0, 0, 0 
2015-02-11T01:52:30, 28.15, 0, 0, 0 
2015-02-11T01:57:30, 28.15, 0, 0, 0 
2015-02-11T02:02:30, 28.1496644295, 0, 0, 0 
2015-02-11T02:07:30, 28.15, 0, 0, 0 
2015-02-11T02:12:30, 28.15, 0, 0, 0 
2015-02-11T02:17:30, 28.15, 0, 0, 0 
2015-02-11T02:22:30, 28.05, 0, 0, 0 
2015-02-11T02:27:30, 28.05, 0, 0, 0 
2015-02-11T02:32:30, 28.05, 0, 0, 0 
2015-02-11T02:37:30, 28.05, 0, 0, 0 
2015-02-11T02:42:30, 28.049689441, 0, 0, 0 
2015-02-11T02:47:30, 28.05, 0, 0, 0 
2015-02-11T02:52:30, 28.05, 0, 0, 0 
2015-02-11T02:57:30, 27.9611111111, 0, 0, 0 
2015-02-11T03:02:30, 27.95, 0, 0, 0 
2015-02-11T03:07:30, 27.9492753623, 0, 0, 0 
2015-02-11T03:12:30, 27.9504201681, 0, 0, 0 
2015-02-11T03:17:30, 27.9496598639, 0, 0, 0 
2015-02-11T03:22:30, 27.95, 0, 0, 0 
2015-02-11T03:27:30, 27.95, 0, 0, 0 
2015-02-11T03:32:30, 27.95, 0, 0, 0 
2015-02-11T03:37:30, 27.95, 0, 0, 0 
2015-02-11T03:42:30, 27.95, 0, 0, 0 
2015-02-11T03:47:30, 27.85, 0, 0, 0 
2015-02-11T03:52:30, 27.85, 0, 0, 0 
2015-02-11T03:57:30, 27.8494623656, 0, 0, 0 
2015-02-11T04:02:30, 27.85, 0, 0, 0 
2015-02-11T04:07:30, 27.85, 0, 0, 0 
2015-02-11T04:12:30, 27.75, 0, 0, 0 
2015-02-11T04:17:30, 27.75, 0, 0, 0 
2015-02-11T04:22:30, 27.7495412844, 0, 0, 0 
2015-02-11T04:27:30, 27.75, 0, 0, 0 
2015-02-11T04:32:30, 27.75, 0, 0, 0 
2015-02-11T04:37:30, 27.75, 0, 0, 0 
2015-02-11T04:42:30, 27.65, 0, 0, 0 
2015-02-11T04:47:30, 27.6494845361, 0, 0, 0 
2015-02-11T04:52:30, 27.65, 0, 0, 0 
2015-02-11T04:57:30, 27.65, 0, 0, 0 
2015-02-11T05:02:30, 27.65, 0, 0, 0 
2015-02-11T05:07:30, 27.65, 0, 0, 0 
2015-02-11T05:12:30, 27.65, 0, 0, 0 
2015-02-11T05:17:30, 27.55, 0, 0, 0 
2015-02-11T05:22:30, 27.55, 0, 0, 0 
2015-02-11T05:27:30, 27.55, 0, 0, 0 
2015-02-11T05:32:30, 27.5495495495, 0, 0, 0 
2015-02-11T05:37:30, 27.55, 0, 0, 0 
2015-02-11T05:42:30, 27.55, 0, 0, 0 
2015-02-11T05:47:30, 27.45, 0, 0, 0 
2015-02-11T05:52:30, 27.45, 0, 0, 0 
2015-02-11T05:57:30, 27.45, 0, 0, 0 
2015-02-11T06:02:30, 27.45, 0, 0, 0 
2015-02-11T06:07:30, 27.45, 0, 0, 0 
2015-02-11T06:12:30, 27.4493150685, 0, 0, 0 
2015-02-11T06:17:30, 27.450295858, 0, 0, 0 
2015-02-11T06:22:30, 27.45, 0, 0, 0 
2015-02-11T06:27:30, 27.4490566038, 0, 0, 0 
2015-02-11T06:32:30, 27.4490566038, 0, 0, 0 
2015-02-11T06:37:30, 27.35, 0, 0, 0 
2015-02-11T06:42:30, 27.3494252874, 0, 0, 0 
2015-02-11T06:47:30, 27.35, 0, 0, 0 
2015-02-11T06:52:30, 27.35, 0, 0, 0 
2015-02-11T06:57:30, 27.25, 0, 0, 0 
2015-02-11T07:02:30, 27.25, 0, 0, 0 
2015-02-11T07:07:30, 27.25, 0, 0, 0 
2015-02-11T07:12:30, 27.2495238095, 0, 0, 0 
2015-02-11T07:17:30, 27.25, 0, 0, 0 
2015-02-11T07:22:30, 27.2509090909, 0, 0, 0 
2015-02-11T07:27:30, 27.2454545455, 0, 0, 0 
2015-02-11T07:32:30, 27.15, 0, 0, 0 
2015-02-11T07:37:30, 27.15, 0, 0, 0 
2015-02-11T07:42:30, 27.15, 0, 0, 0 
2015-02-11T07:47:30, 27.1495652174, 0, 0, 0 
2015-02-11T07:52:30, 27.1495652174, 0, 0, 0 
2015-02-11T07:57:30, 27.05, 0, 0, 0 
2015-02-11T08:02:30, 27.05, 0, 0, 0 
2015-02-11T08:07:30, 27.0494117647, 0, 0, 0 
2015-02-11T08:12:30, 27.0494117647, 0, 0, 0 
2015-02-11T08:17:30, 27.0494117647, 0, 0, 0 
2015-02-11T08:22:30, 26.9489361702, 0, 0, 0 
2015-02-11T08:27:30, 26.95, 0, 0, 0 
2015-02-11T08:32:30, 26.9503496503, 0, 0, 0 
2015-02-11T08:37:30, 26.9496969697, 0, 0, 0 
2015-02-11T08:42:30, 26.95, 0, 0, 0 
2015-02-11T08:47:30, 26.95, 0, 0, 0 
2015-02-11T08:52:30, 26.95, 0, 0, 0 
2015-02-11T08:57:30, 26.95, 0, 0, 0 
2015-02-11T09:02:30, 26.85, 0, 0, 0 
2015-02-11T09:07:30, 26.85, 0, 0, 0 
2015-02-11T09:12:30, 26.85, 0, 0, 0 
2015-02-11T09:17:30, 26.95, 0, 0, 0 
2015-02-11T09:22:30, 26.95, 0, 0, 0 
2015-02-11T09:27:30, 26.9503597122, 0, 0, 0 
2015-02-11T09:32:30, 26.95, 0, 0, 0 
2015-02-11T09:37:30, 27.3926829268, 0, 0, 0 
2015-02-11T09:42:30, 30.6782608696, 0, 0, 0 
2015-02-11T09:47:30, 31.7765550239, 0, 0, 0 
2015-02-11T09:52:30, 32.4194312796, 0, 0, 0 
2015-02-11T09:57:30, 33.0502304147, 0, 0, 0 
2015-02-11T10:02:30, 33.6533653846, 0, 0, 0 
2015-02-11T10:07:30, 34.2046511628, 0, 0, 0 
2015-02-11T10:12:30, 34.6128571429, 0, 0, 0 
2015-02-11T10:17:30, 34.4902564103, 0, 0, 0 
2015-02-11T10:22:30, 34.5005988024, 0, 0, 0 
2015-02-11T10:27:30, 34.4970930233, 0, 0, 0 
2015-02-11T10:32:30, 34.7487046632, 0, 0, 0 
2015-02-11T10:37:30, 34.5910891089, 0, 0, 0 
2015-02-11T10:42:30, 34.3115384615, 0, 0, 0 
2015-02-11T10:47:30, 34.1858695652, 0, 0, 0 
2015-02-11T10:52:30, 34.0331491713, 0, 0, 0 
2015-02-11T10:57:30, 33.9877358491, 0, 0, 0 
2015-02-11T11:02:30, 33.8634517766, 0, 0, 0 
2015-02-11T11:07:30, 33.7811926606, 0, 0, 0 
2015-02-11T11:12:30, 33.7033980583, 0, 0, 0 
2015-02-11T11:17:30, 33.635078534, 0, 0, 0 
2015-02-11T11:22:30, 33.5044692737, 0, 0, 0 
2015-02-11T11:27:30, 33.4122807018, 0, 0, 0 
2015-02-11T11:32:30, 33.3389534884, 0, 0, 0 
2015-02-11T11:37:30, 33.239800995, 0, 0, 0 
2015-02-11T11:42:30, 33.252970297, 0, 0, 0 
2015-02-11T11:47:30, 33.1128078818, 0, 0, 0 
2015-02-11T11:52:30, 33.0217391304, 0, 0, 0 
2015-02-11T11:57:30, 32.8764705882, 0, 0, 0 
2015-02-11T12:02:30, 32.9472081218, 0, 0, 0 
2015-02-11T12:07:30, 32.9351648352, 0, 0, 0 
2015-02-11T12:12:30, 32.8335164835, 0, 0, 0 
2015-02-11T12:17:30, 32.8658031088, 0, 0, 0 
2015-02-11T12:22:30, 32.9087179487, 0, 0, 0 
2015-02-11T12:27:30, 32.789119171, 0, 0, 0 
2015-02-11T12:32:30, 32.8083333333, 0, 0, 0 
2015-02-11T12:37:30, 32.8125, 0, 0, 0 
2015-02-11T12:42:30, 32.8514423077, 0, 0, 0 
2015-02-11T12:47:30, 32.7989071038, 0, 0, 0 
2015-02-11T12:52:30, 32.9038834951, 0, 0, 0 
2015-02-11T12:57:30, 32.8577540107, 0, 0, 0 
2015-02-11T13:02:30, 32.7928205128, 0, 0, 0 
2015-02-11T13:07:30, 32.7893048128, 0, 0, 0 
2015-02-11T13:12:30, 32.8306306306, 0, 0, 0 
2015-02-11T13:17:30, 32.8477832512, 0, 0, 0 
2015-02-11T13:22:30, 32.8443298969, 0, 0, 0 
2015-02-11T13:27:30, 32.7904040404, 0, 0, 0 
2015-02-11T13:32:30, 32.756, 0, 0, 0 
2015-02-11T13:37:30, 32.7786096257, 0, 0, 0 
2015-02-11T13:42:30, 32.7311627907, 0, 0, 0 
2015-02-11T13:47:30, 32.6801932367, 0, 0, 0 
2015-02-11T13:52:30, 32.7252808989, 0, 0, 0 
2015-02-11T13:57:30, 32.7139896373, 0, 0, 0 
2015-02-11T14:02:30, 32.7174603175, 0, 0, 0 
2015-02-11T14:07:30, 32.704784689, 0, 0, 0 
2015-02-11T14:12:30, 32.6656410256, 0, 0, 0 
2015-02-11T14:17:30, 32.7492462312, 0, 0, 0 
2015-02-11T14:22:30, 32.7102150538, 0, 0, 0 
2015-02-11T14:27:30, 32.7373831776, 0, 0, 0 
2015-02-11T14:32:30, 32.7485714286, 0, 0, 0 
2015-02-11T14:37:30, 32.6879227053, 0, 0, 0 
2015-02-11T14:42:30, 32.7170506912, 0, 0, 0 
2015-02-11T14:47:30, 32.7276995305, 0, 0, 0 
2015-02-11T14:52:30, 32.768115942, 0, 0, 0 
2015-02-11T14:57:30, 32.7098958333, 0, 0, 0 
2015-02-11T15:02:30, 32.6, 0, 0, 0 
2015-02-11T15:07:30, 32.6197916667, 0, 0, 0 
2015-02-11T15:12:30, 32.6196629213, 0, 0, 0 
2015-02-11T15:17:30, 32.6726256983, 0, 0, 0 
2015-02-11T15:22:30, 32.7404371585, 0, 0, 0 
2015-02-11T15:27:30, 32.7456410256, 0, 0, 0 
2015-02-11T15:32:30, 32.7296116505, 0, 0, 0 
2015-02-11T15:37:30, 32.7809756098, 0, 0, 0 
2015-02-11T15:42:30, 32.7651515152, 0, 0, 0 
2015-02-11T15:47:30, 32.7284090909, 0, 0, 0 
2015-02-11T15:52:30, 32.7575129534, 0, 0, 0 
2015-02-11T15:57:30, 32.6931937173, 0, 0, 0 
2015-02-11T16:02:30, 32.6889400922, 0, 0, 0 
2015-02-11T16:07:30, 32.7034653465, 0, 0, 0 
2015-02-11T16:12:30, 32.761452514, 0, 0, 0 
2015-02-11T16:17:30, 32.7215686275, 0, 0, 0 
2015-02-11T16:22:30, 32.7768115942, 0, 0, 0 
2015-02-11T16:27:30, 32.8163157895, 0, 0, 0 
2015-02-11T16:32:30, 32.8514563107, 0, 0, 0 
2015-02-11T16:37:30, 32.8549295775, 0, 0, 0 
2015-02-11T16:42:30, 32.821, 0, 0, 0 
2015-02-11T16:47:30, 32.8, 0, 0, 0 
2015-02-11T16:52:30, 32.7828125, 0, 0, 0 
2015-02-11T16:57:30, 32.7725, 0, 0, 0 
2015-02-11T17:02:30, 32.787254902, 0, 0, 0 
2015-02-11T17:07:30, 32.7427807487, 0, 0, 0 
2015-02-11T17:12:30, 32.7125, 0, 0, 0 
2015-02-11T17:17:30, 32.7204545455, 0, 0, 0 
2015-02-11T17:22:30, 32.6918367347, 0, 0, 0 
2015-02-11T17:27:30, 32.3586206897, 0, 0, 0 
2015-02-11T17:32:30, 31.7419354839, 0, 0, 0 
2015-02-11T17:37:30, 31.6478571429, 0, 0, 0 
2015-02-11T17:42:30, 31.5784722222, 0, 0, 0 
2015-02-11T17:47:30, 31.5967948718, 0, 0, 0 
2015-02-11T17:52:30, 31.6574585635, 0, 0, 0 
2015-02-11T17:57:30, 31.776744186, 0, 0, 0 
2015-02-11T18:02:30, 31.8367816092, 0, 0, 0 
2015-02-11T18:07:30, 31.8981927711, 0, 0, 0 
2015-02-11T18:12:30, 31.9421052632, 0, 0, 0 
2015-02-11T18:17:30, 31.9488888889, 0, 0, 0 
2015-02-11T18:22:30, 31.9711229947, 0, 0, 0 
2015-02-11T18:27:30, 32.0256, 0, 0, 0 
2015-02-11T18:32:30, 32.0448484848, 0, 0, 0 
2015-02-11T18:37:30, 32.0656441718, 0, 0, 0 
2015-02-11T18:42:30, 32.1040697674, 0, 0, 0 
2015-02-11T18:47:30, 32.1186046512, 0, 0, 0 
2015-02-11T18:52:30, 32.1654450262, 0, 0, 0 
2015-02-11T18:57:30, 32.1531914894, 0, 0, 0 
2015-02-11T19:02:30, 32.185483871, 0, 0, 0 
2015-02-11T19:07:30, 32.2382352941, 0, 0, 0 
2015-02-11T19:12:30, 32.2485875706, 0, 0, 0 
2015-02-11T19:17:30, 32.2861111111, 0, 0, 0 
2015-02-11T19:22:30, 32.2786585366, 0, 0, 0 
2015-02-11T19:27:30, 32.2893491124, 0, 0, 0 
2015-02-11T19:32:30, 32.3033783784, 0, 0, 0 
2015-02-11T19:37:30, 32.3183908046, 0, 0, 0 
2015-02-11T19:42:30, 32.3316901408, 0, 0, 0 
2015-02-11T19:47:30, 32.3292993631, 0, 0, 0 
2015-02-11T19:52:30, 32.3550898204, 0, 0, 0 
2015-02-11T19:57:30, 32.3988023952, 0, 0, 0 
2015-02-11T20:02:30, 32.375483871, 0, 0, 0 
2015-02-11T20:07:30, 32.4018404908, 0, 0, 0 
2015-02-11T20:12:30, 32.3885057471, 0, 0, 0 
2015-02-11T20:17:30, 32.3445121951, 0, 0, 0 
2015-02-11T20:22:30, 32.3989304813, 0, 0, 0 
2015-02-11T20:27:30, 32.4006493506, 0, 0, 0 
2015-02-11T20:32:30, 32.4286486486, 0, 0, 0 
2015-02-11T20:37:30, 32.4727810651, 0, 0, 0 
2015-02-11T20:42:30, 32.450802139, 0, 0, 0 
2015-02-11T20:47:30, 32.5041176471, 0, 0, 0 
2015-02-11T20:52:30, 32.4605095541, 0, 0, 0 
2015-02-11T20:57:30, 32.5041176471, 0, 0, 0 
2015-02-11T21:02:30, 32.4672131148, 0, 0, 0 
2015-02-11T21:07:30, 32.4722543353, 0, 0, 0 
2015-02-11T21:12:30, 32.4552147239, 0, 0, 0 
2015-02-11T21:17:30, 32.4567375887, 0, 0, 0 
2015-02-11T21:22:30, 32.4592105263, 0, 0, 0 
2015-02-11T21:27:30, 32.4577922078, 0, 0, 0 
2015-02-11T21:32:30, 32.4539393939, 0, 0, 0 
2015-02-11T21:37:30, 32.4925, 0, 0, 0 
2015-02-11T21:42:30, 32.4867088608, 0, 0, 0 
2015-02-11T21:47:30, 32.4616352201, 0, 0, 0 
2015-02-11T21:52:30, 32.5273333333, 0, 0, 0 
2015-02-11T21:57:30, 32.4902298851, 0, 0, 0 
2015-02-11T22:02:30, 32.5521126761, 0, 0, 0 
2015-02-11T22:07:30, 32.5607843137, 0, 0, 0 
2015-02-11T22:12:30, 32.5435294118, 0, 0, 0 
2015-02-11T22:17:30, 32.5593548387, 0, 0, 0 
2015-02-11T22:22:30, 32.5560693642, 0, 0, 0 
2015-02-11T22:27:30, 32.5765027322, 0, 0, 0 
2015-02-11T22:32:30, 32.5766304348, 0, 0, 0 
2015-02-11T22:37:30, 32.6213414634, 0, 0, 0 
2015-02-11T22:42:30, 32.6107784431, 0, 0, 0 
2015-02-11T22:47:30, 32.5971910112, 0, 0, 0 
2015-02-11T22:52:30, 32.5711111111, 0, 0, 0 
2015-02-11T22:57:30, 32.5585227273, 0, 0, 0 
2015-02-11T23:02:30, 32.5331491713, 0, 0, 0 
2015-02-11T23:07:30, 32.5923913043, 0, 0, 0 
2015-02-11T23:12:30, 32.6202312139, 0, 0, 0 
2015-02-11T23:17:30, 32.6605882353, 0, 0, 0 
2015-02-11T23:22:30, 32.6397260274, 0, 0, 0 
2015-02-11T23:27:30, 32.708994709, 0, 0, 0 
2015-02-11T23:32:30, 32.6810344828, 0, 0, 0 
2015-02-11T23:37:30, 32.7090909091, 0, 0, 0 
2015-02-11T23:42:30, 32.7154761905, 0, 0, 0 
2015-02-11T23:47:30, 32.7170731707, 0, 0, 0 
2015-02-11T23:52:30, 32.72, 0, 0, 0 
2015-02-11T23:57:30, 32.7484662577, 0, 0, 0 
2015-02-12T00:02:30, 32.7807453416, 0, 0, 0 
2015-02-12T00:07:30, 32.7724358974, 0, 0, 0 
2015-02-12T00:12:30, 32.8072625698, 0, 0, 0 
2015-02-12T00:17:30, 32.7237804878, 0, 0, 0 
2015-02-12T00:22:30, 32.75, 0, 0, 0 
2015-02-12T00:27:30, 32.7281437126, 0, 0, 0 
2015-02-12T00:32:30, 32.6905555556, 0, 0, 0 
2015-02-12T00:37:30, 32.6878787879, 0, 0, 0 
2015-02-12T00:42:30, 32.7021126761, 0, 0, 0 
2015-02-12T00:47:30, 32.7, 0, 0, 0 
2015-02-12T00:52:30, 32.7271084337, 0, 0, 0 
2015-02-12T00:57:30, 32.7506666667, 0, 0, 0 
2015-02-12T01:02:30, 32.79375, 0, 0, 0 
2015-02-12T01:07:30, 32.8095808383, 0, 0, 0 
2015-02-12T01:12:30, 32.8162011173, 0, 0, 0 
2015-02-12T01:17:30, 32.8331521739, 0, 0, 0 
2015-02-12T01:22:30, 32.8829896907, 0, 0, 0 
2015-02-12T01:27:30, 32.9040462428, 0, 0, 0 
2015-02-12T01:32:30, 32.9401197605, 0, 0, 0 
2015-02-12T01:37:30, 32.9537037037, 0, 0, 0 
2015-02-12T01:42:30, 32.8840490798, 0, 0, 0 
2015-02-12T01:47:30, 32.8440217391, 0, 0, 0 
2015-02-12T01:52:30, 32.8405555556, 0, 0, 0 
2015-02-12T01:57:30, 32.828125, 0, 0, 0 
2015-02-12T02:02:30, 32.8562913907, 0, 0, 0 
2015-02-12T02:07:30, 32.8032085561, 0, 0, 0 
2015-02-12T02:12:30, 32.7865853659, 0, 0, 0 
2015-02-12T02:17:30, 32.8084415584, 0, 0, 0 
2015-02-12T02:22:30, 32.7845303867, 0, 0, 0 
2015-02-12T02:27:30, 32.7810810811, 0, 0, 0 
2015-02-12T02:32:30, 32.7961748634, 0, 0, 0 
2015-02-12T02:37:30, 32.7894409938, 0, 0, 0 
2015-02-12T02:42:30, 32.8479532164, 0, 0, 0 
2015-02-12T02:47:30, 32.8551020408, 0, 0, 0 
2015-02-12T02:52:30, 32.8849740933, 0, 0, 0 
2015-02-12T02:57:30, 32.9142045455, 0, 0, 0 
2015-02-12T03:02:30, 32.937254902, 0, 0, 0 
2015-02-12T03:07:30, 32.9166666667, 0, 0, 0 
2015-02-12T03:12:30, 32.9651612903, 0, 0, 0 
2015-02-12T03:17:30, 33.0019230769, 0, 0, 0 
2015-02-12T03:22:30, 32.9320512821, 0, 0, 0 
2015-02-12T03:27:30, 32.962371134, 0, 0, 0 
2015-02-12T03:32:30, 32.9850299401, 0, 0, 0 
2015-02-12T03:37:30, 32.9526315789, 0, 0, 0 
2015-02-12T03:42:30, 32.9487179487, 0, 0, 0 
2015-02-12T03:47:30, 32.940397351, 0, 0, 0 
2015-02-12T03:52:30, 32.9653594771, 0, 0, 0 
2015-02-12T03:57:30, 33.0695402299, 0, 0, 0 
2015-02-12T04:02:30, 33.1121621622, 0, 0, 0 
2015-02-12T04:07:30, 33.0691275168, 0, 0, 0 
2015-02-12T04:12:30, 33.0570422535, 0, 0, 0 
2015-02-12T04:17:30, 33.0203947368, 0, 0, 0 
2015-02-12T04:22:30, 33.0415300546, 0, 0, 0 
2015-02-12T04:27:30, 33.0149171271, 0, 0, 0 
2015-02-12T04:32:30, 33.0195876289, 0, 0, 0 
2015-02-12T04:37:30, 32.9661654135, 0, 0, 0 
2015-02-12T04:42:30, 32.9833333333, 0, 0, 0 
2015-02-12T04:47:30, 33.0134969325, 0, 0, 0 
2015-02-12T04:52:30, 33.0220338983, 0, 0, 0 
2015-02-12T04:57:30, 33.0058479532, 0, 0, 0 
2015-02-12T05:02:30, 33.0093406593, 0, 0, 0 
2015-02-12T05:07:30, 33.047027027, 0, 0, 0 
2015-02-12T05:12:30, 33.0497005988, 0, 0, 0 
2015-02-12T05:17:30, 33.0704918033, 0, 0, 0 
2015-02-12T05:22:30, 33.0758064516, 0, 0, 0 
2015-02-12T05:27:30, 33.087037037, 0, 0, 0 
2015-02-12T05:32:30, 33.1202614379, 0, 0, 0 
2015-02-12T05:37:30, 33.1615384615, 0, 0, 0 
2015-02-12T05:42:30, 33.1471698113, 0, 0, 0 
2015-02-12T05:47:30, 33.1053191489, 0, 0, 0 
2015-02-12T05:52:30, 33.1378531073, 0, 0, 0 
2015-02-12T05:57:30, 33.1016216216, 0, 0, 0 
2015-02-12T06:02:30, 33.0869565217, 0, 0, 0 
2015-02-12T06:07:30, 33.0635802469, 0, 0, 0 
2015-02-12T06:12:30, 33.0614906832, 0, 0, 0 
2015-02-12T06:17:30, 33.0585365854, 0, 0, 0 
2015-02-12T06:22:30, 33.0421621622, 0, 0, 0 
2015-02-12T06:27:30, 33.0502645503, 0, 0, 0 
2015-02-12T06:32:30, 33.0894039735, 0, 0, 0 
2015-02-12T06:37:30, 33.1269662921, 0, 0, 0 
2015-02-12T06:42:30, 33.15, 0, 0, 0 
2015-02-12T06:47:30, 33.1519553073, 0, 0, 0 
2015-02-12T06:52:30, 33.1548571429, 0, 0, 0 
2015-02-12T06:57:30, 33.1531073446, 0, 0, 0 
2015-02-12T07:02:30, 33.1770588235, 0, 0, 0 
2015-02-12T07:07:30, 33.2435582822, 0, 0, 0 
2015-02-12T07:12:30, 33.252991453, 0, 0, 0 
2015-02-12T07:17:30, 33.2590909091, 0, 0, 0 
2015-02-12T07:22:30, 33.2411428571, 0, 0, 0 
2015-02-12T07:27:30, 33.1830188679, 0, 0, 0 
2015-02-12T07:32:30, 33.151572327, 0, 0, 0 
2015-02-12T07:37:30, 33.1813953488, 0, 0, 0 
2015-02-12T07:42:30, 33.15, 0, 0, 0 
2015-02-12T07:47:30, 33.2362068966, 0, 0, 0 
2015-02-12T07:52:30, 33.2266233766, 0, 0, 0 
2015-02-12T07:57:30, 33.2098159509, 0, 0, 0 
2015-02-12T08:02:30, 33.1698412698, 0, 0, 0 
2015-02-12T08:07:30, 33.1462068966, 0, 0, 0 
2015-02-12T08:12:30, 33.1609756098, 0, 0, 0 
2015-02-12T08:17:30, 33.2413793103, 0, 0, 0 
2015-02-12T08:22:30, 33.3006410256, 0, 0, 0 
2015-02-12T08:27:30, 33.2720930233, 0, 0, 0 
2015-02-12T08:32:30, 33.2982142857, 0, 0, 0 
2015-02-12T08:37:30, 33.2595375723, 0, 0, 0 
2015-02-12T08:42:30, 33.1810218978, 0, 0, 0 
2015-02-12T08:47:30, 33.2125603865, 0, 0, 0 
2015-02-12T08:52:30, 33.1904761905, 0, 0, 0 
2015-02-12T08:57:30, 33.15, 0, 0, 0 
2015-02-12T09:02:30, 33.1217948718, 0, 0, 0 
2015-02-12T09:07:30, 33.1186528497, 0, 0, 0 
2015-02-12T09:12:30, 33.1213483146, 0, 0, 0 
2015-02-12T09:17:30, 33.1111764706, 0, 0, 0 
2015-02-12T09:22:30, 33.0684563758, 0, 0, 0 
2015-02-12T09:27:30, 33.0919354839, 0, 0, 0 
2015-02-12T09:32:30, 33.0538461538, 0, 0, 0 
2015-02-12T09:37:30, 33.0522222222, 0, 0, 0 
2015-02-12T09:42:30, 33.1193069307, 0, 0, 0 
2015-02-12T09:47:30, 33.1290909091, 0, 0, 0 
2015-02-12T09:52:30, 33.1485549133, 0, 0, 0 
2015-02-12T09:57:30, 33.1742138365, 0, 0, 0 
2015-02-12T10:02:30, 33.1692857143, 0, 0, 0 
2015-02-12T10:07:30, 33.2006802721, 0, 0, 0 
2015-02-12T10:12:30, 33.1971098266, 0, 0, 0 
2015-02-12T10:17:30, 33.1615384615, 0, 0, 0 
2015-02-12T10:22:30, 33.1366459627, 0, 0, 0 
2015-02-12T10:27:30, 33.1315436242, 0, 0, 0 
2015-02-12T10:32:30, 33.1124260355, 0, 0, 0 
2015-02-12T10:37:30, 33.1277777778, 0, 0, 0 
2015-02-12T10:42:30, 33.0965116279, 0, 0, 0 
2015-02-12T10:47:30, 33.0507692308, 0, 0, 0 
2015-02-12T10:52:30, 33.0469273743, 0, 0, 0 
2015-02-12T10:57:30, 32.9937142857, 0, 0, 0 
2015-02-12T11:02:30, 32.9644171779, 0, 0, 0 
2015-02-12T11:07:30, 32.9731428571, 0, 0, 0 
2015-02-12T11:12:30, 32.9971098266, 0, 0, 0 
2015-02-12T11:17:30, 32.9586956522, 0, 0, 0 
2015-02-12T11:22:30, 32.9660493827, 0, 0, 0 
2015-02-12T11:27:30, 32.958041958, 0, 0, 0 
2015-02-12T11:32:30, 32.9928176796, 0, 0, 0 
2015-02-12T11:37:30, 32.9601156069, 0, 0, 0 
2015-02-12T11:42:30, 32.9852348993, 0, 0, 0 
2015-02-12T11:47:30, 32.9832298137, 0, 0, 0 
2015-02-12T11:52:30, 32.9660818713, 0, 0, 0 
2015-02-12T11:57:30, 32.9176100629, 0, 0, 0 
2015-02-12T12:02:30, 32.9341317365, 0, 0, 0 
2015-02-12T12:07:30, 32.8994318182, 0, 0, 0 
2015-02-12T12:12:30, 32.9454022989, 0, 0, 0 
2015-02-12T12:17:30, 32.9536723164, 0, 0, 0 
2015-02-12T12:22:30, 32.9497076023, 0, 0, 0 
2015-02-12T12:27:30, 32.9482758621, 0, 0, 0 
2015-02-12T12:32:30, 32.9578034682, 0, 0, 0 
2015-02-12T12:37:30, 32.9464912281, 0, 0, 0 
2015-02-12T12:42:30, 32.9594936709, 0, 0, 0 
2015-02-12T12:47:30, 32.9459459459, 0, 0, 0 
2015-02-12T12:52:30, 32.9097701149, 0, 0, 0 
2015-02-12T12:57:30, 32.9282208589, 0, 0, 0 
2015-02-12T13:02:30, 32.9018867925, 0, 0, 0 
2015-02-12T13:07:30, 32.8843575419, 0, 0, 0 
2015-02-12T13:12:30, 32.887037037, 0, 0, 0 
2015-02-12T13:17:30, 32.8425149701, 0, 0, 0 
2015-02-12T13:22:30, 32.8594285714, 0, 0, 0 
2015-02-12T13:27:30, 32.8145348837, 0, 0, 0 
2015-02-12T13:32:30, 32.8569148936, 0, 0, 0 
2015-02-12T13:37:30, 32.8636842105, 0, 0, 0 
2015-02-12T13:42:30, 32.8966480447, 0, 0, 0 
2015-02-12T13:47:30, 32.8831325301, 0, 0, 0 
2015-02-12T13:52:30, 32.8917197452, 0, 0, 0 
2015-02-12T13:57:30, 32.893956044, 0, 0, 0 
2015-02-12T14:02:30, 32.8437869822, 0, 0, 0 
2015-02-12T14:07:30, 32.8145251397, 0, 0, 0 
2015-02-12T14:12:30, 32.8086206897, 0, 0, 0 
2015-02-12T14:17:30, 32.8006024096, 0, 0, 0 
2015-02-12T14:22:30, 32.7832402235, 0, 0, 0 
2015-02-12T14:27:30, 32.7648809524, 0, 0, 0 
2015-02-12T14:32:30, 32.709202454, 0, 0, 0 
2015-02-12T14:37:30, 32.7801169591, 0, 0, 0 
2015-02-12T14:42:30, 32.7237179487, 0, 0, 0 
2015-02-12T14:47:30, 32.6925465839, 0, 0, 0 
2015-02-12T14:52:30, 32.7035294118, 0, 0, 0 
2015-02-12T14:57:30, 32.7028571429, 0, 0, 0 
2015-02-12T15:02:30, 32.6828947368, 0, 0, 0 
2015-02-12T15:07:30, 32.7068062827, 0, 0, 0 
2015-02-12T15:12:30, 32.73, 0, 0, 0 
2015-02-12T15:17:30, 32.693452381, 0, 0, 0 
2015-02-12T15:22:30, 32.7042944785, 0, 0, 0 
2015-02-12T15:27:30, 32.6272727273, 0, 0, 0 
2015-02-12T15:32:30, 32.6754966887, 0, 0, 0 
2015-02-12T15:37:30, 32.6463276836, 0, 0, 0 
2015-02-12T15:42:30, 32.5994047619, 0, 0, 0 
2015-02-12T15:47:30, 32.6114942529, 0, 0, 0 
2015-02-12T15:52:30, 32.6111888112, 0, 0, 0 
2015-02-12T15:57:30, 32.587150838, 0, 0, 0 
2015-02-12T16:02:30, 32.6382352941, 0, 0, 0 
2015-02-12T16:07:30, 32.590647482, 0, 0, 0 
2015-02-12T16:12:30, 32.6330827068, 0, 0, 0 
2015-02-12T16:17:30, 32.6330827068, 0, 0, 0 
2015-02-12T16:22:30, 32.6330827068, 0, 0, 0 
2015-02-12T16:27:30, 32.6697478992, 0, 0, 0 
2015-02-12T16:32:30, 32.6248484848, 0, 0, 0 
2015-02-12T16:37:30, 32.6790123457, 0, 0, 0 
2015-02-12T16:42:30, 32.6244047619, 0, 0, 0 
2015-02-12T16:47:30, 32.6516666667, 0, 0, 0 
2015-02-12T16:52:30, 32.625748503, 0, 0, 0 
2015-02-12T16:57:30, 32.573255814, 0, 0, 0 
2015-02-12T17:02:30, 32.6055555556, 0, 0, 0 
2015-02-12T17:07:30, 32.5408450704, 0, 0, 0 
2015-02-12T17:12:30, 32.537654321, 0, 0, 0 
2015-02-12T17:17:30, 32.5464646465, 0, 0, 0 
2015-02-12T17:22:30, 32.5041176471, 0, 0, 0 
2015-02-12T17:27:30, 32.5158469945, 0, 0, 0 
2015-02-12T17:32:30, 32.4782608696, 0, 0, 0 
2015-02-12T17:37:30, 32.477173913, 0, 0, 0 
2015-02-12T17:42:30, 32.5311258278, 0, 0, 0 
2015-02-12T17:47:30, 32.4901734104, 0, 0, 0 
2015-02-12T17:52:30, 32.5502702703, 0, 0, 0 
2015-02-12T17:57:30, 32.5430769231, 0, 0, 0 
2015-02-12T18:02:30, 32.5525641026, 0, 0, 0 
2015-02-12T18:07:30, 32.5820359281, 0, 0, 0 
2015-02-12T18:12:30, 32.5729323308, 0, 0, 0 
2015-02-12T18:17:30, 32.5828729282, 0, 0, 0 
2015-02-12T18:22:30, 32.5884615385, 0, 0, 0 
2015-02-12T18:27:30, 32.6914893617, 0, 0, 0 
2015-02-12T18:32:30, 32.7535211268, 0, 0, 0 
2015-02-12T18:37:30, 32.7847953216, 0, 0, 0 
2015-02-12T18:42:30, 32.7815642458, 0, 0, 0 
2015-02-12T18:47:30, 32.7993975904, 0, 0, 0 
2015-02-12T18:52:30, 32.7888888889, 0, 0, 0 
2015-02-12T18:57:30, 32.8205673759, 0, 0, 0 
2015-02-12T19:02:30, 32.8557471264, 0, 0, 0 
2015-02-12T19:07:30, 32.8503225806, 0, 0, 0 
2015-02-12T19:12:30, 32.798265896, 0, 0, 0 
2015-02-12T19:17:30, 32.838121547, 0, 0, 0 
2015-02-12T19:22:30, 32.8680232558, 0, 0, 0 
2015-02-12T19:27:30, 32.9149171271, 0, 0, 0 
2015-02-12T19:32:30, 32.8921052632, 0, 0, 0 
2015-02-12T19:37:30, 32.9018404908, 0, 0, 0 
2015-02-12T19:42:30, 32.8896341463, 0, 0, 0 
2015-02-12T19:47:30, 32.9089820359, 0, 0, 0 
2015-02-12T19:52:30, 32.8578947368, 0, 0, 0 
2015-02-12T19:57:30, 32.9303030303, 0, 0, 0 
2015-02-12T20:02:30, 32.8860962567, 0, 0, 0 
2015-02-12T20:07:30, 32.9083832335, 0, 0, 0 
2015-02-12T20:12:30, 32.9579617834, 0, 0, 0 
2015-02-12T20:17:30, 33.0074285714, 0, 0, 0 
2015-02-12T20:22:30, 33.0226027397, 0, 0, 0 
2015-02-12T20:27:30, 33.0114130435, 0, 0, 0 
2015-02-12T20:32:30, 33.0167741935, 0, 0, 0 
2015-02-12T20:37:30, 32.9976744186, 0, 0, 0 
2015-02-12T20:42:30, 33.0005813953, 0, 0, 0 
2015-02-12T20:47:30, 33.0360946746, 0, 0, 0 
2015-02-12T20:52:30, 33.0606557377, 0, 0, 0 
2015-02-12T20:57:30, 33.0284768212, 0, 0, 0 
2015-02-12T21:02:30, 33.0181818182, 0, 0, 0 
2015-02-12T21:07:30, 32.980794702, 0, 0, 0 
2015-02-12T21:12:30, 33.0218934911, 0, 0, 0 
2015-02-12T21:17:30, 33.0377483444, 0, 0, 0 
2015-02-12T21:22:30, 33.0132596685, 0, 0, 0 
2015-02-12T21:27:30, 33.0046783626, 0, 0, 0 
2015-02-12T21:32:30, 33.0085858586, 0, 0, 0 
2015-02-12T21:37:30, 33.0121621622, 0, 0, 0 
2015-02-12T21:42:30, 33.0523809524, 0, 0, 0 
2015-02-12T21:47:30, 33.0869565217, 0, 0, 0 
2015-02-12T21:52:30, 33.0923976608, 0, 0, 0 
2015-02-12T21:57:30, 33.0987730061, 0, 0, 0 
2015-02-12T22:02:30, 33.1255813953, 0, 0, 0 
2015-02-12T22:07:30, 33.1519736842, 0, 0, 0 
2015-02-12T22:12:30, 33.1668539326, 0, 0, 0 
2015-02-12T22:17:30, 33.1670520231, 0, 0, 0 
2015-02-12T22:22:30, 33.0949367089, 0, 0, 0 
2015-02-12T22:27:30, 33.1488372093, 0, 0, 0 
2015-02-12T22:32:30, 33.1470588235, 0, 0, 0 
2015-02-12T22:37:30, 33.1333333333, 0, 0, 0 
2015-02-12T22:42:30, 33.1557692308, 0, 0, 0 
2015-02-12T22:47:30, 33.1109289617, 0, 0, 0 
2015-02-12T22:52:30, 33.0926136364, 0, 0, 0 
2015-02-12T22:57:30, 33.0950819672, 0, 0, 0 
2015-02-12T23:02:30, 33.0846625767, 0, 0, 0 
2015-02-12T23:07:30, 33.0893048128, 0, 0, 0 
2015-02-12T23:12:30, 33.0955307263, 0, 0, 0 
2015-02-12T23:17:30, 33.1295698925, 0, 0, 0 
2015-02-12T23:22:30, 33.0983516484, 0, 0, 0 
2015-02-12T23:27:30, 33.1479768786, 0, 0, 0 
2015-02-12T23:32:30, 33.1806666667, 0, 0, 0 
2015-02-12T23:37:30, 33.1960674157, 0, 0, 0 
2015-02-12T23:42:30, 33.1854166667, 0, 0, 0 
2015-02-12T23:47:30, 33.230625, 0, 0, 0 
2015-02-12T23:52:30, 33.25, 0, 0, 0 
2015-02-12T23:57:30, 33.2447552448, 0, 0, 0 
2015-02-13T00:02:30, 33.225, 0, 0, 0 
2015-02-13T00:07:30, 33.2456953642, 0, 0, 0 
2015-02-13T00:12:30, 33.2297619048, 0, 0, 0 
2015-02-13T00:17:30, 33.1724137931, 0, 0, 0 
2015-02-13T00:22:30, 33.148630137, 0, 0, 0 
2015-02-13T00:27:30, 33.1557575758, 0, 0, 0 
2015-02-13T00:32:30, 33.1505494505, 0, 0, 0 
2015-02-13T00:37:30, 33.1489932886, 0, 0, 0 
2015-02-13T00:42:30, 33.1512048193, 0, 0, 0 
2015-02-13T00:47:30, 33.1333333333, 0, 0, 0 
2015-02-13T00:52:30, 33.1543209877, 0, 0, 0 
2015-02-13T00:57:30, 33.1838323353, 0, 0, 0 
2015-02-13T01:02:30, 33.1983240223, 0, 0, 0 
2015-02-13T01:07:30, 33.163190184, 0, 0, 0 
2015-02-13T01:12:30, 33.1710526316, 0, 0, 0 
2015-02-13T01:17:30, 33.2093406593, 0, 0, 0 
2015-02-13T01:22:30, 33.2184782609, 0, 0, 0 
2015-02-13T01:27:30, 33.2297468354, 0, 0, 0 
2015-02-13T01:32:30, 33.2153374233, 0, 0, 0 
2015-02-13T01:37:30, 33.2169590643, 0, 0, 0 
2015-02-13T01:42:30, 33.2855072464, 0, 0, 0 
2015-02-13T01:47:30, 33.2385093168, 0, 0, 0 
2015-02-13T01:52:30, 33.2152173913, 0, 0, 0 
2015-02-13T01:57:30, 33.232748538, 0, 0, 0 
2015-02-13T02:02:30, 33.2053571429, 0, 0, 0 
2015-02-13T02:07:30, 33.2594202899, 0, 0, 0 
2015-02-13T02:12:30, 33.2463855422, 0, 0, 0 
2015-02-13T02:17:30, 33.2657534247, 0, 0, 0 
2015-02-13T02:22:30, 33.2783950617, 0, 0, 0 
2015-02-13T02:27:30, 33.2772727273, 0, 0, 0 
2015-02-13T02:32:30, 33.3086092715, 0, 0, 0 
2015-02-13T02:37:30, 33.3023529412, 0, 0, 0 
2015-02-13T02:42:30, 33.2973544974, 0, 0, 0 
2015-02-13T02:47:30, 33.2981132075, 0, 0, 0 
2015-02-13T02:52:30, 33.2869047619, 0, 0, 0 
2015-02-13T02:57:30, 33.2904191617, 0, 0, 0 
2015-02-13T03:02:30, 33.3343195266, 0, 0, 0 
2015-02-13T03:07:30, 33.3251533742, 0, 0, 0 
2015-02-13T03:12:30, 33.3515625, 0, 0, 0 
2015-02-13T03:17:30, 33.3735714286, 0, 0, 0 
2015-02-13T03:22:30, 33.3670391061, 0, 0, 0 
2015-02-13T03:27:30, 33.3720496894, 0, 0, 0 
2015-02-13T03:32:30, 33.4034682081, 0, 0, 0 
2015-02-13T03:37:30, 33.3942528736, 0, 0, 0 
2015-02-13T03:42:30, 33.3764705882, 0, 0, 0 
2015-02-13T03:47:30, 33.3841269841, 0, 0, 0 
2015-02-13T03:52:30, 33.3969543147, 0, 0, 0 
2015-02-13T03:57:30, 33.3648, 0, 0, 0 
2015-02-13T04:02:30, 33.3559210526, 0, 0, 0 
2015-02-13T04:07:30, 33.3227272727, 0, 0, 0 
2015-02-13T04:12:30, 33.3479289941, 0, 0, 0 
2015-02-13T04:17:30, 33.3280701754, 0, 0, 0 
2015-02-13T04:22:30, 33.3549295775, 0, 0, 0 
2015-02-13T04:27:30, 33.3676829268, 0, 0, 0 
2015-02-13T04:32:30, 33.3591715976, 0, 0, 0 
2015-02-13T04:37:30, 33.4017647059, 0, 0, 0 
2015-02-13T04:42:30, 33.3736526946, 0, 0, 0 
2015-02-13T04:47:30, 33.4258064516, 0, 0, 0 
2015-02-13T04:52:30, 33.3932291667, 0, 0, 0 
2015-02-13T04:57:30, 33.36, 0, 0, 0 
2015-02-13T05:02:30, 33.3780821918, 0, 0, 0 
2015-02-13T05:07:30, 33.334591195, 0, 0, 0 
2015-02-13T05:12:30, 33.321, 0, 0, 0 
2015-02-13T05:17:30, 33.3321637427, 0, 0, 0 
2015-02-13T05:22:30, 33.3916666667, 0, 0, 0 
2015-02-13T05:27:30, 33.360130719, 0, 0, 0 
2015-02-13T05:32:30, 33.3976608187, 0, 0, 0 
2015-02-13T05:37:30, 33.4258241758, 0, 0, 0 
2015-02-13T05:42:30, 33.4355029586, 0, 0, 0 
2015-02-13T05:47:30, 33.4422222222, 0, 0, 0 
2015-02-13T05:52:30, 33.4275590551, 0, 0, 0 
2015-02-13T05:57:30, 33.3934065934, 0, 0, 0 
2015-02-13T06:02:30, 33.4228426396, 0, 0, 0 
2015-02-13T06:07:30, 33.3982142857, 0, 0, 0 
2015-02-13T06:12:30, 33.386875, 0, 0, 0 
2015-02-13T06:17:30, 33.3585635359, 0, 0, 0 
2015-02-13T06:22:30, 33.41, 0, 0, 0 
2015-02-13T06:27:30, 33.4367816092, 0, 0, 0 
2015-02-13T06:32:30, 33.3705521472, 0, 0, 0 
2015-02-13T06:37:30, 33.3671052632, 0, 0, 0 
2015-02-13T06:42:30, 33.4192771084, 0, 0, 0 
2015-02-13T06:47:30, 33.4477011494, 0, 0, 0 
2015-02-13T06:52:30, 33.4697674419, 0, 0, 0 
2015-02-13T06:57:30, 33.4867924528, 0, 0, 0 
2015-02-13T07:02:30, 33.55, 0, 0, 0 
2015-02-13T07:07:30, 33.5699453552, 0, 0, 0 
2015-02-13T07:12:30, 33.5497109827, 0, 0, 0 
2015-02-13T07:17:30, 33.5584337349, 0, 0, 0 
2015-02-13T07:22:30, 33.5345360825, 0, 0, 0 
2015-02-13T07:27:30, 33.5090909091, 0, 0, 0 
2015-02-13T07:32:30, 33.4764705882, 0, 0, 0 
2015-02-13T07:37:30, 33.4670520231, 0, 0, 0 
2015-02-13T07:42:30, 33.4661764706, 0, 0, 0 
2015-02-13T07:47:30, 33.4596638655, 0, 0, 0 
2015-02-13T07:52:30, 33.4716535433, 0, 0, 0 
2015-02-13T07:57:30, 33.4817679558, 0, 0, 0 
2015-02-13T08:02:30, 33.4961956522, 0, 0, 0 
2015-02-13T08:07:30, 33.5016483516, 0, 0, 0 
2015-02-13T08:12:30, 33.4670391061, 0, 0, 0 
2015-02-13T08:17:30, 33.5031446541, 0, 0, 0 
2015-02-13T08:22:30, 33.5120481928, 0, 0, 0 
2015-02-13T08:27:30, 33.5793296089, 0, 0, 0 
2015-02-13T08:32:30, 33.6666666667, 0, 0, 0 
2015-02-13T08:37:30, 33.6666666667, 0, 0, 0 
2015-02-13T08:42:30, 33.6666666667, 0, 0, 0 
2015-02-13T08:47:30, 33.6666666667, 0, 0, 0 
2015-02-13T08:52:30, 33.6666666667, 0, 0, 0 
2015-02-13T08:57:30, 33.6666666667, 0, 0, 0 
2015-02-13T09:02:30, 33.6666666667, 0, 0, 0 
2015-02-13T09:07:30, 33.6666666667, 0, 0, 0 
2015-02-13T09:12:30, 33.6666666667, 0, 0, 0 
2015-02-13T09:17:30, 33.6666666667, 0, 0, 0 
2015-02-13T09:22:30, 33.6666666667, 0, 0, 0 
2015-02-13T09:27:30, 33.6666666667, 0, 0, 0 
2015-02-13T09:32:30, 33.6666666667, 0, 0, 0 
2015-02-13T09:37:30, 33.6666666667, 0, 0, 0 
2015-02-13T09:42:30, 33.6666666667, 0, 0, 0 
2015-02-13T09:47:30, 33.6666666667, 0, 0, 0 
2015-02-13T09:52:30, 33.6666666667, 0, 0, 0 
2015-02-13T09:57:30, 33.6666666667, 0, 0, 0 
2015-02-13T10:02:30, 33.6666666667, 0, 0, 0 
2015-02-13T10:07:30, 33.6666666667, 0, 0, 0 
2015-02-13T10:12:30, 33.6666666667, 0, 0, 0 
2015-02-13T10:17:30, 33.6666666667, 0, 0, 0 
2015-02-13T10:22:30, 33.6666666667, 0, 0, 0 
2015-02-13T10:27:30, 33.6666666667, 0, 0, 0 
2015-02-13T10:32:30, 33.6666666667, 0, 0, 0 
2015-02-13T10:37:30, 33.6666666667, 0, 0, 0 
2015-02-13T10:42:30, 33.6666666667, 0, 0, 0 
2015-02-13T10:47:30, 33.6666666667, 0, 0, 0 
2015-02-13T10:52:30, 33.2456647399, 0, 0, 0 
2015-02-13T10:57:30, 33.2483568075, 0, 0, 0 
2015-02-13T11:02:30, 33.216, 0, 0, 0 
2015-02-13T11:07:30, 33.1973684211, 0, 0, 0 
2015-02-13T11:12:30, 33.23, 0, 0, 0 
2015-02-13T11:17:30, 33.1994505495, 0, 0, 0 
2015-02-13T11:22:30, 33.1938356164, 0, 0, 0 
2015-02-13T11:27:30, 33.2325966851, 0, 0, 0 
2015-02-13T11:32:30, 33.2357142857, 0, 0, 0 
2015-02-13T11:37:30, 33.1966101695, 0, 0, 0 
2015-02-13T11:42:30, 33.2187096774, 0, 0, 0 
2015-02-13T11:47:30, 33.1972375691, 0, 0, 0 
2015-02-13T11:52:30, 33.2036842105, 0, 0, 0 
2015-02-13T11:57:30, 33.2011976048, 0, 0, 0 
2015-02-13T12:02:30, 33.1827586207, 0, 0, 0 
2015-02-13T12:07:30, 33.146, 0, 0, 0 
2015-02-13T12:12:30, 33.1168674699, 0, 0, 0 
2015-02-13T12:17:30, 33.0837349398, 0, 0, 0 
2015-02-13T12:22:30, 33.069924812, 0, 0, 0 
2015-02-13T12:27:30, 33.0664634146, 0, 0, 0 
2015-02-13T12:32:30, 33.059375, 0, 0, 0 
2015-02-13T12:37:30, 33.0478571429, 0, 0, 0 
2015-02-13T12:42:30, 33.0364238411, 0, 0, 0 
2015-02-13T12:47:30, 33.061875, 0, 0, 0 
2015-02-13T12:52:30, 33.0398734177, 0, 0, 0 
2015-02-13T12:57:30, 33.0523560209, 0, 0, 0 
2015-02-13T13:02:30, 33.0104972376, 0, 0, 0 
2015-02-13T13:07:30, 32.9843283582, 0, 0, 0 
2015-02-13T13:12:30, 32.9930232558, 0, 0, 0 
2015-02-13T13:17:30, 32.9867816092, 0, 0, 0 
2015-02-13T13:22:30, 32.9289017341, 0, 0, 0 
2015-02-13T13:27:30, 32.8864130435, 0, 0, 0 
2015-02-13T13:32:30, 32.9163043478, 0, 0, 0 
2015-02-13T13:37:30, 32.8772972973, 0, 0, 0 
2015-02-13T13:42:30, 32.7782122905, 0, 0, 0 
2015-02-13T13:47:30, 32.7781456954, 0, 0, 0 
2015-02-13T13:52:30, 32.7303867403, 0, 0, 0 
2015-02-13T13:57:30, 32.6726804124, 0, 0, 0 
2015-02-13T14:02:30, 32.6754601227, 0, 0, 0 
2015-02-13T14:07:30, 32.7386904762, 0, 0, 0 
2015-02-13T14:12:30, 32.756, 0, 0, 0 
2015-02-13T14:17:30, 32.7252427184, 0, 0, 0 
2015-02-13T14:22:30, 32.7126903553, 0, 0, 0 
2015-02-13T14:27:30, 32.7125786164, 0, 0, 0 
2015-02-13T14:32:30, 32.7424050633, 0, 0, 0 
2015-02-13T14:37:30, 32.8076023392, 0, 0, 0 
2015-02-13T14:42:30, 32.8, 0, 0, 0 
2015-02-13T14:47:30, 32.7893258427, 0, 0, 0 
2015-02-13T14:52:30, 32.8021621622, 0, 0, 0 
2015-02-13T14:57:30, 32.7757225434, 0, 0, 0 
2015-02-13T15:02:30, 32.7631578947, 0, 0, 0 
2015-02-13T15:07:30, 32.7358823529, 0, 0, 0 
2015-02-13T15:12:30, 32.7781690141, 0, 0, 0 
2015-02-13T15:17:30, 32.7893081761, 0, 0, 0 
2015-02-13T15:22:30, 32.7746268657, 0, 0, 0 
2015-02-13T15:27:30, 30.3611111111, 0, 0, 0 
2015-02-13T15:32:30, 28.6916666667, 0, 0, 0 
2015-02-13T15:37:30, 28.1042553191, 0, 0, 0 
2015-02-13T15:42:30, 27.9487179487, 0, 0, 0 
2015-02-13T15:47:30, 27.95, 0, 0, 0 
2015-02-13T15:52:30, 27.95, 0, 0, 0 
2015-02-13T15:57:30, 27.95, 0, 0, 0 
2015-02-13T16:02:30, 27.95, 0, 0, 0 
2015-02-13T16:07:30, 27.95, 0, 0, 0 
2015-02-13T16:12:30, 27.95, 0, 0, 0 
2015-02-13T16:17:30, 27.85, 0, 0, 0 
2015-02-13T16:22:30, 27.85, 0, 0, 0 
2015-02-13T16:27:30, 27.8487804878, 0, 0, 0 
2015-02-13T16:32:30, 27.85, 0, 0, 0 
2015-02-13T16:37:30, 27.85, 0, 0, 0 
2015-02-13T16:42:30, 27.75, 0, 0, 0 
2015-02-13T16:47:30, 27.7, 0, 0, 0 
