# 
# Filename    : /tmp/rfq_pt_h01_ai.txt
# PV name     : RFQ:PT:H01:AI
# From        : 2015-02-06T16:45:01.158839
# To          : 2015-02-13T16:45:01.158839
# queryString : ?pv=mean_300(RFQ:PT:H01:AI)&from=2015-02-06T16%3A45%3A01.158839%2B09%3A00&to=2015-02-13T16%3A45%3A01.158839%2B09%3A00
# hostname    : munjipc0
# host IP     : 127.0.1.1
# 
# time, val, nanos, status, severity
2015-02-06T16:47:30, 3.06321882494, 0, 0, 0 
2015-02-06T16:52:30, 3.06269327752, 0, 0, 0 
2015-02-06T16:57:30, 3.0630684743, 0, 0, 0 
2015-02-06T17:02:30, 3.06191948976, 0, 0, 0 
2015-02-06T17:07:30, 3.06137904156, 0, 0, 0 
2015-02-06T17:12:30, 3.06117137979, 0, 0, 0 
2015-02-06T17:17:30, 3.06191581329, 0, 0, 0 
2015-02-06T17:22:30, 3.06207573975, 0, 0, 0 
2015-02-06T17:27:30, 3.06145818026, 0, 0, 0 
2015-02-06T17:32:30, 3.06159530147, 0, 0, 0 
2015-02-06T17:37:30, 3.06007762477, 0, 0, 0 
2015-02-06T17:42:30, 3.05740228615, 0, 0, 0 
2015-02-06T17:47:30, 3.05693127572, 0, 0, 0 
2015-02-06T17:52:30, 3.05566872139, 0, 0, 0 
2015-02-06T17:57:30, 3.05565540277, 0, 0, 0 
2015-02-06T18:02:30, 3.05518830878, 0, 0, 0 
2015-02-06T18:07:30, 3.05514690607, 0, 0, 0 
2015-02-06T18:12:30, 3.05330609733, 0, 0, 0 
2015-02-06T18:17:30, 3.05373734731, 0, 0, 0 
2015-02-06T18:22:30, 3.05286471222, 0, 0, 0 
2015-02-06T18:27:30, 3.05294984735, 0, 0, 0 
2015-02-06T18:32:30, 3.05267747895, 0, 0, 0 
2015-02-06T18:37:30, 3.05258705667, 0, 0, 0 
2015-02-06T18:42:30, 3.0526021201, 0, 0, 0 
2015-02-06T18:47:30, 3.05238446277, 0, 0, 0 
2015-02-06T18:52:30, 3.0523146622, 0, 0, 0 
2015-02-06T18:57:30, 3.05120914977, 0, 0, 0 
2015-02-06T19:02:30, 3.05121859744, 0, 0, 0 
2015-02-06T19:07:30, 3.050955293, 0, 0, 0 
2015-02-06T19:12:30, 3.05183318074, 0, 0, 0 
2015-02-06T19:17:30, 3.05152484742, 0, 0, 0 
2015-02-06T19:22:30, 3.05180609741, 0, 0, 0 
2015-02-06T19:27:30, 3.0516302822, 0, 0, 0 
2015-02-06T19:32:30, 3.05077382006, 0, 0, 0 
2015-02-06T19:37:30, 3.0491566272, 0, 0, 0 
2015-02-06T19:42:30, 3.05043188631, 0, 0, 0 
2015-02-06T19:47:30, 3.04665187469, 0, 0, 0 
2015-02-06T19:52:30, 3.04808866339, 0, 0, 0 
2015-02-06T19:57:30, 3.04989584751, 0, 0, 0 
2015-02-06T20:02:30, 3.04947463744, 0, 0, 0 
2015-02-06T20:07:30, 3.0504240899, 0, 0, 0 
2015-02-06T20:12:30, 3.0504291953, 0, 0, 0 
2015-02-06T20:17:30, 3.04878342965, 0, 0, 0 
2015-02-06T20:22:30, 3.04943519236, 0, 0, 0 
2015-02-06T20:27:30, 3.04993227994, 0, 0, 0 
2015-02-06T20:32:30, 3.04971619367, 0, 0, 0 
2015-02-06T20:37:30, 3.04914429199, 0, 0, 0 
2015-02-06T20:42:30, 3.04946770467, 0, 0, 0 
2015-02-06T20:47:30, 3.05008193705, 0, 0, 0 
2015-02-06T20:52:30, 3.04983455825, 0, 0, 0 
2015-02-06T20:57:30, 3.04873293027, 0, 0, 0 
2015-02-06T21:02:30, 3.05009039868, 0, 0, 0 
2015-02-06T21:07:30, 3.05057984747, 0, 0, 0 
2015-02-06T21:12:30, 3.05022077772, 0, 0, 0 
2015-02-06T21:17:30, 3.05003932118, 0, 0, 0 
2015-02-06T21:22:30, 3.04965968358, 0, 0, 0 
2015-02-06T21:27:30, 3.05025594505, 0, 0, 0 
2015-02-06T21:32:30, 3.04928393844, 0, 0, 0 
2015-02-06T21:37:30, 3.05108475311, 0, 0, 0 
2015-02-06T21:42:30, 3.05109458429, 0, 0, 0 
2015-02-06T21:47:30, 3.05119429188, 0, 0, 0 
2015-02-06T21:52:30, 3.05179311664, 0, 0, 0 
2015-02-06T21:57:30, 3.05120255014, 0, 0, 0 
2015-02-06T22:02:30, 3.05175742317, 0, 0, 0 
2015-02-06T22:07:30, 3.05164690624, 0, 0, 0 
2015-02-06T22:12:30, 3.05120297244, 0, 0, 0 
2015-02-06T22:17:30, 3.05150566138, 0, 0, 0 
2015-02-06T22:22:30, 3.05147509495, 0, 0, 0 
2015-02-06T22:27:30, 3.05195699026, 0, 0, 0 
2015-02-06T22:32:30, 3.05148964334, 0, 0, 0 
2015-02-06T22:37:30, 3.05128484744, 0, 0, 0 
2015-02-06T22:42:30, 3.0514916507, 0, 0, 0 
2015-02-06T22:47:30, 3.05157301815, 0, 0, 0 
2015-02-06T22:52:30, 3.05155324548, 0, 0, 0 
2015-02-06T22:57:30, 3.05207593435, 0, 0, 0 
2015-02-06T23:02:30, 3.05320507122, 0, 0, 0 
2015-02-06T23:07:30, 3.05236846052, 0, 0, 0 
2015-02-06T23:12:30, 3.05208072975, 0, 0, 0 
2015-02-06T23:17:30, 3.05258384737, 0, 0, 0 
2015-02-06T23:22:30, 3.05322984734, 0, 0, 0 
2015-02-06T23:27:30, 3.05545649463, 0, 0, 0 
2015-02-06T23:32:30, 3.0545572797, 0, 0, 0 
2015-02-06T23:37:30, 3.05386777183, 0, 0, 0 
2015-02-06T23:42:30, 3.05428109729, 0, 0, 0 
2015-02-06T23:47:30, 3.05779984711, 0, 0, 0 
2015-02-06T23:52:30, 3.05578763791, 0, 0, 0 
2015-02-06T23:57:30, 3.05741770427, 0, 0, 0 
2015-02-07T00:02:30, 3.05543543005, 0, 0, 0 
2015-02-07T00:07:30, 3.05489442557, 0, 0, 0 
2015-02-07T00:12:30, 3.05535496087, 0, 0, 0 
2015-02-07T00:17:30, 3.05459612056, 0, 0, 0 
2015-02-07T00:22:30, 3.05657702838, 0, 0, 0 
2015-02-07T00:27:30, 3.05673199002, 0, 0, 0 
2015-02-07T00:32:30, 3.05621914543, 0, 0, 0 
2015-02-07T00:37:30, 3.05624546122, 0, 0, 0 
2015-02-07T00:42:30, 3.05593887159, 0, 0, 0 
2015-02-07T00:47:30, 3.05672901383, 0, 0, 0 
2015-02-07T00:52:30, 3.05845297208, 0, 0, 0 
2015-02-07T00:57:30, 3.05970281731, 0, 0, 0 
2015-02-07T01:02:30, 3.05934600088, 0, 0, 0 
2015-02-07T01:07:30, 3.06044429142, 0, 0, 0 
2015-02-07T01:12:30, 3.06037915733, 0, 0, 0 
2015-02-07T01:17:30, 3.05851138554, 0, 0, 0 
2015-02-07T01:22:30, 3.05967598338, 0, 0, 0 
2015-02-07T01:27:30, 3.05924984704, 0, 0, 0 
2015-02-07T01:32:30, 3.06082301769, 0, 0, 0 
2015-02-07T01:37:30, 3.06076104099, 0, 0, 0 
2015-02-07T01:42:30, 3.06075827393, 0, 0, 0 
2015-02-07T01:47:30, 3.06078473068, 0, 0, 0 
2015-02-07T01:52:30, 3.06172398484, 0, 0, 0 
2015-02-07T01:57:30, 3.06210622987, 0, 0, 0 
2015-02-07T02:02:30, 3.06190893781, 0, 0, 0 
2015-02-07T02:07:30, 3.06278556115, 0, 0, 0 
2015-02-07T02:12:30, 3.06257797187, 0, 0, 0 
2015-02-07T02:17:30, 3.0640998468, 0, 0, 0 
2015-02-07T02:22:30, 3.06276071643, 0, 0, 0 
2015-02-07T02:27:30, 3.06283318019, 0, 0, 0 
2015-02-07T02:32:30, 3.06200854255, 0, 0, 0 
2015-02-07T02:37:30, 3.06422018577, 0, 0, 0 
2015-02-07T02:42:30, 3.06373093925, 0, 0, 0 
2015-02-07T02:47:30, 3.06457031657, 0, 0, 0 
2015-02-07T02:52:30, 3.06681563613, 0, 0, 0 
2015-02-07T02:57:30, 3.06795333497, 0, 0, 0 
2015-02-07T03:02:30, 3.06652925844, 0, 0, 0 
2015-02-07T03:07:30, 3.06603952924, 0, 0, 0 
2015-02-07T03:12:30, 3.06593166489, 0, 0, 0 
2015-02-07T03:17:30, 3.06786984661, 0, 0, 0 
2015-02-07T03:22:30, 3.06623984669, 0, 0, 0 
2015-02-07T03:27:30, 3.06835960268, 0, 0, 0 
2015-02-07T03:32:30, 3.06623668879, 0, 0, 0 
2015-02-07T03:37:30, 3.06686348302, 0, 0, 0 
2015-02-07T03:42:30, 3.06615163241, 0, 0, 0 
2015-02-07T03:47:30, 3.06817111731, 0, 0, 0 
2015-02-07T03:52:30, 3.06816984659, 0, 0, 0 
2015-02-07T03:57:30, 3.06932593349, 0, 0, 0 
2015-02-07T04:02:30, 3.0693231224, 0, 0, 0 
2015-02-07T04:07:30, 3.07001597553, 0, 0, 0 
2015-02-07T04:12:30, 3.07093204984, 0, 0, 0 
2015-02-07T04:17:30, 3.07085882082, 0, 0, 0 
2015-02-07T04:22:30, 3.07065369262, 0, 0, 0 
2015-02-07T04:27:30, 3.07068380873, 0, 0, 0 
2015-02-07T04:32:30, 3.07048765135, 0, 0, 0 
2015-02-07T04:37:30, 3.07067241284, 0, 0, 0 
2015-02-07T04:42:30, 3.0704220687, 0, 0, 0 
2015-02-07T04:47:30, 3.07048691544, 0, 0, 0 
2015-02-07T04:52:30, 3.07062279729, 0, 0, 0 
2015-02-07T04:57:30, 3.07078432922, 0, 0, 0 
2015-02-07T05:02:30, 3.07079984646, 0, 0, 0 
2015-02-07T05:07:30, 3.07076850318, 0, 0, 0 
2015-02-07T05:12:30, 3.07099238376, 0, 0, 0 
2015-02-07T05:17:30, 3.07071935866, 0, 0, 0 
2015-02-07T05:22:30, 3.07071413218, 0, 0, 0 
2015-02-07T05:27:30, 3.07158521227, 0, 0, 0 
2015-02-07T05:32:30, 3.07098734645, 0, 0, 0 
2015-02-07T05:37:30, 3.07078109646, 0, 0, 0 
2015-02-07T05:42:30, 3.07117653817, 0, 0, 0 
2015-02-07T05:47:30, 3.07079714376, 0, 0, 0 
2015-02-07T05:52:30, 3.07081843053, 0, 0, 0 
2015-02-07T05:57:30, 3.07181691958, 0, 0, 0 
2015-02-07T06:02:30, 3.0711772658, 0, 0, 0 
2015-02-07T06:07:30, 3.07117484644, 0, 0, 0 
2015-02-07T06:12:30, 3.07069075556, 0, 0, 0 
2015-02-07T06:17:30, 3.07090793469, 0, 0, 0 
2015-02-07T06:22:30, 3.07109418607, 0, 0, 0 
2015-02-07T06:27:30, 3.07232447325, 0, 0, 0 
2015-02-07T06:32:30, 3.07123755136, 0, 0, 0 
2015-02-07T06:37:30, 3.07099581419, 0, 0, 0 
2015-02-07T06:42:30, 3.07082757755, 0, 0, 0 
2015-02-07T06:47:30, 3.07174374885, 0, 0, 0 
2015-02-07T06:52:30, 3.07099984645, 0, 0, 0 
2015-02-07T06:57:30, 3.0707437489, 0, 0, 0 
2015-02-07T07:02:30, 3.07095852414, 0, 0, 0 
2015-02-07T07:07:30, 3.07111095756, 0, 0, 0 
2015-02-07T07:12:30, 3.07080666464, 0, 0, 0 
2015-02-07T07:17:30, 3.07068129808, 0, 0, 0 
2015-02-07T07:22:30, 3.07093184645, 0, 0, 0 
2015-02-07T07:27:30, 3.07077365599, 0, 0, 0 
2015-02-07T07:32:30, 3.07212813587, 0, 0, 0 
2015-02-07T07:37:30, 3.07304803912, 0, 0, 0 
2015-02-07T07:42:30, 3.07497578208, 0, 0, 0 
2015-02-07T07:47:30, 3.07198023856, 0, 0, 0 
2015-02-07T07:52:30, 3.07071413218, 0, 0, 0 
2015-02-07T07:57:30, 3.0719293766, 0, 0, 0 
2015-02-07T08:02:30, 3.07139346345, 0, 0, 0 
2015-02-07T08:07:30, 3.07115058174, 0, 0, 0 
2015-02-07T08:12:30, 3.07178715984, 0, 0, 0 
2015-02-07T08:17:30, 3.07411062474, 0, 0, 0 
2015-02-07T08:22:30, 3.07507611743, 0, 0, 0 
2015-02-07T08:27:30, 3.07322469841, 0, 0, 0 
2015-02-07T08:32:30, 3.07227891615, 0, 0, 0 
2015-02-07T08:37:30, 3.07124984644, 0, 0, 0 
2015-02-07T08:42:30, 3.07378688335, 0, 0, 0 
2015-02-07T08:47:30, 3.07213432915, 0, 0, 0 
2015-02-07T08:52:30, 3.07143427266, 0, 0, 0 
2015-02-07T08:57:30, 3.07197826367, 0, 0, 0 
2015-02-07T09:02:30, 3.07395165353, 0, 0, 0 
2015-02-07T09:07:30, 3.0734428843, 0, 0, 0 
2015-02-07T09:12:30, 3.07306651301, 0, 0, 0 
2015-02-07T09:17:30, 3.07603061543, 0, 0, 0 
2015-02-07T09:22:30, 3.07629872887, 0, 0, 0 
2015-02-07T09:27:30, 3.07522610322, 0, 0, 0 
2015-02-07T09:32:30, 3.07513538841, 0, 0, 0 
2015-02-07T09:37:30, 3.07578518652, 0, 0, 0 
2015-02-07T09:42:30, 3.07578411017, 0, 0, 0 
2015-02-07T09:47:30, 3.07678890866, 0, 0, 0 
2015-02-07T09:52:30, 3.07683996244, 0, 0, 0 
2015-02-07T09:57:30, 3.07517127481, 0, 0, 0 
2015-02-07T10:02:30, 3.07615964001, 0, 0, 0 
2015-02-07T10:07:30, 3.07621024223, 0, 0, 0 
2015-02-07T10:12:30, 3.0746127495, 0, 0, 0 
2015-02-07T10:17:30, 3.07647700354, 0, 0, 0 
2015-02-07T10:22:30, 3.07885572841, 0, 0, 0 
2015-02-07T10:27:30, 3.07737081387, 0, 0, 0 
2015-02-07T10:32:30, 3.07615484619, 0, 0, 0 
2015-02-07T10:37:30, 3.07621007346, 0, 0, 0 
2015-02-07T10:42:30, 3.07769173801, 0, 0, 0 
2015-02-07T10:47:30, 3.07700817948, 0, 0, 0 
2015-02-07T10:52:30, 3.07897436834, 0, 0, 0 
2015-02-07T10:57:30, 3.0782039881, 0, 0, 0 
2015-02-07T11:02:30, 3.07832593304, 0, 0, 0 
2015-02-07T11:07:30, 3.07649160442, 0, 0, 0 
2015-02-07T11:12:30, 3.0763103725, 0, 0, 0 
2015-02-07T11:17:30, 3.07671280913, 0, 0, 0 
2015-02-07T11:22:30, 3.07504886586, 0, 0, 0 
2015-02-07T11:27:30, 3.07545468494, 0, 0, 0 
2015-02-07T11:32:30, 3.07540163194, 0, 0, 0 
2015-02-07T11:37:30, 3.07293227879, 0, 0, 0 
2015-02-07T11:42:30, 3.07273865233, 0, 0, 0 
2015-02-07T11:47:30, 3.07552231813, 0, 0, 0 
2015-02-07T11:52:30, 3.07484298351, 0, 0, 0 
2015-02-07T11:57:30, 3.07437984628, 0, 0, 0 
2015-02-07T12:02:30, 3.07782499948, 0, 0, 0 
2015-02-07T12:07:30, 3.07798317943, 0, 0, 0 
2015-02-07T12:12:30, 3.07663959772, 0, 0, 0 
2015-02-07T12:17:30, 3.07581269537, 0, 0, 0 
2015-02-07T12:22:30, 3.07559243881, 0, 0, 0 
2015-02-07T12:27:30, 3.07596138466, 0, 0, 0 
2015-02-07T12:32:30, 3.07597335614, 0, 0, 0 
2015-02-07T12:37:30, 3.07618455957, 0, 0, 0 
2015-02-07T12:42:30, 3.07592841763, 0, 0, 0 
2015-02-07T12:47:30, 3.07521413195, 0, 0, 0 
2015-02-07T12:52:30, 3.07466339767, 0, 0, 0 
2015-02-07T12:57:30, 3.07309359635, 0, 0, 0 
2015-02-07T13:02:30, 3.07548660119, 0, 0, 0 
2015-02-07T13:07:30, 3.07597225999, 0, 0, 0 
2015-02-07T13:12:30, 3.07646138464, 0, 0, 0 
2015-02-07T13:17:30, 3.07543343998, 0, 0, 0 
2015-02-07T13:22:30, 3.07361274955, 0, 0, 0 
2015-02-07T13:27:30, 3.0753540129, 0, 0, 0 
2015-02-07T13:32:30, 3.07299422837, 0, 0, 0 
2015-02-07T13:37:30, 3.07380515604, 0, 0, 0 
2015-02-07T13:42:30, 3.07443227871, 0, 0, 0 
2015-02-07T13:47:30, 3.07594505168, 0, 0, 0 
2015-02-07T13:52:30, 3.07624984619, 0, 0, 0 
2015-02-07T13:57:30, 3.07414888475, 0, 0, 0 
2015-02-07T14:02:30, 3.07195529195, 0, 0, 0 
2015-02-07T14:07:30, 3.07205098276, 0, 0, 0 
2015-02-07T14:12:30, 3.07351670026, 0, 0, 0 
2015-02-07T14:17:30, 3.07450946166, 0, 0, 0 
2015-02-07T14:22:30, 3.07498839587, 0, 0, 0 
2015-02-07T14:27:30, 3.07505666443, 0, 0, 0 
2015-02-07T14:32:30, 3.07567762399, 0, 0, 0 
2015-02-07T14:37:30, 3.07205217198, 0, 0, 0 
2015-02-07T14:42:30, 3.07421343852, 0, 0, 0 
2015-02-07T14:47:30, 3.07661686745, 0, 0, 0 
2015-02-07T14:52:30, 3.07641930927, 0, 0, 0 
2015-02-07T14:57:30, 3.07498830779, 0, 0, 0 
2015-02-07T15:02:30, 3.07509359625, 0, 0, 0 
2015-02-07T15:07:30, 3.07432994337, 0, 0, 0 
2015-02-07T15:12:30, 3.07621308148, 0, 0, 0 
2015-02-07T15:17:30, 3.07531095735, 0, 0, 0 
2015-02-07T15:22:30, 3.0740935963, 0, 0, 0 
2015-02-07T15:27:30, 3.07557754892, 0, 0, 0 
2015-02-07T15:32:30, 3.07212635242, 0, 0, 0 
2015-02-07T15:37:30, 3.07419429073, 0, 0, 0 
2015-02-07T15:42:30, 3.0759139087, 0, 0, 0 
2015-02-07T15:47:30, 3.07257984637, 0, 0, 0 
2015-02-07T15:52:30, 3.07387043454, 0, 0, 0 
2015-02-07T15:57:30, 3.07271479964, 0, 0, 0 
2015-02-07T16:02:30, 3.074214132, 0, 0, 0 
2015-02-07T16:07:30, 3.07352687335, 0, 0, 0 
2015-02-07T16:12:30, 3.07303109635, 0, 0, 0 
2015-02-07T16:17:30, 3.07349984633, 0, 0, 0 
2015-02-07T16:22:30, 3.07222398432, 0, 0, 0 
2015-02-07T16:27:30, 3.07180970556, 0, 0, 0 
2015-02-07T16:32:30, 3.0731536925, 0, 0, 0 
2015-02-07T16:37:30, 3.07189567974, 0, 0, 0 
2015-02-07T16:42:30, 3.07355390038, 0, 0, 0 
2015-02-07T16:47:30, 3.07243053945, 0, 0, 0 
2015-02-07T16:52:30, 3.07403556058, 0, 0, 0 
2015-02-07T16:57:30, 3.07446907705, 0, 0, 0 
2015-02-07T17:02:30, 3.07635890658, 0, 0, 0 
2015-02-07T17:07:30, 3.07701547115, 0, 0, 0 
2015-02-07T17:12:30, 3.07637218661, 0, 0, 0 
2015-02-07T17:17:30, 3.07502274701, 0, 0, 0 
2015-02-07T17:22:30, 3.07369882591, 0, 0, 0 
2015-02-07T17:27:30, 3.07626204131, 0, 0, 0 
2015-02-07T17:32:30, 3.07437696493, 0, 0, 0 
2015-02-07T17:37:30, 3.07391022366, 0, 0, 0 
2015-02-07T17:42:30, 3.07502328375, 0, 0, 0 
2015-02-07T17:47:30, 3.07351632984, 0, 0, 0 
2015-02-07T17:52:30, 3.07444549845, 0, 0, 0 
2015-02-07T17:57:30, 3.07327484634, 0, 0, 0 
2015-02-07T18:02:30, 3.07472711899, 0, 0, 0 
2015-02-07T18:07:30, 3.07189567974, 0, 0, 0 
2015-02-07T18:12:30, 3.07263663882, 0, 0, 0 
2015-02-07T18:17:30, 3.07280098272, 0, 0, 0 
2015-02-07T18:22:30, 3.07210698925, 0, 0, 0 
2015-02-07T18:27:30, 3.0717363329, 0, 0, 0 
2015-02-07T18:32:30, 3.07365609632, 0, 0, 0 
2015-02-07T18:37:30, 3.07495184625, 0, 0, 0 
2015-02-07T18:42:30, 3.0733857159, 0, 0, 0 
2015-02-07T18:47:30, 3.07331037265, 0, 0, 0 
2015-02-07T18:52:30, 3.07286267822, 0, 0, 0 
2015-02-07T18:57:30, 3.07133984643, 0, 0, 0 
2015-02-07T19:02:30, 3.07184400225, 0, 0, 0 
2015-02-07T19:07:30, 3.072629476, 0, 0, 0 
2015-02-07T19:12:30, 3.0722770203, 0, 0, 0 
2015-02-07T19:17:30, 3.07345439178, 0, 0, 0 
2015-02-07T19:22:30, 3.07246280934, 0, 0, 0 
2015-02-07T19:27:30, 3.07151455231, 0, 0, 0 
2015-02-07T19:32:30, 3.07158734642, 0, 0, 0 
2015-02-07T19:37:30, 3.07154984642, 0, 0, 0 
2015-02-07T19:42:30, 3.07245636812, 0, 0, 0 
2015-02-07T19:47:30, 3.07369250687, 0, 0, 0 
2015-02-07T19:52:30, 3.0740878463, 0, 0, 0 
2015-02-07T19:57:30, 3.07367340004, 0, 0, 0 
2015-02-07T20:02:30, 3.07246536362, 0, 0, 0 
2015-02-07T20:07:30, 3.07429672129, 0, 0, 0 
2015-02-07T20:12:30, 3.07479596277, 0, 0, 0 
2015-02-07T20:17:30, 3.07295698921, 0, 0, 0 
2015-02-07T20:22:30, 3.07183130708, 0, 0, 0 
2015-02-07T20:27:30, 3.07186797827, 0, 0, 0 
2015-02-07T20:32:30, 3.07321705945, 0, 0, 0 
2015-02-07T20:37:30, 3.07245903005, 0, 0, 0 
2015-02-07T20:42:30, 3.07299984635, 0, 0, 0 
2015-02-07T20:47:30, 3.07268405689, 0, 0, 0 
2015-02-07T20:52:30, 3.07234075547, 0, 0, 0 
2015-02-07T20:57:30, 3.07293166454, 0, 0, 0 
2015-02-07T21:02:30, 3.07514442456, 0, 0, 0 
2015-02-07T21:07:30, 3.07238480213, 0, 0, 0 
2015-02-07T21:12:30, 3.07218734639, 0, 0, 0 
2015-02-07T21:17:30, 3.07185119776, 0, 0, 0 
2015-02-07T21:22:30, 3.0719373464, 0, 0, 0 
2015-02-07T21:27:30, 3.07249590937, 0, 0, 0 
2015-02-07T21:32:30, 3.07146935862, 0, 0, 0 
2015-02-07T21:37:30, 3.07155596887, 0, 0, 0 
2015-02-07T21:42:30, 3.07328932002, 0, 0, 0 
2015-02-07T21:47:30, 3.07376523093, 0, 0, 0 
2015-02-07T21:52:30, 3.07466402537, 0, 0, 0 
2015-02-07T21:57:30, 3.07546138469, 0, 0, 0 
2015-02-07T22:02:30, 3.07625439164, 0, 0, 0 
2015-02-07T22:07:30, 3.07386031142, 0, 0, 0 
2015-02-07T22:12:30, 3.07302033815, 0, 0, 0 
2015-02-07T22:17:30, 3.07276426944, 0, 0, 0 
2015-02-07T22:22:30, 3.07171196763, 0, 0, 0 
2015-02-07T22:27:30, 3.0723969052, 0, 0, 0 
2015-02-07T22:32:30, 3.07321789145, 0, 0, 0 
2015-02-07T22:37:30, 3.07247648189, 0, 0, 0 
2015-02-07T22:42:30, 3.07121413215, 0, 0, 0 
2015-02-07T22:47:30, 3.07227403993, 0, 0, 0 
2015-02-07T22:52:30, 3.07167257369, 0, 0, 0 
2015-02-07T22:57:30, 3.07141448058, 0, 0, 0 
2015-02-07T23:02:30, 3.07217711912, 0, 0, 0 
2015-02-07T23:07:30, 3.07514467383, 0, 0, 0 
2015-02-07T23:12:30, 3.07387184631, 0, 0, 0 
2015-02-07T23:17:30, 3.07513620988, 0, 0, 0 
2015-02-07T23:22:30, 3.0759998462, 0, 0, 0 
2015-02-07T23:27:30, 3.07512984624, 0, 0, 0 
2015-02-07T23:32:30, 3.07318204973, 0, 0, 0 
2015-02-07T23:37:30, 3.07160795453, 0, 0, 0 
2015-02-07T23:42:30, 3.07129984644, 0, 0, 0 
2015-02-07T23:47:30, 3.07226198231, 0, 0, 0 
2015-02-07T23:52:30, 3.07233734638, 0, 0, 0 
2015-02-07T23:57:30, 3.07177257368, 0, 0, 0 
2015-02-08T00:02:30, 3.07160439187, 0, 0, 0 
2015-02-08T00:07:30, 3.07184984641, 0, 0, 0 
2015-02-08T00:12:30, 3.07296413207, 0, 0, 0 
2015-02-08T00:17:30, 3.07346549518, 0, 0, 0 
2015-02-08T00:22:30, 3.07158775851, 0, 0, 0 
2015-02-08T00:27:30, 3.07247786835, 0, 0, 0 
2015-02-08T00:32:30, 3.07108973409, 0, 0, 0 
2015-02-08T00:37:30, 3.0709939641, 0, 0, 0 
2015-02-08T00:42:30, 3.07078636331, 0, 0, 0 
2015-02-08T00:47:30, 3.07108317978, 0, 0, 0 
2015-02-08T00:52:30, 3.07117043468, 0, 0, 0 
2015-02-08T00:57:30, 3.07121496272, 0, 0, 0 
2015-02-08T01:02:30, 3.07211651306, 0, 0, 0 
2015-02-08T01:07:30, 3.07168253872, 0, 0, 0 
2015-02-08T01:12:30, 3.07119984644, 0, 0, 0 
2015-02-08T01:17:30, 3.07152112302, 0, 0, 0 
2015-02-08T01:22:30, 3.07119429088, 0, 0, 0 
2015-02-08T01:27:30, 3.07152616221, 0, 0, 0 
2015-02-08T01:32:30, 3.07194159398, 0, 0, 0 
2015-02-08T01:37:30, 3.07127011671, 0, 0, 0 
2015-02-08T01:42:30, 3.07164937913, 0, 0, 0 
2015-02-08T01:47:30, 3.07122665056, 0, 0, 0 
2015-02-08T01:52:30, 3.07145589038, 0, 0, 0 
2015-02-08T01:57:30, 3.07164417631, 0, 0, 0 
2015-02-08T02:02:30, 3.0710375823, 0, 0, 0 
2015-02-08T02:07:30, 3.07102278223, 0, 0, 0 
2015-02-08T02:12:30, 3.07129016902, 0, 0, 0 
2015-02-08T02:17:30, 3.07185133156, 0, 0, 0 
2015-02-08T02:22:30, 3.07383455705, 0, 0, 0 
2015-02-08T02:27:30, 3.07269984637, 0, 0, 0 
2015-02-08T02:32:30, 3.07109719158, 0, 0, 0 
2015-02-08T02:37:30, 3.07298303963, 0, 0, 0 
2015-02-08T02:42:30, 3.07252539382, 0, 0, 0 
2015-02-08T02:47:30, 3.07426436242, 0, 0, 0 
2015-02-08T02:52:30, 3.07311768074, 0, 0, 0 
2015-02-08T02:57:30, 3.07142841786, 0, 0, 0 
2015-02-08T03:02:30, 3.07307570842, 0, 0, 0 
2015-02-08T03:07:30, 3.07131584643, 0, 0, 0 
2015-02-08T03:12:30, 3.07168094878, 0, 0, 0 
2015-02-08T03:17:30, 3.07229492835, 0, 0, 0 
2015-02-08T03:22:30, 3.07152969717, 0, 0, 0 
2015-02-08T03:27:30, 3.07137595263, 0, 0, 0 
2015-02-08T03:32:30, 3.07103556073, 0, 0, 0 
2015-02-08T03:37:30, 3.07206681068, 0, 0, 0 
2015-02-08T03:42:30, 3.0719998464, 0, 0, 0 
2015-02-08T03:47:30, 3.07289368197, 0, 0, 0 
2015-02-08T03:52:30, 3.07338282505, 0, 0, 0 
2015-02-08T03:57:30, 3.07435045604, 0, 0, 0 
2015-02-08T04:02:30, 3.07732242678, 0, 0, 0 
2015-02-08T04:07:30, 3.07560590683, 0, 0, 0 
2015-02-08T04:12:30, 3.07459927809, 0, 0, 0 
2015-02-08T04:17:30, 3.07564270336, 0, 0, 0 
2015-02-08T04:22:30, 3.07521626415, 0, 0, 0 
2015-02-08T04:27:30, 3.0729567429, 0, 0, 0 
2015-02-08T04:32:30, 3.07254775056, 0, 0, 0 
2015-02-08T04:37:30, 3.07114270359, 0, 0, 0 
2015-02-08T04:42:30, 3.072211114, 0, 0, 0 
2015-02-08T04:47:30, 3.07277631695, 0, 0, 0 
2015-02-08T04:52:30, 3.07349984633, 0, 0, 0 
2015-02-08T04:57:30, 3.07338446172, 0, 0, 0 
2015-02-08T05:02:30, 3.07382234631, 0, 0, 0 
2015-02-08T05:07:30, 3.07349984633, 0, 0, 0 
2015-02-08T05:12:30, 3.07445439173, 0, 0, 0 
2015-02-08T05:17:30, 3.07278755586, 0, 0, 0 
2015-02-08T05:22:30, 3.07331127491, 0, 0, 0 
2015-02-08T05:27:30, 3.07495615693, 0, 0, 0 
2015-02-08T05:32:30, 3.07628335134, 0, 0, 0 
2015-02-08T05:37:30, 3.07394736011, 0, 0, 0 
2015-02-08T05:42:30, 3.07273587121, 0, 0, 0 
2015-02-08T05:47:30, 3.07245379375, 0, 0, 0 
2015-02-08T05:52:30, 3.07178109641, 0, 0, 0 
2015-02-08T05:57:30, 3.07176362594, 0, 0, 0 
2015-02-08T06:02:30, 3.07279576473, 0, 0, 0 
2015-02-08T06:07:30, 3.07196902448, 0, 0, 0 
2015-02-08T06:12:30, 3.07268166455, 0, 0, 0 
2015-02-08T06:17:30, 3.07366651298, 0, 0, 0 
2015-02-08T06:22:30, 3.07674048787, 0, 0, 0 
2015-02-08T06:27:30, 3.07726115267, 0, 0, 0 
2015-02-08T06:32:30, 3.07316560721, 0, 0, 0 
2015-02-08T06:37:30, 3.07427822466, 0, 0, 0 
2015-02-08T06:42:30, 3.07739824185, 0, 0, 0 
2015-02-08T06:47:30, 3.07877950708, 0, 0, 0 
2015-02-08T06:52:30, 3.07968971943, 0, 0, 0 
2015-02-08T06:57:30, 3.07659359617, 0, 0, 0 
2015-02-08T07:02:30, 3.07420197395, 0, 0, 0 
2015-02-08T07:07:30, 3.07529984624, 0, 0, 0 
2015-02-08T07:12:30, 3.07380962892, 0, 0, 0 
2015-02-08T07:17:30, 3.07586199574, 0, 0, 0 
2015-02-08T07:22:30, 3.07270863757, 0, 0, 0 
2015-02-08T07:27:30, 3.07343280722, 0, 0, 0 
2015-02-08T07:32:30, 3.07175423238, 0, 0, 0 
2015-02-08T07:37:30, 3.07114407721, 0, 0, 0 
2015-02-08T07:42:30, 3.07149322391, 0, 0, 0 
2015-02-08T07:47:30, 3.07206921056, 0, 0, 0 
2015-02-08T07:52:30, 3.0712917719, 0, 0, 0 
2015-02-08T07:57:30, 3.07257002181, 0, 0, 0 
2015-02-08T08:02:30, 3.07571859621, 0, 0, 0 
2015-02-08T08:07:30, 3.07693620979, 0, 0, 0 
2015-02-08T08:12:30, 3.07542841766, 0, 0, 0 
2015-02-08T08:17:30, 3.07463299844, 0, 0, 0 
2015-02-08T08:22:30, 3.07357531802, 0, 0, 0 
2015-02-08T08:27:30, 3.07085746235, 0, 0, 0 
2015-02-08T08:32:30, 3.07136941165, 0, 0, 0 
2015-02-08T08:37:30, 3.07236448727, 0, 0, 0 
2015-02-08T08:42:30, 3.07295747347, 0, 0, 0 
2015-02-08T08:47:30, 3.07277079608, 0, 0, 0 
2015-02-08T08:52:30, 3.07207698925, 0, 0, 0 
2015-02-08T08:57:30, 3.0728019854, 0, 0, 0 
2015-02-08T09:02:30, 3.07207043463, 0, 0, 0 
2015-02-08T09:07:30, 3.07383049147, 0, 0, 0 
2015-02-08T09:12:30, 3.07528109624, 0, 0, 0 
2015-02-08T09:17:30, 3.0753262711, 0, 0, 0 
2015-02-08T09:22:30, 3.07538556052, 0, 0, 0 
2015-02-08T09:27:30, 3.07713481547, 0, 0, 0 
2015-02-08T09:32:30, 3.07651791846, 0, 0, 0 
2015-02-08T09:37:30, 3.07663109617, 0, 0, 0 
2015-02-08T09:42:30, 3.0755054642, 0, 0, 0 
2015-02-08T09:47:30, 3.0766896052, 0, 0, 0 
2015-02-08T09:52:30, 3.07678931984, 0, 0, 0 
2015-02-08T09:57:30, 3.07698610989, 0, 0, 0 
2015-02-08T10:02:30, 3.07653880721, 0, 0, 0 
2015-02-08T10:07:30, 3.07502257352, 0, 0, 0 
2015-02-08T10:12:30, 3.07451798099, 0, 0, 0 
2015-02-08T10:17:30, 3.0721547377, 0, 0, 0 
2015-02-08T10:22:30, 3.07415410161, 0, 0, 0 
2015-02-08T10:27:30, 3.07468796508, 0, 0, 0 
2015-02-08T10:32:30, 3.07423806618, 0, 0, 0 
2015-02-08T10:37:30, 3.07350827329, 0, 0, 0 
2015-02-08T10:42:30, 3.07542949447, 0, 0, 0 
2015-02-08T10:47:30, 3.07423438237, 0, 0, 0 
2015-02-08T10:52:30, 3.07404255987, 0, 0, 0 
2015-02-08T10:57:30, 3.07553387764, 0, 0, 0 
2015-02-08T11:02:30, 3.07782815936, 0, 0, 0 
2015-02-08T11:07:30, 3.0792840187, 0, 0, 0 
2015-02-08T11:12:30, 3.07952112262, 0, 0, 0 
2015-02-08T11:17:30, 3.07814102256, 0, 0, 0 
2015-02-08T11:22:30, 3.07558939846, 0, 0, 0 
2015-02-08T11:27:30, 3.07547393949, 0, 0, 0 
2015-02-08T11:32:30, 3.07834984608, 0, 0, 0 
2015-02-08T11:37:30, 3.07665473747, 0, 0, 0 
2015-02-08T11:42:30, 3.07438548458, 0, 0, 0 
2015-02-08T11:47:30, 3.07325118324, 0, 0, 0 
2015-02-08T11:52:30, 3.0753839042, 0, 0, 0 
2015-02-08T11:57:30, 3.07613399253, 0, 0, 0 
2015-02-08T12:02:30, 3.0773378743, 0, 0, 0 
2015-02-08T12:07:30, 3.07811523071, 0, 0, 0 
2015-02-08T12:12:30, 3.0769189638, 0, 0, 0 
2015-02-08T12:17:30, 3.07527257351, 0, 0, 0 
2015-02-08T12:22:30, 3.07494073295, 0, 0, 0 
2015-02-08T12:27:30, 3.07587994825, 0, 0, 0 
2015-02-08T12:32:30, 3.07720920575, 0, 0, 0 
2015-02-08T12:37:30, 3.07782676919, 0, 0, 0 
2015-02-08T12:42:30, 3.07561460032, 0, 0, 0 
2015-02-08T12:47:30, 3.07669582606, 0, 0, 0 
2015-02-08T12:52:30, 3.07603300946, 0, 0, 0 
2015-02-08T12:57:30, 3.07652316224, 0, 0, 0 
2015-02-08T13:02:30, 3.07544429067, 0, 0, 0 
2015-02-08T13:07:30, 3.07719932801, 0, 0, 0 
2015-02-08T13:12:30, 3.0756944275, 0, 0, 0 
2015-02-08T13:17:30, 3.07614516639, 0, 0, 0 
2015-02-08T13:22:30, 3.07632886173, 0, 0, 0 
2015-02-08T13:27:30, 3.07593142515, 0, 0, 0 
2015-02-08T13:32:30, 3.07642703064, 0, 0, 0 
2015-02-08T13:37:30, 3.07895042745, 0, 0, 0 
2015-02-08T13:42:30, 3.07854530062, 0, 0, 0 
2015-02-08T13:47:30, 3.07953472974, 0, 0, 0 
2015-02-08T13:52:30, 3.07864270321, 0, 0, 0 
2015-02-08T13:57:30, 3.07707905407, 0, 0, 0 
2015-02-08T14:02:30, 3.07806651276, 0, 0, 0 
2015-02-08T14:07:30, 3.0786908573, 0, 0, 0 
2015-02-08T14:12:30, 3.07953830756, 0, 0, 0 
2015-02-08T14:17:30, 3.07964690484, 0, 0, 0 
2015-02-08T14:22:30, 3.07968971943, 0, 0, 0 
2015-02-08T14:27:30, 3.07952600881, 0, 0, 0 
2015-02-08T14:32:30, 3.08024474395, 0, 0, 0 
2015-02-08T14:37:30, 3.08004620361, 0, 0, 0 
2015-02-08T14:42:30, 3.07965501843, 0, 0, 0 
2015-02-08T14:47:30, 3.08014823309, 0, 0, 0 
2015-02-08T14:52:30, 3.08033984598, 0, 0, 0 
2015-02-08T14:57:30, 3.07907769036, 0, 0, 0 
2015-02-08T15:02:30, 3.07983418336, 0, 0, 0 
2015-02-08T15:07:30, 3.07865984607, 0, 0, 0 
2015-02-08T15:12:30, 3.07729172431, 0, 0, 0 
2015-02-08T15:17:30, 3.07723587098, 0, 0, 0 
2015-02-08T15:22:30, 3.07973337895, 0, 0, 0 
2015-02-08T15:27:30, 3.07902093039, 0, 0, 0 
2015-02-08T15:32:30, 3.07878245476, 0, 0, 0 
2015-02-08T15:37:30, 3.07792765359, 0, 0, 0 
2015-02-08T15:42:30, 3.07825134309, 0, 0, 0 
2015-02-08T15:47:30, 3.0781255946, 0, 0, 0 
2015-02-08T15:52:30, 3.07679551924, 0, 0, 0 
2015-02-08T15:57:30, 3.07701300404, 0, 0, 0 
2015-02-08T16:02:30, 3.07771452003, 0, 0, 0 
2015-02-08T16:07:30, 3.07695875026, 0, 0, 0 
2015-02-08T16:12:30, 3.07678161412, 0, 0, 0 
2015-02-08T16:17:30, 3.07527570831, 0, 0, 0 
2015-02-08T16:22:30, 3.07620490237, 0, 0, 0 
2015-02-08T16:27:30, 3.07807833447, 0, 0, 0 
2015-02-08T16:32:30, 3.07668523942, 0, 0, 0 
2015-02-08T16:37:30, 3.07679381601, 0, 0, 0 
2015-02-08T16:42:30, 3.07753493384, 0, 0, 0 
2015-02-08T16:47:30, 3.0780811714, 0, 0, 0 
2015-02-08T16:52:30, 3.0764160473, 0, 0, 0 
2015-02-08T16:57:30, 3.07675239718, 0, 0, 0 
2015-02-08T17:02:30, 3.07633003486, 0, 0, 0 
2015-02-08T17:07:30, 3.07699698901, 0, 0, 0 
2015-02-08T17:12:30, 3.07607576243, 0, 0, 0 
2015-02-08T17:17:30, 3.07480629787, 0, 0, 0 
2015-02-08T17:22:30, 3.07637689536, 0, 0, 0 
2015-02-08T17:27:30, 3.07636974414, 0, 0, 0 
2015-02-08T17:32:30, 3.07429645645, 0, 0, 0 
2015-02-08T17:37:30, 3.0722633599, 0, 0, 0 
2015-02-08T17:42:30, 3.0730517944, 0, 0, 0 
2015-02-08T17:47:30, 3.07382440771, 0, 0, 0 
2015-02-08T17:52:30, 3.07422398422, 0, 0, 0 
2015-02-08T17:57:30, 3.07319783292, 0, 0, 0 
2015-02-08T18:02:30, 3.0762512274, 0, 0, 0 
2015-02-08T18:07:30, 3.0752665129, 0, 0, 0 
2015-02-08T18:12:30, 3.07280540192, 0, 0, 0 
2015-02-08T18:17:30, 3.07338021443, 0, 0, 0 
2015-02-08T18:22:30, 3.07640968225, 0, 0, 0 
2015-02-08T18:27:30, 3.07394151297, 0, 0, 0 
2015-02-08T18:32:30, 3.07283855604, 0, 0, 0 
2015-02-08T18:37:30, 3.07632074171, 0, 0, 0 
2015-02-08T18:42:30, 3.07674858988, 0, 0, 0 
2015-02-08T18:47:30, 3.07649984618, 0, 0, 0 
2015-02-08T18:52:30, 3.07344572262, 0, 0, 0 
2015-02-08T18:57:30, 3.0772983536, 0, 0, 0 
2015-02-08T19:02:30, 3.07639431854, 0, 0, 0 
2015-02-08T19:07:30, 3.07806401722, 0, 0, 0 
2015-02-08T19:12:30, 3.07761578815, 0, 0, 0 
2015-02-08T19:17:30, 3.07943879952, 0, 0, 0 
2015-02-08T19:22:30, 3.08014396364, 0, 0, 0 
2015-02-08T19:27:30, 3.07896841748, 0, 0, 0 
2015-02-08T19:32:30, 3.07801781017, 0, 0, 0 
2015-02-08T19:37:30, 3.07972865957, 0, 0, 0 
2015-02-08T19:42:30, 3.07806436223, 0, 0, 0 
2015-02-08T19:47:30, 3.07580367396, 0, 0, 0 
2015-02-08T19:52:30, 3.07515942071, 0, 0, 0 
2015-02-08T19:57:30, 3.0765626734, 0, 0, 0 
2015-02-08T20:02:30, 3.07508808154, 0, 0, 0 
2015-02-08T20:07:30, 3.07379492828, 0, 0, 0 
2015-02-08T20:12:30, 3.07733035461, 0, 0, 0 
2015-02-08T20:17:30, 3.07357443196, 0, 0, 0 
2015-02-08T20:22:30, 3.07519931433, 0, 0, 0 
2015-02-08T20:27:30, 3.07595304817, 0, 0, 0 
2015-02-08T20:32:30, 3.07596961364, 0, 0, 0 
2015-02-08T20:37:30, 3.07661234617, 0, 0, 0 
2015-02-08T20:42:30, 3.07717444932, 0, 0, 0 
2015-02-08T20:47:30, 3.07849023069, 0, 0, 0 
2015-02-08T20:52:30, 3.07715665088, 0, 0, 0 
2015-02-08T20:57:30, 3.07644073288, 0, 0, 0 
2015-02-08T21:02:30, 3.07503109625, 0, 0, 0 
2015-02-08T21:07:30, 3.07602957593, 0, 0, 0 
2015-02-08T21:12:30, 3.07735459474, 0, 0, 0 
2015-02-08T21:17:30, 3.07799080996, 0, 0, 0 
2015-02-08T21:22:30, 3.0746357686, 0, 0, 0 
2015-02-08T21:27:30, 3.07779604176, 0, 0, 0 
2015-02-08T21:32:30, 3.07771962633, 0, 0, 0 
2015-02-08T21:37:30, 3.07738467759, 0, 0, 0 
2015-02-08T21:42:30, 3.0777136619, 0, 0, 0 
2015-02-08T21:47:30, 3.07795439156, 0, 0, 0 
2015-02-08T21:52:30, 3.07779604176, 0, 0, 0 
2015-02-08T21:57:30, 3.07666907694, 0, 0, 0 
2015-02-08T22:02:30, 3.07930811671, 0, 0, 0 
2015-02-08T22:07:30, 3.07753763682, 0, 0, 0 
2015-02-08T22:12:30, 3.07595767753, 0, 0, 0 
2015-02-08T22:17:30, 3.07672879353, 0, 0, 0 
2015-02-08T22:22:30, 3.07851783169, 0, 0, 0 
2015-02-08T22:27:30, 3.07776243604, 0, 0, 0 
2015-02-08T22:32:30, 3.07899023067, 0, 0, 0 
2015-02-08T22:37:30, 3.07666735886, 0, 0, 0 
2015-02-08T22:42:30, 3.07644530072, 0, 0, 0 
2015-02-08T22:47:30, 3.07892450359, 0, 0, 0 
2015-02-08T22:52:30, 3.07790556039, 0, 0, 0 
2015-02-08T22:57:30, 3.07633591176, 0, 0, 0 
2015-02-08T23:02:30, 3.07868166425, 0, 0, 0 
2015-02-08T23:07:30, 3.07957939148, 0, 0, 0 
2015-02-08T23:12:30, 3.07944079091, 0, 0, 0 
2015-02-08T23:17:30, 3.07853245477, 0, 0, 0 
2015-02-08T23:22:30, 3.07964586372, 0, 0, 0 
2015-02-08T23:27:30, 3.07960241012, 0, 0, 0 
2015-02-08T23:32:30, 3.07828647029, 0, 0, 0 
2015-02-08T23:37:30, 3.07675812431, 0, 0, 0 
2015-02-08T23:42:30, 3.07667331555, 0, 0, 0 
2015-02-08T23:47:30, 3.07736561794, 0, 0, 0 
2015-02-08T23:52:30, 3.07916042998, 0, 0, 0 
2015-02-08T23:57:30, 3.07872467828, 0, 0, 0 
2015-02-09T00:02:30, 3.07591892135, 0, 0, 0 
2015-02-09T00:07:30, 3.07767500535, 0, 0, 0 
2015-02-09T00:12:30, 3.07785374221, 0, 0, 0 
2015-02-09T00:17:30, 3.07774646773, 0, 0, 0 
2015-02-09T00:22:30, 3.07989654022, 0, 0, 0 
2015-02-09T00:27:30, 3.07858950124, 0, 0, 0 
2015-02-09T00:32:30, 3.07971584601, 0, 0, 0 
2015-02-09T00:37:30, 3.07718327809, 0, 0, 0 
2015-02-09T00:42:30, 3.07793503129, 0, 0, 0 
2015-02-09T00:47:30, 3.0793967926, 0, 0, 0 
2015-02-09T00:52:30, 3.07885369221, 0, 0, 0 
2015-02-09T00:57:30, 3.08029484599, 0, 0, 0 
2015-02-09T01:02:30, 3.080526873, 0, 0, 0 
2015-02-09T01:07:30, 3.08063166415, 0, 0, 0 
2015-02-09T01:12:30, 3.08017415792, 0, 0, 0 
2015-02-09T01:17:30, 3.08033808128, 0, 0, 0 
2015-02-09T01:22:30, 3.08012931028, 0, 0, 0 
2015-02-09T01:27:30, 3.08034820664, 0, 0, 0 
2015-02-09T01:32:30, 3.08046314873, 0, 0, 0 
2015-02-09T01:37:30, 3.07828042163, 0, 0, 0 
2015-02-09T01:42:30, 3.07861941129, 0, 0, 0 
2015-02-09T01:47:30, 3.07961931505, 0, 0, 0 
2015-02-09T01:52:30, 3.07994181029, 0, 0, 0 
2015-02-09T01:57:30, 3.07980788172, 0, 0, 0 
2015-02-09T02:02:30, 3.07996972552, 0, 0, 0 
2015-02-09T02:07:30, 3.07976871394, 0, 0, 0 
2015-02-09T02:12:30, 3.07975660277, 0, 0, 0 
2015-02-09T02:17:30, 3.08053109597, 0, 0, 0 
2015-02-09T02:22:30, 3.0801697489, 0, 0, 0 
2015-02-09T02:27:30, 3.07803798169, 0, 0, 0 
2015-02-09T02:32:30, 3.07940609603, 0, 0, 0 
2015-02-09T02:37:30, 3.07986802782, 0, 0, 0 
2015-02-09T02:42:30, 3.08014062269, 0, 0, 0 
2015-02-09T02:47:30, 3.079999846, 0, 0, 0 
2015-02-09T02:52:30, 3.08020952341, 0, 0, 0 
2015-02-09T02:57:30, 3.08027011626, 0, 0, 0 
2015-02-09T03:02:30, 3.080024846, 0, 0, 0 
2015-02-09T03:07:30, 3.0803732637, 0, 0, 0 
2015-02-09T03:12:30, 3.08019359599, 0, 0, 0 
2015-02-09T03:17:30, 3.08011941121, 0, 0, 0 
2015-02-09T03:22:30, 3.07987081375, 0, 0, 0 
2015-02-09T03:27:30, 3.07981303282, 0, 0, 0 
2015-02-09T03:32:30, 3.07987484601, 0, 0, 0 
2015-02-09T03:37:30, 3.08002394238, 0, 0, 0 
2015-02-09T03:42:30, 3.08005030471, 0, 0, 0 
2015-02-09T03:47:30, 3.07993040156, 0, 0, 0 
2015-02-09T03:52:30, 3.08005654703, 0, 0, 0 
2015-02-09T03:57:30, 3.07988873489, 0, 0, 0 
2015-02-09T04:02:30, 3.07996376353, 0, 0, 0 
2015-02-09T04:07:30, 3.07996463473, 0, 0, 0 
2015-02-09T04:12:30, 3.07983317934, 0, 0, 0 
2015-02-09T04:17:30, 3.07989878218, 0, 0, 0 
2015-02-09T04:22:30, 3.07978219895, 0, 0, 0 
2015-02-09T04:27:30, 3.07992437431, 0, 0, 0 
2015-02-09T04:32:30, 3.07985698886, 0, 0, 0 
2015-02-09T04:37:30, 3.08017375903, 0, 0, 0 
2015-02-09T04:42:30, 3.08011348236, 0, 0, 0 
2015-02-09T04:47:30, 3.08054530052, 0, 0, 0 
2015-02-09T04:52:30, 3.08070254867, 0, 0, 0 
2015-02-09T04:57:30, 3.07995817934, 0, 0, 0 
2015-02-09T05:02:30, 3.08009027153, 0, 0, 0 
2015-02-09T05:07:30, 3.08003556028, 0, 0, 0 
2015-02-09T05:12:30, 3.07979984601, 0, 0, 0 
2015-02-09T05:17:30, 3.07985377859, 0, 0, 0 
2015-02-09T05:22:30, 3.07995774074, 0, 0, 0 
2015-02-09T05:27:30, 3.07983124136, 0, 0, 0 
2015-02-09T05:32:30, 3.08039407675, 0, 0, 0 
2015-02-09T05:37:30, 3.0801886215, 0, 0, 0 
2015-02-09T05:42:30, 3.07999512902, 0, 0, 0 
2015-02-09T05:47:30, 3.08023668809, 0, 0, 0 
2015-02-09T05:52:30, 3.08119429038, 0, 0, 0 
2015-02-09T05:57:30, 3.08025774072, 0, 0, 0 
2015-02-09T06:02:30, 3.0801616107, 0, 0, 0 
2015-02-09T06:07:30, 3.0805586695, 0, 0, 0 
2015-02-09T06:12:30, 3.08081389555, 0, 0, 0 
2015-02-09T06:17:30, 3.08036731586, 0, 0, 0 
2015-02-09T06:22:30, 3.07979984601, 0, 0, 0 
2015-02-09T06:27:30, 3.08027984599, 0, 0, 0 
2015-02-09T06:32:30, 3.08052996646, 0, 0, 0 
2015-02-09T06:37:30, 3.08062794514, 0, 0, 0 
2015-02-09T06:42:30, 3.08216473951, 0, 0, 0 
2015-02-09T06:47:30, 3.0812635822, 0, 0, 0 
2015-02-09T06:52:30, 3.08097043419, 0, 0, 0 
2015-02-09T06:57:30, 3.08010401266, 0, 0, 0 
2015-02-09T07:02:30, 3.08030287629, 0, 0, 0 
2015-02-09T07:07:30, 3.08016651266, 0, 0, 0 
2015-02-09T07:12:30, 3.08008845359, 0, 0, 0 
2015-02-09T07:17:30, 3.08034231174, 0, 0, 0 
2015-02-09T07:22:30, 3.07977762379, 0, 0, 0 
2015-02-09T07:27:30, 3.07963620965, 0, 0, 0 
2015-02-09T07:32:30, 3.07979984601, 0, 0, 0 
2015-02-09T07:37:30, 3.07957879339, 0, 0, 0 
2015-02-09T07:42:30, 3.08057484597, 0, 0, 0 
2015-02-09T07:47:30, 3.0803413094, 0, 0, 0 
2015-02-09T07:52:30, 3.08152925769, 0, 0, 0 
2015-02-09T07:57:30, 3.08252463926, 0, 0, 0 
2015-02-09T08:02:30, 3.08225357723, 0, 0, 0 
2015-02-09T08:07:30, 3.08052535618, 0, 0, 0 
2015-02-09T08:12:30, 3.08089484596, 0, 0, 0 
2015-02-09T08:17:30, 3.08185893682, 0, 0, 0 
2015-02-09T08:22:30, 3.08024984599, 0, 0, 0 
2015-02-09T08:27:30, 3.08081427895, 0, 0, 0 
2015-02-09T08:32:30, 3.08302310166, 0, 0, 0 
2015-02-09T08:37:30, 3.08315753815, 0, 0, 0 
2015-02-09T08:42:30, 3.08115774068, 0, 0, 0 
2015-02-09T08:47:30, 3.08311816645, 0, 0, 0 
2015-02-09T08:52:30, 3.08087613462, 0, 0, 0 
2015-02-09T08:57:30, 3.08184359591, 0, 0, 0 
2015-02-09T09:02:30, 3.08177328341, 0, 0, 0 
2015-02-09T09:07:30, 3.08026615033, 0, 0, 0 
2015-02-09T09:12:30, 3.08014799414, 0, 0, 0 
2015-02-09T09:17:30, 3.08039047098, 0, 0, 0 
2015-02-09T09:22:30, 3.08092408838, 0, 0, 0 
2015-02-09T09:27:30, 3.08113873483, 0, 0, 0 
2015-02-09T09:32:30, 3.08093799028, 0, 0, 0 
2015-02-09T09:37:30, 3.08028489271, 0, 0, 0 
2015-02-09T09:42:30, 3.08011348236, 0, 0, 0 
2015-02-09T09:47:30, 3.080062346, 0, 0, 0 
2015-02-09T09:52:30, 3.08014849464, 0, 0, 0 
2015-02-09T09:57:30, 3.08043960501, 0, 0, 0 
2015-02-09T10:02:30, 3.08135119728, 0, 0, 0 
2015-02-09T10:07:30, 3.08056484597, 0, 0, 0 
2015-02-09T10:12:30, 3.08154645609, 0, 0, 0 
2015-02-09T10:17:30, 3.08115325503, 0, 0, 0 
2015-02-09T10:22:30, 3.08125218239, 0, 0, 0 
2015-02-09T10:27:30, 3.08115849979, 0, 0, 0 
2015-02-09T10:32:30, 3.08195133844, 0, 0, 0 
2015-02-09T10:37:30, 3.08437484578, 0, 0, 0 
2015-02-09T10:42:30, 3.08537053539, 0, 0, 0 
2015-02-09T10:47:30, 3.0868383072, 0, 0, 0 
2015-02-09T10:52:30, 3.08629454767, 0, 0, 0 
2015-02-09T10:57:30, 3.08513099328, 0, 0, 0 
2015-02-09T11:02:30, 3.08524984574, 0, 0, 0 
2015-02-09T11:07:30, 3.08371413153, 0, 0, 0 
2015-02-09T11:12:30, 3.08314492356, 0, 0, 0 
2015-02-09T11:17:30, 3.08439228764, 0, 0, 0 
2015-02-09T11:22:30, 3.08561274895, 0, 0, 0 
2015-02-09T11:27:30, 3.08519006313, 0, 0, 0 
2015-02-09T11:32:30, 3.08488008528, 0, 0, 0 
2015-02-09T11:37:30, 3.08522984574, 0, 0, 0 
2015-02-09T11:42:30, 3.08378724739, 0, 0, 0 
2015-02-09T11:47:30, 3.0830043913, 0, 0, 0 
2015-02-09T11:52:30, 3.08462775275, 0, 0, 0 
2015-02-09T11:57:30, 3.0839518458, 0, 0, 0 
2015-02-09T12:02:30, 3.08378335097, 0, 0, 0 
2015-02-09T12:07:30, 3.08545668026, 0, 0, 0 
2015-02-09T12:12:30, 3.08560059199, 0, 0, 0 
2015-02-09T12:17:30, 3.08549984573, 0, 0, 0 
2015-02-09T12:22:30, 3.08403500205, 0, 0, 0 
2015-02-09T12:27:30, 3.08376222205, 0, 0, 0 
2015-02-09T12:32:30, 3.08582963294, 0, 0, 0 
2015-02-09T12:37:30, 3.085802598, 0, 0, 0 
2015-02-09T12:42:30, 3.08351871375, 0, 0, 0 
2015-02-09T12:47:30, 3.0852708381, 0, 0, 0 
2015-02-09T12:52:30, 3.08606741326, 0, 0, 0 
2015-02-09T12:57:30, 3.08348371679, 0, 0, 0 
2015-02-09T13:02:30, 3.08337595203, 0, 0, 0 
2015-02-09T13:07:30, 3.08492711848, 0, 0, 0 
2015-02-09T13:12:30, 3.08355774056, 0, 0, 0 
2015-02-09T13:17:30, 3.08371332896, 0, 0, 0 
2015-02-09T13:22:30, 3.08320863705, 0, 0, 0 
2015-02-09T13:27:30, 3.08344170629, 0, 0, 0 
2015-02-09T13:32:30, 3.08346413154, 0, 0, 0 
2015-02-09T13:37:30, 3.08494549793, 0, 0, 0 
2015-02-09T13:42:30, 3.08463701391, 0, 0, 0 
2015-02-09T13:47:30, 3.08437484578, 0, 0, 0 
2015-02-09T13:52:30, 3.08324984584, 0, 0, 0 
2015-02-09T13:57:30, 3.08324984584, 0, 0, 0 
2015-02-09T14:02:30, 3.08321413155, 0, 0, 0 
2015-02-09T14:07:30, 3.08323897627, 0, 0, 0 
2015-02-09T14:12:30, 3.08329854713, 0, 0, 0 
2015-02-09T14:17:30, 3.08517962102, 0, 0, 0 
2015-02-09T14:22:30, 3.08514919639, 0, 0, 0 
2015-02-09T14:27:30, 3.08438317911, 0, 0, 0 
2015-02-09T14:32:30, 3.08429294923, 0, 0, 0 
2015-02-09T14:37:30, 3.08439025674, 0, 0, 0 
2015-02-09T14:42:30, 3.08354635745, 0, 0, 0 
2015-02-09T14:47:30, 3.08401813848, 0, 0, 0 
2015-02-09T14:52:30, 3.08340346029, 0, 0, 0 
2015-02-09T14:57:30, 3.08353661053, 0, 0, 0 
2015-02-09T15:02:30, 3.08408203758, 0, 0, 0 
2015-02-09T15:07:30, 3.08394812166, 0, 0, 0 
2015-02-09T15:12:30, 3.08358888692, 0, 0, 0 
2015-02-09T15:17:30, 3.08516651241, 0, 0, 0 
2015-02-09T15:22:30, 3.08442616157, 0, 0, 0 
2015-02-09T15:27:30, 3.08337841726, 0, 0, 0 
2015-02-09T15:32:30, 3.0834760363, 0, 0, 0 
2015-02-09T15:37:30, 3.08366113614, 0, 0, 0 
2015-02-09T15:42:30, 3.08386693441, 0, 0, 0 
2015-02-09T15:47:30, 3.08369579176, 0, 0, 0 
2015-02-09T15:52:30, 3.08340395542, 0, 0, 0 
2015-02-09T15:57:30, 3.08329198067, 0, 0, 0 
2015-02-09T16:02:30, 3.08348198868, 0, 0, 0 
2015-02-09T16:07:30, 3.0834861472, 0, 0, 0 
2015-02-09T16:12:30, 3.08342484583, 0, 0, 0 
2015-02-09T16:17:30, 3.08429984579, 0, 0, 0 
2015-02-09T16:22:30, 3.08393556009, 0, 0, 0 
2015-02-09T16:27:30, 3.08503109575, 0, 0, 0 
2015-02-09T16:32:30, 3.08356802764, 0, 0, 0 
2015-02-09T16:37:30, 3.08342631642, 0, 0, 0 
2015-02-09T16:42:30, 3.08357417015, 0, 0, 0 
2015-02-09T16:47:30, 3.08354332408, 0, 0, 0 
2015-02-09T16:52:30, 3.08350642477, 0, 0, 0 
2015-02-09T16:57:30, 3.08386501435, 0, 0, 0 
2015-02-09T17:02:30, 3.08368734582, 0, 0, 0 
2015-02-09T17:07:30, 3.08373435909, 0, 0, 0 
2015-02-09T17:12:30, 3.08474984576, 0, 0, 0 
2015-02-09T17:17:30, 3.08363317915, 0, 0, 0 
2015-02-09T17:22:30, 3.08337750541, 0, 0, 0 
2015-02-09T17:27:30, 3.08321651251, 0, 0, 0 
2015-02-09T17:32:30, 3.08317292276, 0, 0, 0 
2015-02-09T17:37:30, 3.08313620948, 0, 0, 0 
2015-02-09T17:42:30, 3.08331367562, 0, 0, 0 
2015-02-09T17:47:30, 3.08422925755, 0, 0, 0 
2015-02-09T17:52:30, 3.08364878199, 0, 0, 0 
2015-02-09T17:57:30, 3.08457009371, 0, 0, 0 
2015-02-09T18:02:30, 3.08440638784, 0, 0, 0 
2015-02-09T18:07:30, 3.08281859586, 0, 0, 0 
2015-02-09T18:12:30, 3.08430596823, 0, 0, 0 
2015-02-09T18:17:30, 3.08569984572, 0, 0, 0 
2015-02-09T18:22:30, 3.08533003441, 0, 0, 0 
2015-02-09T18:27:30, 3.08600910496, 0, 0, 0 
2015-02-09T18:32:30, 3.08453634212, 0, 0, 0 
2015-02-09T18:37:30, 3.08349984583, 0, 0, 0 
2015-02-09T18:42:30, 3.0820441497, 0, 0, 0 
2015-02-09T18:47:30, 3.08211569955, 0, 0, 0 
2015-02-09T18:52:30, 3.08282127443, 0, 0, 0 
2015-02-09T18:57:30, 3.08221068926, 0, 0, 0 
2015-02-09T19:02:30, 3.08322756861, 0, 0, 0 
2015-02-09T19:07:30, 3.0823963976, 0, 0, 0 
2015-02-09T19:12:30, 3.08271196708, 0, 0, 0 
2015-02-09T19:17:30, 3.08236749294, 0, 0, 0 
2015-02-09T19:22:30, 3.08194366613, 0, 0, 0 
2015-02-09T19:27:30, 3.08207531759, 0, 0, 0 
2015-02-09T19:32:30, 3.08198303918, 0, 0, 0 
2015-02-09T19:37:30, 3.08228393679, 0, 0, 0 
2015-02-09T19:42:30, 3.0835802654, 0, 0, 0 
2015-02-09T19:47:30, 3.0839998458, 0, 0, 0 
2015-02-09T19:52:30, 3.08385795392, 0, 0, 0 
2015-02-09T19:57:30, 3.08530572809, 0, 0, 0 
2015-02-09T20:02:30, 3.08570767704, 0, 0, 0 
2015-02-09T20:07:30, 3.08632925745, 0, 0, 0 
2015-02-09T20:12:30, 3.08619752011, 0, 0, 0 
2015-02-09T20:17:30, 3.08594530025, 0, 0, 0 
2015-02-09T20:22:30, 3.0864472141, 0, 0, 0 
2015-02-09T20:27:30, 3.0860248457, 0, 0, 0 
2015-02-09T20:32:30, 3.08429478961, 0, 0, 0 
2015-02-09T20:37:30, 3.08544359573, 0, 0, 0 
2015-02-09T20:42:30, 3.08505812796, 0, 0, 0 
2015-02-09T20:47:30, 3.08388114077, 0, 0, 0 
2015-02-09T20:52:30, 3.0837855601, 0, 0, 0 
2015-02-09T20:57:30, 3.08304620346, 0, 0, 0 
2015-02-09T21:02:30, 3.08429602413, 0, 0, 0 
2015-02-09T21:07:30, 3.08370176889, 0, 0, 0 
2015-02-09T21:12:30, 3.08324420674, 0, 0, 0 
2015-02-09T21:17:30, 3.08266091969, 0, 0, 0 
2015-02-09T21:22:30, 3.08362222344, 0, 0, 0 
2015-02-09T21:27:30, 3.08293109585, 0, 0, 0 
2015-02-09T21:32:30, 3.08270753817, 0, 0, 0 
2015-02-09T21:37:30, 3.08512484574, 0, 0, 0 
2015-02-09T21:42:30, 3.08530876293, 0, 0, 0 
2015-02-09T21:47:30, 3.0853702161, 0, 0, 0 
2015-02-09T21:52:30, 3.08606008666, 0, 0, 0 
2015-02-09T21:57:30, 3.08758193517, 0, 0, 0 
2015-02-09T22:02:30, 3.08644984568, 0, 0, 0 
2015-02-09T22:07:30, 3.08670183242, 0, 0, 0 
2015-02-09T22:12:30, 3.08758124097, 0, 0, 0 
2015-02-09T22:17:30, 3.08586348207, 0, 0, 0 
2015-02-09T22:22:30, 3.08482528955, 0, 0, 0 
2015-02-09T22:27:30, 3.08679926426, 0, 0, 0 
2015-02-09T22:32:30, 3.08380504061, 0, 0, 0 
2015-02-09T22:37:30, 3.08277984586, 0, 0, 0 
2015-02-09T22:42:30, 3.08549984573, 0, 0, 0 
2015-02-09T22:47:30, 3.08607452102, 0, 0, 0 
2015-02-09T22:52:30, 3.08433317912, 0, 0, 0 
2015-02-09T22:57:30, 3.08273198872, 0, 0, 0 
2015-02-09T23:02:30, 3.08400904825, 0, 0, 0 
2015-02-09T23:07:30, 3.08361413153, 0, 0, 0 
2015-02-09T23:12:30, 3.08427869194, 0, 0, 0 
2015-02-09T23:17:30, 3.08218784589, 0, 0, 0 
2015-02-09T23:22:30, 3.08271708724, 0, 0, 0 
2015-02-09T23:27:30, 3.08234384588, 0, 0, 0 
2015-02-09T23:32:30, 3.08280596831, 0, 0, 0 
2015-02-09T23:37:30, 3.0815933711, 0, 0, 0 
2015-02-09T23:42:30, 3.08159258786, 0, 0, 0 
2015-02-09T23:47:30, 3.08161298461, 0, 0, 0 
2015-02-09T23:52:30, 3.08196695116, 0, 0, 0 
2015-02-09T23:57:30, 3.08156384592, 0, 0, 0 
2015-02-10T00:02:30, 3.08160468463, 0, 0, 0 
2015-02-10T00:07:30, 3.08172676899, 0, 0, 0 
2015-02-10T00:12:30, 3.08148446131, 0, 0, 0 
2015-02-10T00:17:30, 3.08121967353, 0, 0, 0 
2015-02-10T00:22:30, 3.08152853445, 0, 0, 0 
2015-02-10T00:27:30, 3.08150902024, 0, 0, 0 
2015-02-10T00:32:30, 3.081483317, 0, 0, 0 
2015-02-10T00:37:30, 3.08251300377, 0, 0, 0 
2015-02-10T00:42:30, 3.08212214805, 0, 0, 0 
2015-02-10T00:47:30, 3.08180472396, 0, 0, 0 
2015-02-10T00:52:30, 3.08161911197, 0, 0, 0 
2015-02-10T00:57:30, 3.0820698459, 0, 0, 0 
2015-02-10T01:02:30, 3.08408756509, 0, 0, 0 
2015-02-10T01:07:30, 3.08209473641, 0, 0, 0 
2015-02-10T01:12:30, 3.08198897634, 0, 0, 0 
2015-02-10T01:17:30, 3.08267984587, 0, 0, 0 
2015-02-10T01:22:30, 3.08140369208, 0, 0, 0 
2015-02-10T01:27:30, 3.08186178621, 0, 0, 0 
2015-02-10T01:32:30, 3.08187484591, 0, 0, 0 
2015-02-10T01:37:30, 3.08252443604, 0, 0, 0 
2015-02-10T01:42:30, 3.08159390533, 0, 0, 0 
2015-02-10T01:47:30, 3.08167274311, 0, 0, 0 
2015-02-10T01:52:30, 3.0825220681, 0, 0, 0 
2015-02-10T01:57:30, 3.08246747178, 0, 0, 0 
2015-02-10T02:02:30, 3.08295554205, 0, 0, 0 
2015-02-10T02:07:30, 3.08310795395, 0, 0, 0 
2015-02-10T02:12:30, 3.08350303054, 0, 0, 0 
2015-02-10T02:17:30, 3.0826331792, 0, 0, 0 
2015-02-10T02:22:30, 3.08300893676, 0, 0, 0 
2015-02-10T02:27:30, 3.08297353006, 0, 0, 0 
2015-02-10T02:32:30, 3.08218405642, 0, 0, 0 
2015-02-10T02:37:30, 3.08287484586, 0, 0, 0 
2015-02-10T02:42:30, 3.08315738009, 0, 0, 0 
2015-02-10T02:47:30, 3.08454151244, 0, 0, 0 
2015-02-10T02:52:30, 3.08612265271, 0, 0, 0 
2015-02-10T02:57:30, 3.08594052367, 0, 0, 0 
2015-02-10T03:02:30, 3.08519302756, 0, 0, 0 
2015-02-10T03:07:30, 3.0868112229, 0, 0, 0 
2015-02-10T03:12:30, 3.08682565211, 0, 0, 0 
2015-02-10T03:17:30, 3.08651455156, 0, 0, 0 
2015-02-10T03:22:30, 3.08434599963, 0, 0, 0 
2015-02-10T03:27:30, 3.08267098681, 0, 0, 0 
2015-02-10T03:32:30, 3.08376120945, 0, 0, 0 
2015-02-10T03:37:30, 3.08340800909, 0, 0, 0 
2015-02-10T03:42:30, 3.08315044825, 0, 0, 0 
2015-02-10T03:47:30, 3.08167653765, 0, 0, 0 
2015-02-10T03:52:30, 3.08324487895, 0, 0, 0 
2015-02-10T03:57:30, 3.08499058649, 0, 0, 0 
2015-02-10T04:02:30, 3.08545908486, 0, 0, 0 
2015-02-10T04:07:30, 3.0847094266, 0, 0, 0 
2015-02-10T04:12:30, 3.0852697321, 0, 0, 0 
2015-02-10T04:17:30, 3.08481487466, 0, 0, 0 
2015-02-10T04:22:30, 3.08418734579, 0, 0, 0 
2015-02-10T04:27:30, 3.0844147394, 0, 0, 0 
2015-02-10T04:32:30, 3.08211729556, 0, 0, 0 
2015-02-10T04:37:30, 3.0823233753, 0, 0, 0 
2015-02-10T04:42:30, 3.08248984588, 0, 0, 0 
2015-02-10T04:47:30, 3.08283787403, 0, 0, 0 
2015-02-10T04:52:30, 3.08362063234, 0, 0, 0 
2015-02-10T04:57:30, 3.08554642957, 0, 0, 0 
2015-02-10T05:02:30, 3.08400872154, 0, 0, 0 
2015-02-10T05:07:30, 3.0841636389, 0, 0, 0 
2015-02-10T05:12:30, 3.0859010085, 0, 0, 0 
2015-02-10T05:17:30, 3.08565439117, 0, 0, 0 
2015-02-10T05:22:30, 3.08706466046, 0, 0, 0 
2015-02-10T05:27:30, 3.08624984569, 0, 0, 0 
2015-02-10T05:32:30, 3.08561586782, 0, 0, 0 
2015-02-10T05:37:30, 3.08575791023, 0, 0, 0 
2015-02-10T05:42:30, 3.08422626088, 0, 0, 0 
2015-02-10T05:47:30, 3.08343022558, 0, 0, 0 
2015-02-10T05:52:30, 3.08315116163, 0, 0, 0 
2015-02-10T05:57:30, 3.08247943771, 0, 0, 0 
2015-02-10T06:02:30, 3.08218343964, 0, 0, 0 
2015-02-10T06:07:30, 3.08292699817, 0, 0, 0 
2015-02-10T06:12:30, 3.08232911418, 0, 0, 0 
2015-02-10T06:17:30, 3.08215283097, 0, 0, 0 
2015-02-10T06:22:30, 3.08307337526, 0, 0, 0 
2015-02-10T06:27:30, 3.08337193885, 0, 0, 0 
2015-02-10T06:32:30, 3.08500778226, 0, 0, 0 
2015-02-10T06:37:30, 3.08383698867, 0, 0, 0 
2015-02-10T06:42:30, 3.08346841726, 0, 0, 0 
2015-02-10T06:47:30, 3.08300621528, 0, 0, 0 
2015-02-10T06:52:30, 3.08351108178, 0, 0, 0 
2015-02-10T06:57:30, 3.08450877435, 0, 0, 0 
2015-02-10T07:02:30, 3.08436319982, 0, 0, 0 
2015-02-10T07:07:30, 3.08437698864, 0, 0, 0 
2015-02-10T07:12:30, 3.08309811174, 0, 0, 0 
2015-02-10T07:17:30, 3.08175532036, 0, 0, 0 
2015-02-10T07:22:30, 3.08215935509, 0, 0, 0 
2015-02-10T07:27:30, 3.08363951062, 0, 0, 0 
2015-02-10T07:32:30, 3.08387070673, 0, 0, 0 
2015-02-10T07:37:30, 3.08498531087, 0, 0, 0 
2015-02-10T07:42:30, 3.08492537767, 0, 0, 0 
2015-02-10T07:47:30, 3.08397442207, 0, 0, 0 
2015-02-10T07:52:30, 3.08429645595, 0, 0, 0 
2015-02-10T07:57:30, 3.08277413158, 0, 0, 0 
2015-02-10T08:02:30, 3.08375143817, 0, 0, 0 
2015-02-10T08:07:30, 3.08396705892, 0, 0, 0 
2015-02-10T08:12:30, 3.0843200705, 0, 0, 0 
2015-02-10T08:17:30, 3.08255574649, 0, 0, 0 
2015-02-10T08:22:30, 3.0826082796, 0, 0, 0 
2015-02-10T08:27:30, 3.08334955682, 0, 0, 0 
2015-02-10T08:32:30, 3.08207276256, 0, 0, 0 
2015-02-10T08:37:30, 3.08214567923, 0, 0, 0 
2015-02-10T08:42:30, 3.08248889697, 0, 0, 0 
2015-02-10T08:47:30, 3.08200309265, 0, 0, 0 
2015-02-10T08:52:30, 3.08161495383, 0, 0, 0 
2015-02-10T08:57:30, 3.08280952328, 0, 0, 0 
2015-02-10T09:02:30, 3.08354984582, 0, 0, 0 
2015-02-10T09:07:30, 3.08428109579, 0, 0, 0 
2015-02-10T09:12:30, 3.08643620931, 0, 0, 0 
2015-02-10T09:17:30, 3.08418329903, 0, 0, 0 
2015-02-10T09:22:30, 3.0824577898, 0, 0, 0 
2015-02-10T09:27:30, 3.0852516443, 0, 0, 0 
2015-02-10T09:32:30, 3.08569599956, 0, 0, 0 
2015-02-10T09:37:30, 3.08576728757, 0, 0, 0 
2015-02-10T09:42:30, 3.08497043399, 0, 0, 0 
2015-02-10T09:47:30, 3.08392703027, 0, 0, 0 
2015-02-10T09:52:30, 3.0873246864, 0, 0, 0 
2015-02-10T09:57:30, 3.08468166395, 0, 0, 0 
2015-02-10T10:02:30, 3.08650315693, 0, 0, 0 
2015-02-10T10:07:30, 3.08523317907, 0, 0, 0 
2015-02-10T10:12:30, 3.08408411546, 0, 0, 0 
2015-02-10T10:17:30, 3.08340682257, 0, 0, 0 
2015-02-10T10:22:30, 3.08371859581, 0, 0, 0 
2015-02-10T10:27:30, 3.08318317917, 0, 0, 0 
2015-02-10T10:32:30, 3.08321118605, 0, 0, 0 
2015-02-10T10:37:30, 3.08319215353, 0, 0, 0 
2015-02-10T10:42:30, 3.08321923359, 0, 0, 0 
2015-02-10T10:47:30, 3.08362105794, 0, 0, 0 
2015-02-10T10:52:30, 3.0832792576, 0, 0, 0 
2015-02-10T10:57:30, 3.08353432858, 0, 0, 0 
2015-02-10T11:02:30, 3.08324122515, 0, 0, 0 
2015-02-10T11:07:30, 3.08703004699, 0, 0, 0 
2015-02-10T11:12:30, 3.09169059686, 0, 0, 0 
2015-02-10T11:17:30, 3.09305753765, 0, 0, 0 
2015-02-10T11:22:30, 3.09301984535, 0, 0, 0 
2015-02-10T11:27:30, 3.09313532921, 0, 0, 0 
2015-02-10T11:32:30, 3.09362322194, 0, 0, 0 
2015-02-10T11:37:30, 3.09891557539, 0, 0, 0 
2015-02-10T11:42:30, 3.1036267679, 0, 0, 0 
2015-02-10T11:47:30, 3.10372550853, 0, 0, 0 
2015-02-10T11:52:30, 3.10387863268, 0, 0, 0 
2015-02-10T11:57:30, 3.1041551846, 0, 0, 0 
2015-02-10T12:02:30, 3.10807879196, 0, 0, 0 
2015-02-10T12:07:30, 3.11219475964, 0, 0, 0 
2015-02-10T12:12:30, 3.11396138276, 0, 0, 0 
2015-02-10T12:17:30, 3.11418734429, 0, 0, 0 
2015-02-10T12:22:30, 3.11608236847, 0, 0, 0 
2015-02-10T12:27:30, 3.11944246698, 0, 0, 0 
2015-02-10T12:32:30, 3.12028931767, 0, 0, 0 
2015-02-10T12:37:30, 3.12016330553, 0, 0, 0 
2015-02-10T12:42:30, 3.11990044641, 0, 0, 0 
2015-02-10T12:47:30, 3.11735156827, 0, 0, 0 
2015-02-10T12:52:30, 3.11502423449, 0, 0, 0 
2015-02-10T12:57:30, 3.11466160897, 0, 0, 0 
2015-02-10T13:02:30, 3.1144240867, 0, 0, 0 
2015-02-10T13:07:30, 3.11418555858, 0, 0, 0 
2015-02-10T13:12:30, 3.11374058505, 0, 0, 0 
2015-02-10T13:17:30, 3.11372352852, 0, 0, 0 
2015-02-10T13:22:30, 3.11386191327, 0, 0, 0 
2015-02-10T13:27:30, 3.1132591036, 0, 0, 0 
2015-02-10T13:32:30, 3.11355866785, 0, 0, 0 
2015-02-10T13:37:30, 3.11354984432, 0, 0, 0 
2015-02-10T13:42:30, 3.1127821973, 0, 0, 0 
2015-02-10T13:47:30, 3.11057730926, 0, 0, 0 
2015-02-10T13:52:30, 3.10822850313, 0, 0, 0 
2015-02-10T13:57:30, 3.1051341731, 0, 0, 0 
2015-02-10T14:02:30, 3.10464878094, 0, 0, 0 
2015-02-10T14:07:30, 3.10581187478, 0, 0, 0 
2015-02-10T14:12:30, 3.10485561399, 0, 0, 0 
2015-02-10T14:17:30, 3.10414567813, 0, 0, 0 
2015-02-10T14:22:30, 3.1045831781, 0, 0, 0 
2015-02-10T14:27:30, 3.10485468347, 0, 0, 0 
2015-02-10T14:32:30, 3.10372012453, 0, 0, 0 
2015-02-10T14:37:30, 3.10444627335, 0, 0, 0 
2015-02-10T14:42:30, 3.10550268563, 0, 0, 0 
2015-02-10T14:47:30, 3.10756651129, 0, 0, 0 
2015-02-10T14:52:30, 3.10997466465, 0, 0, 0 
2015-02-10T14:57:30, 3.11043341091, 0, 0, 0 
2015-02-10T15:02:30, 3.11168861993, 0, 0, 0 
2015-02-10T15:07:30, 3.11171413013, 0, 0, 0 
2015-02-10T15:12:30, 3.11324984434, 0, 0, 0 
2015-02-10T15:17:30, 3.1131772637, 0, 0, 0 
2015-02-10T15:22:30, 3.11325742009, 0, 0, 0 
2015-02-10T15:27:30, 3.11324984434, 0, 0, 0 
2015-02-10T15:32:30, 3.11343548789, 0, 0, 0 
2015-02-10T15:37:30, 3.11330510749, 0, 0, 0 
2015-02-10T15:42:30, 3.1134156338, 0, 0, 0 
2015-02-10T15:47:30, 3.1134871861, 0, 0, 0 
2015-02-10T15:52:30, 3.11345106384, 0, 0, 0 
2015-02-10T15:57:30, 3.11361274755, 0, 0, 0 
2015-02-10T16:02:30, 3.11486267612, 0, 0, 0 
2015-02-10T16:07:30, 3.11480247584, 0, 0, 0 
2015-02-10T16:12:30, 3.11393242857, 0, 0, 0 
2015-02-10T16:17:30, 3.11428555857, 0, 0, 0 
2015-02-10T16:22:30, 3.11330984433, 0, 0, 0 
2015-02-10T16:27:30, 3.11325984434, 0, 0, 0 
2015-02-10T16:32:30, 3.11320354804, 0, 0, 0 
2015-02-10T16:37:30, 3.11325790885, 0, 0, 0 
2015-02-10T16:42:30, 3.11324035067, 0, 0, 0 
2015-02-10T16:47:30, 3.11325790885, 0, 0, 0 
2015-02-10T16:52:30, 3.11324984434, 0, 0, 0 
2015-02-10T16:57:30, 3.11324102081, 0, 0, 0 
2015-02-10T17:02:30, 3.1132595846, 0, 0, 0 
2015-02-10T17:07:30, 3.11324141737, 0, 0, 0 
2015-02-10T17:12:30, 3.11314721276, 0, 0, 0 
2015-02-10T17:17:30, 3.11317225813, 0, 0, 0 
2015-02-10T17:22:30, 3.11299434984, 0, 0, 0 
2015-02-10T17:27:30, 3.11322756711, 0, 0, 0 
2015-02-10T17:32:30, 3.11324984434, 0, 0, 0 
2015-02-10T17:37:30, 3.11322799968, 0, 0, 0 
2015-02-10T17:42:30, 3.11318601455, 0, 0, 0 
2015-02-10T17:47:30, 3.11312105647, 0, 0, 0 
2015-02-10T17:52:30, 3.11318984434, 0, 0, 0 
2015-02-10T17:57:30, 3.1131644013, 0, 0, 0 
2015-02-10T18:02:30, 3.11295490053, 0, 0, 0 
2015-02-10T18:07:30, 3.112636208, 0, 0, 0 
2015-02-10T18:12:30, 3.11240609438, 0, 0, 0 
2015-02-10T18:17:30, 3.11315201826, 0, 0, 0 
2015-02-10T18:22:30, 3.1126377754, 0, 0, 0 
2015-02-10T18:27:30, 3.11324010408, 0, 0, 0 
2015-02-10T18:32:30, 3.11324984434, 0, 0, 0 
2015-02-10T18:37:30, 3.11169627299, 0, 0, 0 
2015-02-10T18:42:30, 3.11300877292, 0, 0, 0 
2015-02-10T18:47:30, 3.11161749148, 0, 0, 0 
2015-02-10T18:52:30, 3.11189984441, 0, 0, 0 
2015-02-10T18:57:30, 3.10948270167, 0, 0, 0 
2015-02-10T19:02:30, 3.10593253701, 0, 0, 0 
2015-02-10T19:07:30, 3.10675540022, 0, 0, 0 
2015-02-10T19:12:30, 3.1073583352, 0, 0, 0 
2015-02-10T19:17:30, 3.10739667003, 0, 0, 0 
2015-02-10T19:22:30, 3.10928947868, 0, 0, 0 
2015-02-10T19:27:30, 3.10906881006, 0, 0, 0 
2015-02-10T19:32:30, 3.10736881015, 0, 0, 0 
2015-02-10T19:37:30, 3.10735949375, 0, 0, 0 
2015-02-10T19:42:30, 3.10520609474, 0, 0, 0 
2015-02-10T19:47:30, 3.10617769704, 0, 0, 0 
2015-02-10T19:52:30, 3.10720176772, 0, 0, 0 
2015-02-10T19:57:30, 3.10574080857, 0, 0, 0 
2015-02-10T20:02:30, 3.10523513886, 0, 0, 0 
2015-02-10T20:07:30, 3.1033876953, 0, 0, 0 
2015-02-10T20:12:30, 3.1038291131, 0, 0, 0 
2015-02-10T20:17:30, 3.10352925659, 0, 0, 0 
2015-02-10T20:22:30, 3.10269324109, 0, 0, 0 
2015-02-10T20:27:30, 3.10290609485, 0, 0, 0 
2015-02-10T20:32:30, 3.10289173675, 0, 0, 0 
2015-02-10T20:37:30, 3.10269215256, 0, 0, 0 
2015-02-10T20:42:30, 3.10330072979, 0, 0, 0 
2015-02-10T20:47:30, 3.10256780604, 0, 0, 0 
2015-02-10T20:52:30, 3.10303210291, 0, 0, 0 
2015-02-10T20:57:30, 3.10264984487, 0, 0, 0 
2015-02-10T21:02:30, 3.10267331425, 0, 0, 0 
2015-02-10T21:07:30, 3.10260973498, 0, 0, 0 
2015-02-10T21:12:30, 3.1028791552, 0, 0, 0 
2015-02-10T21:17:30, 3.10281537884, 0, 0, 0 
2015-02-10T21:22:30, 3.10318126077, 0, 0, 0 
2015-02-10T21:27:30, 3.10294795806, 0, 0, 0 
2015-02-10T21:32:30, 3.10310779939, 0, 0, 0 
2015-02-10T21:37:30, 3.1030759318, 0, 0, 0 
2015-02-10T21:42:30, 3.10243442432, 0, 0, 0 
2015-02-10T21:47:30, 3.1025831782, 0, 0, 0 
2015-02-10T21:52:30, 3.10254529942, 0, 0, 0 
2015-02-10T21:57:30, 3.10249984488, 0, 0, 0 
2015-02-10T22:02:30, 3.10242631547, 0, 0, 0 
2015-02-10T22:07:30, 3.10245817821, 0, 0, 0 
2015-02-10T22:12:30, 3.10240190674, 0, 0, 0 
2015-02-10T22:17:30, 3.10256984487, 0, 0, 0 
2015-02-10T22:22:30, 3.10273453874, 0, 0, 0 
2015-02-10T22:27:30, 3.10269572115, 0, 0, 0 
2015-02-10T22:32:30, 3.10264270201, 0, 0, 0 
2015-02-10T22:37:30, 3.10255698773, 0, 0, 0 
2015-02-10T22:42:30, 3.10243087936, 0, 0, 0 
2015-02-10T22:47:30, 3.1024771176, 0, 0, 0 
2015-02-10T22:52:30, 3.10248198773, 0, 0, 0 
2015-02-10T22:57:30, 3.10264270201, 0, 0, 0 
2015-02-10T23:02:30, 3.10262344037, 0, 0, 0 
2015-02-10T23:07:30, 3.10253867982, 0, 0, 0 
2015-02-10T23:12:30, 3.10253449834, 0, 0, 0 
2015-02-10T23:17:30, 3.10261749193, 0, 0, 0 
2015-02-10T23:22:30, 3.10237140451, 0, 0, 0 
2015-02-10T23:27:30, 3.10240083498, 0, 0, 0 
2015-02-10T23:32:30, 3.10237081262, 0, 0, 0 
2015-02-10T23:37:30, 3.1022072917, 0, 0, 0 
2015-02-10T23:42:30, 3.10231715258, 0, 0, 0 
2015-02-10T23:47:30, 3.10241919972, 0, 0, 0 
2015-02-10T23:52:30, 3.10226826594, 0, 0, 0 
2015-02-10T23:57:30, 3.10236129067, 0, 0, 0 
2015-02-11T00:02:30, 3.1023828236, 0, 0, 0 
2015-02-11T00:07:30, 3.10247922632, 0, 0, 0 
2015-02-11T00:12:30, 3.10238808017, 0, 0, 0 
2015-02-11T00:17:30, 3.10246463361, 0, 0, 0 
2015-02-11T00:22:30, 3.1023115332, 0, 0, 0 
2015-02-11T00:27:30, 3.10227403843, 0, 0, 0 
2015-02-11T00:32:30, 3.10248779668, 0, 0, 0 
2015-02-11T00:37:30, 3.10242375792, 0, 0, 0 
2015-02-11T00:42:30, 3.10226871281, 0, 0, 0 
2015-02-11T00:47:30, 3.10237043312, 0, 0, 0 
2015-02-11T00:52:30, 3.1023706314, 0, 0, 0 
2015-02-11T00:57:30, 3.10231651155, 0, 0, 0 
2015-02-11T01:02:30, 3.1010814776, 0, 0, 0 
2015-02-11T01:07:30, 3.10189046991, 0, 0, 0 
2015-02-11T01:12:30, 3.1021979581, 0, 0, 0 
2015-02-11T01:17:30, 3.1023353712, 0, 0, 0 
2015-02-11T01:22:30, 3.10196793001, 0, 0, 0 
2015-02-11T01:27:30, 3.10105736707, 0, 0, 0 
2015-02-11T01:32:30, 3.10040692463, 0, 0, 0 
2015-02-11T01:37:30, 3.09928950021, 0, 0, 0 
2015-02-11T01:42:30, 3.09963683132, 0, 0, 0 
2015-02-11T01:47:30, 3.09852616086, 0, 0, 0 
2015-02-11T01:52:30, 3.10135698779, 0, 0, 0 
2015-02-11T01:57:30, 3.10121355462, 0, 0, 0 
2015-02-11T02:02:30, 3.10233317822, 0, 0, 0 
2015-02-11T02:07:30, 3.10049984498, 0, 0, 0 
2015-02-11T02:12:30, 3.10064984497, 0, 0, 0 
2015-02-11T02:17:30, 3.10143909726, 0, 0, 0 
2015-02-11T02:22:30, 3.10162841635, 0, 0, 0 
2015-02-11T02:27:30, 3.10153620856, 0, 0, 0 
2015-02-11T02:32:30, 3.10234270203, 0, 0, 0 
2015-02-11T02:37:30, 3.10231928933, 0, 0, 0 
2015-02-11T02:42:30, 3.10175927887, 0, 0, 0 
2015-02-11T02:47:30, 3.10231234488, 0, 0, 0 
2015-02-11T02:52:30, 3.10136984493, 0, 0, 0 
2015-02-11T02:57:30, 3.10073285467, 0, 0, 0 
2015-02-11T03:02:30, 3.10127352915, 0, 0, 0 
2015-02-11T03:07:30, 3.10164591233, 0, 0, 0 
2015-02-11T03:12:30, 3.10145588888, 0, 0, 0 
2015-02-11T03:17:30, 3.10034858448, 0, 0, 0 
2015-02-11T03:22:30, 3.09845653799, 0, 0, 0 
2015-02-11T03:27:30, 3.10058521082, 0, 0, 0 
2015-02-11T03:32:30, 3.09898830659, 0, 0, 0 
2015-02-11T03:37:30, 3.10056287018, 0, 0, 0 
2015-02-11T03:42:30, 3.10226455077, 0, 0, 0 
2015-02-11T03:47:30, 3.10154396257, 0, 0, 0 
2015-02-11T03:52:30, 3.10188052672, 0, 0, 0 
2015-02-11T03:57:30, 3.1019998449, 0, 0, 0 
2015-02-11T04:02:30, 3.10190410022, 0, 0, 0 
2015-02-11T04:07:30, 3.10188873379, 0, 0, 0 
2015-02-11T04:12:30, 3.10211749195, 0, 0, 0 
2015-02-11T04:17:30, 3.10072324922, 0, 0, 0 
2015-02-11T04:22:30, 3.10123388749, 0, 0, 0 
2015-02-11T04:27:30, 3.10017552067, 0, 0, 0 
2015-02-11T04:32:30, 3.10141413064, 0, 0, 0 
2015-02-11T04:37:30, 3.10218734489, 0, 0, 0 
2015-02-11T04:42:30, 3.10155124679, 0, 0, 0 
2015-02-11T04:47:30, 3.10128317827, 0, 0, 0 
2015-02-11T04:52:30, 3.1014462735, 0, 0, 0 
2015-02-11T04:57:30, 3.10148317826, 0, 0, 0 
2015-02-11T05:02:30, 3.10176490515, 0, 0, 0 
2015-02-11T05:07:30, 3.09957879239, 0, 0, 0 
2015-02-11T05:12:30, 3.10114075403, 0, 0, 0 
2015-02-11T05:17:30, 3.10153830646, 0, 0, 0 
2015-02-11T05:22:30, 3.0993962736, 0, 0, 0 
2015-02-11T05:27:30, 3.09901055934, 0, 0, 0 
2015-02-11T05:32:30, 3.09709984515, 0, 0, 0 
2015-02-11T05:37:30, 3.09751984512, 0, 0, 0 
2015-02-11T05:42:30, 3.09774529966, 0, 0, 0 
2015-02-11T05:47:30, 3.09866113539, 0, 0, 0 
2015-02-11T05:52:30, 3.09908591062, 0, 0, 0 
2015-02-11T05:57:30, 3.09995439046, 0, 0, 0 
2015-02-11T06:02:30, 3.09773569417, 0, 0, 0 
2015-02-11T06:07:30, 3.10049984498, 0, 0, 0 
2015-02-11T06:12:30, 3.0984710681, 0, 0, 0 
2015-02-11T06:17:30, 3.09782963234, 0, 0, 0 
2015-02-11T06:22:30, 3.09905644882, 0, 0, 0 
2015-02-11T06:27:30, 3.09906234505, 0, 0, 0 
2015-02-11T06:32:30, 3.0979318451, 0, 0, 0 
2015-02-11T06:37:30, 3.09832963232, 0, 0, 0 
2015-02-11T06:42:30, 3.09686826621, 0, 0, 0 
2015-02-11T06:47:30, 3.09741742755, 0, 0, 0 
2015-02-11T06:52:30, 3.09664141143, 0, 0, 0 
2015-02-11T06:57:30, 3.0949522262, 0, 0, 0 
2015-02-11T07:02:30, 3.09433734528, 0, 0, 0 
2015-02-11T07:07:30, 3.09371118552, 0, 0, 0 
2015-02-11T07:12:30, 3.09463079765, 0, 0, 0 
2015-02-11T07:17:30, 3.09546027688, 0, 0, 0 
2015-02-11T07:22:30, 3.09502158438, 0, 0, 0 
2015-02-11T07:27:30, 3.09358521117, 0, 0, 0 
2015-02-11T07:32:30, 3.09377526904, 0, 0, 0 
2015-02-11T07:37:30, 3.09202644114, 0, 0, 0 
2015-02-11T07:42:30, 3.09412484529, 0, 0, 0 
2015-02-11T07:47:30, 3.09235036085, 0, 0, 0 
2015-02-11T07:52:30, 3.09127687246, 0, 0, 0 
2015-02-11T07:57:30, 3.09124984544, 0, 0, 0 
2015-02-11T08:02:30, 3.09196972492, 0, 0, 0 
2015-02-11T08:07:30, 3.09104252837, 0, 0, 0 
2015-02-11T08:12:30, 3.09280287566, 0, 0, 0 
2015-02-11T08:17:30, 3.09501607902, 0, 0, 0 
2015-02-11T08:22:30, 3.09212105752, 0, 0, 0 
2015-02-11T08:27:30, 3.09320087627, 0, 0, 0 
2015-02-11T08:32:30, 3.09236984538, 0, 0, 0 
2015-02-11T08:37:30, 3.09218950056, 0, 0, 0 
2015-02-11T08:42:30, 3.09298734535, 0, 0, 0 
2015-02-11T08:47:30, 3.09195243161, 0, 0, 0 
2015-02-11T08:52:30, 3.09252046393, 0, 0, 0 
2015-02-11T08:57:30, 3.0911759818, 0, 0, 0 
2015-02-11T09:02:30, 3.09416042923, 0, 0, 0 
2015-02-11T09:07:30, 3.09381667699, 0, 0, 0 
2015-02-11T09:12:30, 3.09539145362, 0, 0, 0 
2015-02-11T09:17:30, 3.09606758713, 0, 0, 0 
2015-02-11T09:22:30, 3.09824984509, 0, 0, 0 
2015-02-11T09:27:30, 3.09951665175, 0, 0, 0 
2015-02-11T09:32:30, 3.10029576335, 0, 0, 0 
2015-02-11T09:37:30, 3.09968734502, 0, 0, 0 
2015-02-11T09:42:30, 3.10220870565, 0, 0, 0 
2015-02-11T09:47:30, 3.10330666302, 0, 0, 0 
2015-02-11T09:52:30, 3.10313873373, 0, 0, 0 
2015-02-11T09:57:30, 3.10358958841, 0, 0, 0 
2015-02-11T10:02:30, 3.1081636377, 0, 0, 0 
2015-02-11T10:07:30, 2.87088527312, 0, 0, 0 
2015-02-11T10:12:30, 2.97526056552, 0, 0, 0 
2015-02-11T10:17:30, 2.97253831291, 0, 0, 0 
2015-02-11T10:22:30, 2.97238874027, 0, 0, 0 
2015-02-11T10:27:30, 2.97228084312, 0, 0, 0 
2015-02-11T10:32:30, 2.97223485139, 0, 0, 0 
2015-02-11T10:37:30, 2.97207543279, 0, 0, 0 
2015-02-11T10:42:30, 2.97218166957, 0, 0, 0 
2015-02-11T10:47:30, 2.97229631156, 0, 0, 0 
2015-02-11T10:52:30, 2.97229714868, 0, 0, 0 
2015-02-11T10:57:30, 2.97246860138, 0, 0, 0 
2015-02-11T11:02:30, 2.97258735137, 0, 0, 0 
2015-02-11T11:07:30, 2.97263430515, 0, 0, 0 
2015-02-11T11:12:30, 2.97265633992, 0, 0, 0 
2015-02-11T11:17:30, 2.97279481539, 0, 0, 0 
2015-02-11T11:22:30, 2.97276244129, 0, 0, 0 
2015-02-11T11:27:30, 2.97256328421, 0, 0, 0 
2015-02-11T11:32:30, 2.97278556565, 0, 0, 0 
2015-02-11T11:37:30, 2.97269579731, 0, 0, 0 
2015-02-11T11:42:30, 2.97279792828, 0, 0, 0 
2015-02-11T11:47:30, 2.97271504124, 0, 0, 0 
2015-02-11T11:52:30, 2.97279530591, 0, 0, 0 
2015-02-11T11:57:30, 2.97281803318, 0, 0, 0 
2015-02-11T12:02:30, 2.97288021945, 0, 0, 0 
2015-02-11T12:07:30, 2.97289985136, 0, 0, 0 
2015-02-11T12:12:30, 2.97300911061, 0, 0, 0 
2015-02-11T12:17:30, 2.97296348772, 0, 0, 0 
2015-02-11T12:22:30, 2.97288805011, 0, 0, 0 
2015-02-11T12:27:30, 2.97285350989, 0, 0, 0 
2015-02-11T12:32:30, 2.97297224399, 0, 0, 0 
2015-02-11T12:37:30, 2.97303599593, 0, 0, 0 
2015-02-11T12:42:30, 2.97298177906, 0, 0, 0 
2015-02-11T12:47:30, 2.97291852605, 0, 0, 0 
2015-02-11T12:52:30, 2.9731069942, 0, 0, 0 
2015-02-11T12:57:30, 2.97315469005, 0, 0, 0 
2015-02-11T13:02:30, 2.97310763578, 0, 0, 0 
2015-02-11T13:07:30, 2.97319592977, 0, 0, 0 
2015-02-11T13:12:30, 2.97313788815, 0, 0, 0 
2015-02-11T13:17:30, 2.97325946672, 0, 0, 0 
2015-02-11T13:22:30, 2.97321820577, 0, 0, 0 
2015-02-11T13:27:30, 2.97208077625, 0, 0, 0 
2015-02-11T13:32:30, 2.97173199427, 0, 0, 0 
2015-02-11T13:37:30, 2.97240610138, 0, 0, 0 
2015-02-11T13:42:30, 2.97345852901, 0, 0, 0 
2015-02-11T13:47:30, 2.97351755044, 0, 0, 0 
2015-02-11T13:52:30, 2.97327585134, 0, 0, 0 
2015-02-11T13:57:30, 2.97327508069, 0, 0, 0 
2015-02-11T14:02:30, 2.97332127991, 0, 0, 0 
2015-02-11T14:07:30, 2.97286244678, 0, 0, 0 
2015-02-11T14:12:30, 2.97335065778, 0, 0, 0 
2015-02-11T14:17:30, 2.97318580175, 0, 0, 0 
2015-02-11T14:22:30, 2.97318277817, 0, 0, 0 
2015-02-11T14:27:30, 2.97259508947, 0, 0, 0 
2015-02-11T14:32:30, 2.97363069244, 0, 0, 0 
2015-02-11T14:37:30, 2.97362606491, 0, 0, 0 
2015-02-11T14:42:30, 2.9735967901, 0, 0, 0 
2015-02-11T14:47:30, 2.9736293156, 0, 0, 0 
2015-02-11T14:52:30, 2.97371105821, 0, 0, 0 
2015-02-11T14:57:30, 2.97364849997, 0, 0, 0 
2015-02-11T15:02:30, 2.97367274851, 0, 0, 0 
2015-02-11T15:07:30, 2.97375648848, 0, 0, 0 
2015-02-11T15:12:30, 2.97371119152, 0, 0, 0 
2015-02-11T15:17:30, 2.97382963854, 0, 0, 0 
2015-02-11T15:22:30, 2.97362344682, 0, 0, 0 
2015-02-11T15:27:30, 2.97372665544, 0, 0, 0 
2015-02-11T15:32:30, 2.97365502373, 0, 0, 0 
2015-02-11T15:37:30, 2.97370485131, 0, 0, 0 
2015-02-11T15:42:30, 2.97368792471, 0, 0, 0 
2015-02-11T15:47:30, 2.97340894224, 0, 0, 0 
2015-02-11T15:52:30, 2.97332228124, 0, 0, 0 
2015-02-11T15:57:30, 2.97374195658, 0, 0, 0 
2015-02-11T16:02:30, 2.97367172632, 0, 0, 0 
2015-02-11T16:07:30, 2.97364664031, 0, 0, 0 
2015-02-11T16:12:30, 2.9736763219, 0, 0, 0 
2015-02-11T16:17:30, 2.97368431734, 0, 0, 0 
2015-02-11T16:22:30, 2.97362147294, 0, 0, 0 
2015-02-11T16:27:30, 2.97336749839, 0, 0, 0 
2015-02-11T16:32:30, 2.97361523593, 0, 0, 0 
2015-02-11T16:37:30, 2.97388406183, 0, 0, 0 
2015-02-11T16:42:30, 2.97395146421, 0, 0, 0 
2015-02-11T16:47:30, 2.97371576041, 0, 0, 0 
2015-02-11T16:52:30, 2.97387194433, 0, 0, 0 
2015-02-11T16:57:30, 2.97377695974, 0, 0, 0 
2015-02-11T17:02:30, 2.97363621495, 0, 0, 0 
2015-02-11T17:07:30, 2.97364691014, 0, 0, 0 
2015-02-11T17:12:30, 2.97358318465, 0, 0, 0 
2015-02-11T17:17:30, 2.97373485131, 0, 0, 0 
2015-02-11T17:22:30, 2.97354792825, 0, 0, 0 
2015-02-11T17:27:30, 2.97355770256, 0, 0, 0 
2015-02-11T17:32:30, 2.973378356, 0, 0, 0 
2015-02-11T17:37:30, 2.97349985133, 0, 0, 0 
2015-02-11T17:42:30, 2.9735083259, 0, 0, 0 
2015-02-11T17:47:30, 2.97357237041, 0, 0, 0 
2015-02-11T17:52:30, 2.97342842276, 0, 0, 0 
2015-02-11T17:57:30, 2.97345952875, 0, 0, 0 
2015-02-11T18:02:30, 2.97343318466, 0, 0, 0 
2015-02-11T18:07:30, 2.97348410329, 0, 0, 0 
2015-02-11T18:12:30, 2.97332939679, 0, 0, 0 
2015-02-11T18:17:30, 2.97342485133, 0, 0, 0 
2015-02-11T18:22:30, 2.97293647107, 0, 0, 0 
2015-02-11T18:27:30, 2.97284877222, 0, 0, 0 
2015-02-11T18:32:30, 2.97299985135, 0, 0, 0 
2015-02-11T18:37:30, 2.97329355763, 0, 0, 0 
2015-02-11T18:42:30, 2.97327343624, 0, 0, 0 
2015-02-11T18:47:30, 2.97320488731, 0, 0, 0 
2015-02-11T18:52:30, 2.97320520848, 0, 0, 0 
2015-02-11T18:57:30, 2.97317865929, 0, 0, 0 
2015-02-11T19:02:30, 2.97314467893, 0, 0, 0 
2015-02-11T19:07:30, 2.97324453219, 0, 0, 0 
2015-02-11T19:12:30, 2.97318961038, 0, 0, 0 
2015-02-11T19:17:30, 2.97316549551, 0, 0, 0 
2015-02-11T19:22:30, 2.97309021279, 0, 0, 0 
2015-02-11T19:27:30, 2.97299985135, 0, 0, 0 
2015-02-11T19:32:30, 2.97290040384, 0, 0, 0 
2015-02-11T19:37:30, 2.97306842278, 0, 0, 0 
2015-02-11T19:42:30, 2.97303535431, 0, 0, 0 
2015-02-11T19:47:30, 2.97306387574, 0, 0, 0 
2015-02-11T19:52:30, 2.97294900389, 0, 0, 0 
2015-02-11T19:57:30, 2.97299092278, 0, 0, 0 
2015-02-11T20:02:30, 2.97299070501, 0, 0, 0 
2015-02-11T20:07:30, 2.97288735136, 0, 0, 0 
2015-02-11T20:12:30, 2.97290610135, 0, 0, 0 
2015-02-11T20:17:30, 2.97296392321, 0, 0, 0 
2015-02-11T20:22:30, 2.97300818468, 0, 0, 0 
2015-02-11T20:27:30, 2.97288592731, 0, 0, 0 
2015-02-11T20:32:30, 2.97289141762, 0, 0, 0 
2015-02-11T20:37:30, 2.97280297636, 0, 0, 0 
2015-02-11T20:42:30, 2.97260769451, 0, 0, 0 
2015-02-11T20:47:30, 2.97253744536, 0, 0, 0 
2015-02-11T20:52:30, 2.9726327185, 0, 0, 0 
2015-02-11T20:57:30, 2.97264115572, 0, 0, 0 
2015-02-11T21:02:30, 2.97272792154, 0, 0, 0 
2015-02-11T21:07:30, 2.97261730103, 0, 0, 0 
2015-02-11T21:12:30, 2.9726045811, 0, 0, 0 
2015-02-11T21:17:30, 2.97251005546, 0, 0, 0 
2015-02-11T21:22:30, 2.97261008759, 0, 0, 0 
2015-02-11T21:27:30, 2.97261243415, 0, 0, 0 
2015-02-11T21:32:30, 2.97255689835, 0, 0, 0 
2015-02-11T21:37:30, 2.97262485137, 0, 0, 0 
2015-02-11T21:42:30, 2.97266311667, 0, 0, 0 
2015-02-11T21:47:30, 2.97271606758, 0, 0, 0 
2015-02-11T21:52:30, 2.97255985137, 0, 0, 0 
2015-02-11T21:57:30, 2.97258027095, 0, 0, 0 
2015-02-11T22:02:30, 2.97253913709, 0, 0, 0 
2015-02-11T22:07:30, 2.97249594513, 0, 0, 0 
2015-02-11T22:12:30, 2.97254183611, 0, 0, 0 
2015-02-11T22:17:30, 2.97259287463, 0, 0, 0 
2015-02-11T22:22:30, 2.97245342281, 0, 0, 0 
2015-02-11T22:27:30, 2.9725220736, 0, 0, 0 
2015-02-11T22:32:30, 2.97249985138, 0, 0, 0 
2015-02-11T22:37:30, 2.97245107089, 0, 0, 0 
2015-02-11T22:42:30, 2.97258680789, 0, 0, 0 
2015-02-11T22:47:30, 2.97245540693, 0, 0, 0 
2015-02-11T22:52:30, 2.97250361077, 0, 0, 0 
2015-02-11T22:57:30, 2.97263013306, 0, 0, 0 
2015-02-11T23:02:30, 2.97269796457, 0, 0, 0 
2015-02-11T23:07:30, 2.97269565556, 0, 0, 0 
2015-02-11T23:12:30, 2.9727224541, 0, 0, 0 
2015-02-11T23:17:30, 2.97271069474, 0, 0, 0 
2015-02-11T23:22:30, 2.97260307718, 0, 0, 0 
2015-02-11T23:27:30, 2.97247373197, 0, 0, 0 
2015-02-11T23:32:30, 2.97253506264, 0, 0, 0 
2015-02-11T23:37:30, 2.97262230035, 0, 0, 0 
2015-02-11T23:42:30, 2.97247857478, 0, 0, 0 
2015-02-11T23:47:30, 2.97238567815, 0, 0, 0 
2015-02-11T23:52:30, 2.9724710744, 0, 0, 0 
2015-02-11T23:57:30, 2.97246326601, 0, 0, 0 
2015-02-12T00:02:30, 2.97250766387, 0, 0, 0 
2015-02-12T00:07:30, 2.9724093002, 0, 0, 0 
2015-02-12T00:12:30, 2.97242733229, 0, 0, 0 
2015-02-12T00:17:30, 2.9724340619, 0, 0, 0 
2015-02-12T00:22:30, 2.97235872235, 0, 0, 0 
2015-02-12T00:27:30, 2.97243735138, 0, 0, 0 
2015-02-12T00:32:30, 2.97239480936, 0, 0, 0 
2015-02-12T00:37:30, 2.97232362188, 0, 0, 0 
2015-02-12T00:42:30, 2.97228735139, 0, 0, 0 
2015-02-12T00:47:30, 2.97230563651, 0, 0, 0 
2015-02-12T00:52:30, 2.97245754368, 0, 0, 0 
2015-02-12T00:57:30, 2.97234662558, 0, 0, 0 
2015-02-12T01:02:30, 2.97240525679, 0, 0, 0 
2015-02-12T01:07:30, 2.97227012166, 0, 0, 0 
2015-02-12T01:12:30, 2.97210294418, 0, 0, 0 
2015-02-12T01:17:30, 2.97214458823, 0, 0, 0 
2015-02-12T01:22:30, 2.97218735139, 0, 0, 0 
2015-02-12T01:27:30, 2.97215202531, 0, 0, 0 
2015-02-12T01:32:30, 2.97198372237, 0, 0, 0 
2015-02-12T01:37:30, 2.97207050357, 0, 0, 0 
2015-02-12T01:42:30, 2.97197712413, 0, 0, 0 
2015-02-12T01:47:30, 2.9720311014, 0, 0, 0 
2015-02-12T01:52:30, 2.97189691023, 0, 0, 0 
2015-02-12T01:57:30, 2.97191651807, 0, 0, 0 
2015-02-12T02:02:30, 2.97205324946, 0, 0, 0 
2015-02-12T02:07:30, 2.97216651806, 0, 0, 0 
2015-02-12T02:12:30, 2.97203556568, 0, 0, 0 
2015-02-12T02:17:30, 2.97199499703, 0, 0, 0 
2015-02-12T02:22:30, 2.9720936014, 0, 0, 0 
2015-02-12T02:27:30, 2.97209159451, 0, 0, 0 
2015-02-12T02:32:30, 2.97204530594, 0, 0, 0 
2015-02-12T02:37:30, 2.9721616161, 0, 0, 0 
2015-02-12T02:42:30, 2.97214520023, 0, 0, 0 
2015-02-12T02:47:30, 2.97205699425, 0, 0, 0 
2015-02-12T02:52:30, 2.97202842283, 0, 0, 0 
2015-02-12T02:57:30, 2.97212622502, 0, 0, 0 
2015-02-12T03:02:30, 2.97205655243, 0, 0, 0 
2015-02-12T03:07:30, 2.97214850004, 0, 0, 0 
2015-02-12T03:12:30, 2.9721587299, 0, 0, 0 
2015-02-12T03:17:30, 2.97218406192, 0, 0, 0 
2015-02-12T03:22:30, 2.97219900393, 0, 0, 0 
2015-02-12T03:27:30, 2.97222882335, 0, 0, 0 
2015-02-12T03:32:30, 2.97219787119, 0, 0, 0 
2015-02-12T03:37:30, 2.97215331674, 0, 0, 0 
2015-02-12T03:42:30, 2.97221923914, 0, 0, 0 
2015-02-12T03:47:30, 2.97220093835, 0, 0, 0 
2015-02-12T03:52:30, 2.9723095859, 0, 0, 0 
2015-02-12T03:57:30, 2.9722235356, 0, 0, 0 
2015-02-12T04:02:30, 2.97221480466, 0, 0, 0 
2015-02-12T04:07:30, 2.97227257866, 0, 0, 0 
2015-02-12T04:12:30, 2.97231681567, 0, 0, 0 
2015-02-12T04:17:30, 2.97220078597, 0, 0, 0 
2015-02-12T04:22:30, 2.97209693877, 0, 0, 0 
2015-02-12T04:27:30, 2.97210876229, 0, 0, 0 
2015-02-12T04:32:30, 2.97213220433, 0, 0, 0 
2015-02-12T04:37:30, 2.97215933415, 0, 0, 0 
2015-02-12T04:42:30, 2.97224375383, 0, 0, 0 
2015-02-12T04:47:30, 2.97229550356, 0, 0, 0 
2015-02-12T04:52:30, 2.97222306567, 0, 0, 0 
2015-02-12T04:57:30, 2.97215262917, 0, 0, 0 
2015-02-12T05:02:30, 2.97219324762, 0, 0, 0 
2015-02-12T05:07:30, 2.97220818472, 0, 0, 0 
2015-02-12T05:12:30, 2.9719998514, 0, 0, 0 
2015-02-12T05:17:30, 2.9720698514, 0, 0, 0 
2015-02-12T05:22:30, 2.97195637314, 0, 0, 0 
2015-02-12T05:27:30, 2.97178636826, 0, 0, 0 
2015-02-12T05:32:30, 2.97197787338, 0, 0, 0 
2015-02-12T05:37:30, 2.97156066223, 0, 0, 0 
2015-02-12T05:42:30, 2.97153735142, 0, 0, 0 
2015-02-12T05:47:30, 2.97160450258, 0, 0, 0 
2015-02-12T05:52:30, 2.97167292834, 0, 0, 0 
2015-02-12T05:57:30, 2.97181019624, 0, 0, 0 
2015-02-12T06:02:30, 2.97160212415, 0, 0, 0 
2015-02-12T06:07:30, 2.97173848778, 0, 0, 0 
2015-02-12T06:12:30, 2.97173062064, 0, 0, 0 
2015-02-12T06:17:30, 2.97161782895, 0, 0, 0 
2015-02-12T06:22:30, 2.971844446, 0, 0, 0 
2015-02-12T06:27:30, 2.97170674797, 0, 0, 0 
2015-02-12T06:32:30, 2.97165774615, 0, 0, 0 
2015-02-12T06:37:30, 2.97163778245, 0, 0, 0 
2015-02-12T06:42:30, 2.9713914177, 0, 0, 0 
2015-02-12T06:47:30, 2.97154624318, 0, 0, 0 
2015-02-12T06:52:30, 2.97168478292, 0, 0, 0 
2015-02-12T06:57:30, 2.97170107093, 0, 0, 0 
2015-02-12T07:02:30, 2.97155754373, 0, 0, 0 
2015-02-12T07:07:30, 2.97132452676, 0, 0, 0 
2015-02-12T07:12:30, 2.97156149526, 0, 0, 0 
2015-02-12T07:17:30, 2.97169270856, 0, 0, 0 
2015-02-12T07:22:30, 2.97155754373, 0, 0, 0 
2015-02-12T07:27:30, 2.9716302862, 0, 0, 0 
2015-02-12T07:32:30, 2.97176273801, 0, 0, 0 
2015-02-12T07:37:30, 2.97174668686, 0, 0, 0 
2015-02-12T07:42:30, 2.97182677449, 0, 0, 0 
2015-02-12T07:47:30, 2.97179985141, 0, 0, 0 
2015-02-12T07:52:30, 2.97144752585, 0, 0, 0 
2015-02-12T07:57:30, 2.97170107093, 0, 0, 0 
2015-02-12T08:02:30, 2.97165774615, 0, 0, 0 
2015-02-12T08:07:30, 2.97172769951, 0, 0, 0 
2015-02-12T08:12:30, 2.97191037772, 0, 0, 0 
2015-02-12T08:17:30, 2.97183693006, 0, 0, 0 
2015-02-12T08:22:30, 2.97153735142, 0, 0, 0 
2015-02-12T08:27:30, 2.97137485143, 0, 0, 0 
2015-02-12T08:32:30, 2.97159600527, 0, 0, 0 
2015-02-12T08:37:30, 2.97146187674, 0, 0, 0 
2015-02-12T08:42:30, 2.97155754373, 0, 0, 0 
2015-02-12T08:47:30, 2.971677483, 0, 0, 0 
2015-02-12T08:52:30, 2.97135985143, 0, 0, 0 
2015-02-12T08:57:30, 2.97166920626, 0, 0, 0 
2015-02-12T09:02:30, 2.97166250202, 0, 0, 0 
2015-02-12T09:07:30, 2.97169550359, 0, 0, 0 
2015-02-12T09:12:30, 2.97168228385, 0, 0, 0 
2015-02-12T09:17:30, 2.97176198733, 0, 0, 0 
2015-02-12T09:22:30, 2.97178636826, 0, 0, 0 
2015-02-12T09:27:30, 2.97198932508, 0, 0, 0 
2015-02-12T09:32:30, 2.9719123514, 0, 0, 0 
2015-02-12T09:37:30, 2.97183124676, 0, 0, 0 
2015-02-12T09:42:30, 2.97194303322, 0, 0, 0 
2015-02-12T09:47:30, 2.97205867493, 0, 0, 0 
2015-02-12T09:52:30, 2.97211941661, 0, 0, 0 
2015-02-12T09:57:30, 2.97208318473, 0, 0, 0 
2015-02-12T10:02:30, 2.97205799093, 0, 0, 0 
2015-02-12T10:07:30, 2.97179672641, 0, 0, 0 
2015-02-12T10:12:30, 2.97213846525, 0, 0, 0 
2015-02-12T10:17:30, 2.97215029387, 0, 0, 0 
2015-02-12T10:22:30, 2.97222757416, 0, 0, 0 
2015-02-12T10:27:30, 2.97230754369, 0, 0, 0 
2015-02-12T10:32:30, 2.97227012166, 0, 0, 0 
2015-02-12T10:37:30, 2.97240774612, 0, 0, 0 
2015-02-12T10:42:30, 2.97233883443, 0, 0, 0 
2015-02-12T10:47:30, 2.97219215908, 0, 0, 0 
2015-02-12T10:52:30, 2.97235522328, 0, 0, 0 
2015-02-12T10:57:30, 2.97238831292, 0, 0, 0 
2015-02-12T11:02:30, 2.97241795483, 0, 0, 0 
2015-02-12T11:07:30, 2.97238153077, 0, 0, 0 
2015-02-12T11:12:30, 2.97258787954, 0, 0, 0 
2015-02-12T11:17:30, 2.97230657407, 0, 0, 0 
2015-02-12T11:22:30, 2.97249603458, 0, 0, 0 
2015-02-12T11:27:30, 2.97255304286, 0, 0, 0 
2015-02-12T11:32:30, 2.97258372234, 0, 0, 0 
2015-02-12T11:37:30, 2.97247185138, 0, 0, 0 
2015-02-12T11:42:30, 2.97247604185, 0, 0, 0 
2015-02-12T11:47:30, 2.97254880242, 0, 0, 0 
2015-02-12T11:52:30, 2.97262751094, 0, 0, 0 
2015-02-12T11:57:30, 2.97250731406, 0, 0, 0 
2015-02-12T12:02:30, 2.97239739236, 0, 0, 0 
2015-02-12T12:07:30, 2.97246078888, 0, 0, 0 
2015-02-12T12:12:30, 2.97269783794, 0, 0, 0 
2015-02-12T12:17:30, 2.97273856104, 0, 0, 0 
2015-02-12T12:22:30, 2.97268656023, 0, 0, 0 
2015-02-12T12:27:30, 2.97269411888, 0, 0, 0 
2015-02-12T12:32:30, 2.97268656023, 0, 0, 0 
2015-02-12T12:37:30, 2.972871017, 0, 0, 0 
2015-02-12T12:42:30, 2.97282816461, 0, 0, 0 
2015-02-12T12:47:30, 2.9728322043, 0, 0, 0 
2015-02-12T12:52:30, 2.97269239795, 0, 0, 0 
2015-02-12T12:57:30, 2.97262718056, 0, 0, 0 
2015-02-12T13:02:30, 2.97293621499, 0, 0, 0 
2015-02-12T13:07:30, 2.9728302085, 0, 0, 0 
2015-02-12T13:12:30, 2.97291213206, 0, 0, 0 
2015-02-12T13:17:30, 2.97281466617, 0, 0, 0 
2015-02-12T13:22:30, 2.9729418403, 0, 0, 0 
2015-02-12T13:27:30, 2.97290491465, 0, 0, 0 
2015-02-12T13:32:30, 2.97285159554, 0, 0, 0 
2015-02-12T13:37:30, 2.97281466617, 0, 0, 0 
2015-02-12T13:42:30, 2.97275733639, 0, 0, 0 
2015-02-12T13:47:30, 2.97281466617, 0, 0, 0 
2015-02-12T13:52:30, 2.97283658605, 0, 0, 0 
2015-02-12T13:57:30, 2.97292136298, 0, 0, 0 
2015-02-12T14:02:30, 2.97291709273, 0, 0, 0 
2015-02-12T14:07:30, 2.97301814403, 0, 0, 0 
2015-02-12T14:12:30, 2.97294842278, 0, 0, 0 
2015-02-12T14:17:30, 2.97299985135, 0, 0, 0 
2015-02-12T14:22:30, 2.97280894227, 0, 0, 0 
2015-02-12T14:27:30, 2.97281009232, 0, 0, 0 
2015-02-12T14:32:30, 2.97274218265, 0, 0, 0 
2015-02-12T14:37:30, 2.97273973576, 0, 0, 0 
2015-02-12T14:42:30, 2.97276547636, 0, 0, 0 
2015-02-12T14:47:30, 2.97283004004, 0, 0, 0 
2015-02-12T14:52:30, 2.9728927085, 0, 0, 0 
2015-02-12T14:57:30, 2.97297413707, 0, 0, 0 
2015-02-12T15:02:30, 2.97304558306, 0, 0, 0 
2015-02-12T15:07:30, 2.97292926312, 0, 0, 0 
2015-02-12T15:12:30, 2.97299985135, 0, 0, 0 
2015-02-12T15:17:30, 2.97307176915, 0, 0, 0 
2015-02-12T15:22:30, 2.97304792827, 0, 0, 0 
2015-02-12T15:27:30, 2.97326455722, 0, 0, 0 
2015-02-12T15:32:30, 2.97311028079, 0, 0, 0 
2015-02-12T15:37:30, 2.9731004611, 0, 0, 0 
2015-02-12T15:42:30, 2.97311096246, 0, 0, 0 
2015-02-12T15:47:30, 2.97304396899, 0, 0, 0 
2015-02-12T15:52:30, 2.97301699421, 0, 0, 0 
2015-02-12T15:57:30, 2.97309254797, 0, 0, 0 
2015-02-12T16:02:30, 2.973043711, 0, 0, 0 
2015-02-12T16:07:30, 2.97288664381, 0, 0, 0 
2015-02-12T16:12:30, 2.97286749842, 0, 0, 0 
2015-02-12T16:17:30, 2.97286749842, 0, 0, 0 
2015-02-12T16:22:30, 2.97286749842, 0, 0, 0 
2015-02-12T16:27:30, 2.97294883094, 0, 0, 0 
2015-02-12T16:32:30, 2.9728302085, 0, 0, 0 
2015-02-12T16:37:30, 2.97304530589, 0, 0, 0 
2015-02-12T16:42:30, 2.97286777588, 0, 0, 0 
2015-02-12T16:47:30, 2.97286436749, 0, 0, 0 
2015-02-12T16:52:30, 2.97280297636, 0, 0, 0 
2015-02-12T16:57:30, 2.97295699421, 0, 0, 0 
2015-02-12T17:02:30, 2.97309748448, 0, 0, 0 
2015-02-12T17:07:30, 2.97301719239, 0, 0, 0 
2015-02-12T17:12:30, 2.97292577728, 0, 0, 0 
2015-02-12T17:17:30, 2.97294900389, 0, 0, 0 
2015-02-12T17:22:30, 2.97283743098, 0, 0, 0 
2015-02-12T17:27:30, 2.97282392543, 0, 0, 0 
2015-02-12T17:32:30, 2.97275144372, 0, 0, 0 
2015-02-12T17:37:30, 2.97272546112, 0, 0, 0 
2015-02-12T17:42:30, 2.97264691019, 0, 0, 0 
2015-02-12T17:47:30, 2.97265216925, 0, 0, 0 
2015-02-12T17:52:30, 2.97273402858, 0, 0, 0 
2015-02-12T17:57:30, 2.9725284228, 0, 0, 0 
2015-02-12T18:02:30, 2.97251938262, 0, 0, 0 
2015-02-12T18:07:30, 2.97254089615, 0, 0, 0 
2015-02-12T18:12:30, 2.97245654429, 0, 0, 0 
2015-02-12T18:17:30, 2.97253744536, 0, 0, 0 
2015-02-12T18:22:30, 2.97257762915, 0, 0, 0 
2015-02-12T18:27:30, 2.97256536861, 0, 0, 0 
2015-02-12T18:32:30, 2.97256536861, 0, 0, 0 
2015-02-12T18:37:30, 2.97241448553, 0, 0, 0 
2015-02-12T18:42:30, 2.97244339976, 0, 0, 0 
2015-02-12T18:47:30, 2.97240774612, 0, 0, 0 
2015-02-12T18:52:30, 2.97224211943, 0, 0, 0 
2015-02-12T18:57:30, 2.97236827243, 0, 0, 0 
2015-02-12T19:02:30, 2.9722235356, 0, 0, 0 
2015-02-12T19:07:30, 2.97224985139, 0, 0, 0 
2015-02-12T19:12:30, 2.97230867491, 0, 0, 0 
2015-02-12T19:17:30, 2.97241391388, 0, 0, 0 
2015-02-12T19:22:30, 2.97229672639, 0, 0, 0 
2015-02-12T19:27:30, 2.97236050712, 0, 0, 0 
2015-02-12T19:32:30, 2.97231917912, 0, 0, 0 
2015-02-12T19:37:30, 2.97223755631, 0, 0, 0 
2015-02-12T19:42:30, 2.97228246008, 0, 0, 0 
2015-02-12T19:47:30, 2.97218556568, 0, 0, 0 
2015-02-12T19:52:30, 2.97226235139, 0, 0, 0 
2015-02-12T19:57:30, 2.97220419922, 0, 0, 0 
2015-02-12T20:02:30, 2.97225604973, 0, 0, 0 
2015-02-12T20:07:30, 2.97231177799, 0, 0, 0 
2015-02-12T20:12:30, 2.97235522328, 0, 0, 0 
2015-02-12T20:17:30, 2.97229151805, 0, 0, 0 
2015-02-12T20:22:30, 2.97224985139, 0, 0, 0 
2015-02-12T20:27:30, 2.97221480466, 0, 0, 0 
2015-02-12T20:32:30, 2.97218676728, 0, 0, 0 
2015-02-12T20:37:30, 2.97221105829, 0, 0, 0 
2015-02-12T20:42:30, 2.97220078597, 0, 0, 0 
2015-02-12T20:47:30, 2.97227616718, 0, 0, 0 
2015-02-12T20:52:30, 2.97222993988, 0, 0, 0 
2015-02-12T20:57:30, 2.9722359625, 0, 0, 0 
2015-02-12T21:02:30, 2.97233669349, 0, 0, 0 
2015-02-12T21:07:30, 2.97229550356, 0, 0, 0 
2015-02-12T21:12:30, 2.97214933593, 0, 0, 0 
2015-02-12T21:17:30, 2.97224985139, 0, 0, 0 
2015-02-12T21:22:30, 2.97231681567, 0, 0, 0 
2015-02-12T21:27:30, 2.97235699424, 0, 0, 0 
2015-02-12T21:32:30, 2.97223669349, 0, 0, 0 
2015-02-12T21:37:30, 2.97213846525, 0, 0, 0 
2015-02-12T21:42:30, 2.97211348776, 0, 0, 0 
2015-02-12T21:47:30, 2.97215079479, 0, 0, 0 
2015-02-12T21:52:30, 2.97217485139, 0, 0, 0 
2015-02-12T21:57:30, 2.97223485139, 0, 0, 0 
2015-02-12T22:02:30, 2.97229801652, 0, 0, 0 
2015-02-12T22:07:30, 2.97217552707, 0, 0, 0 
2015-02-12T22:12:30, 2.97215610139, 0, 0, 0 
2015-02-12T22:17:30, 2.97221105829, 0, 0, 0 
2015-02-12T22:22:30, 2.97223621502, 0, 0, 0 
2015-02-12T22:27:30, 2.97236471625, 0, 0, 0 
2015-02-12T22:32:30, 2.97237485138, 0, 0, 0 
2015-02-12T22:37:30, 2.97230867491, 0, 0, 0 
2015-02-12T22:42:30, 2.97230867491, 0, 0, 0 
2015-02-12T22:47:30, 2.97211413711, 0, 0, 0 
2015-02-12T22:52:30, 2.97219429583, 0, 0, 0 
2015-02-12T22:57:30, 2.97231033526, 0, 0, 0 
2015-02-12T23:02:30, 2.97217909667, 0, 0, 0 
2015-02-12T23:07:30, 2.97231132679, 0, 0, 0 
2015-02-12T23:12:30, 2.97226324424, 0, 0, 0 
2015-02-12T23:17:30, 2.97221985139, 0, 0, 0 
2015-02-12T23:22:30, 2.97220967282, 0, 0, 0 
2015-02-12T23:27:30, 2.97212147302, 0, 0, 0 
2015-02-12T23:32:30, 2.9722111916, 0, 0, 0 
2015-02-12T23:37:30, 2.97213919566, 0, 0, 0 
2015-02-12T23:42:30, 2.97220393302, 0, 0, 0 
2015-02-12T23:47:30, 2.97217043963, 0, 0, 0 
2015-02-12T23:52:30, 2.9719998514, 0, 0, 0 
2015-02-12T23:57:30, 2.97205836204, 0, 0, 0 
2015-02-13T00:02:30, 2.97205655243, 0, 0, 0 
2015-02-13T00:07:30, 2.9720698514, 0, 0, 0 
2015-02-13T00:12:30, 2.97207127997, 0, 0, 0 
2015-02-13T00:17:30, 2.97189878758, 0, 0, 0 
2015-02-13T00:22:30, 2.97209325799, 0, 0, 0 
2015-02-13T00:27:30, 2.97208406192, 0, 0, 0 
2015-02-13T00:32:30, 2.97206651806, 0, 0, 0 
2015-02-13T00:37:30, 2.97204054907, 0, 0, 0 
2015-02-13T00:42:30, 2.9719498514, 0, 0, 0 
2015-02-13T00:47:30, 2.97199469676, 0, 0, 0 
2015-02-13T00:52:30, 2.97222043962, 0, 0, 0 
2015-02-13T00:57:30, 2.97216356821, 0, 0, 0 
2015-02-13T01:02:30, 2.97212361377, 0, 0, 0 
2015-02-13T01:07:30, 2.97217485139, 0, 0, 0 
2015-02-13T01:12:30, 2.97219572768, 0, 0, 0 
2015-02-13T01:17:30, 2.97219324762, 0, 0, 0 
2015-02-13T01:22:30, 2.97209076049, 0, 0, 0 
2015-02-13T01:27:30, 2.97194195667, 0, 0, 0 
2015-02-13T01:32:30, 2.9720964423, 0, 0, 0 
2015-02-13T01:37:30, 2.9720936014, 0, 0, 0 
2015-02-13T01:42:30, 2.97213514551, 0, 0, 0 
2015-02-13T01:47:30, 2.97215331674, 0, 0, 0 
2015-02-13T01:52:30, 2.97208621503, 0, 0, 0 
2015-02-13T01:57:30, 2.9719498514, 0, 0, 0 
2015-02-13T02:02:30, 2.97179332967, 0, 0, 0 
2015-02-13T02:07:30, 2.97185699426, 0, 0, 0 
2015-02-13T02:12:30, 2.9719743412, 0, 0, 0 
2015-02-13T02:17:30, 2.97206420783, 0, 0, 0 
2015-02-13T02:22:30, 2.97209027693, 0, 0, 0 
2015-02-13T02:27:30, 2.97207677447, 0, 0, 0 
2015-02-13T02:32:30, 2.97208605829, 0, 0, 0 
2015-02-13T02:37:30, 2.9720998514, 0, 0, 0 
2015-02-13T02:42:30, 2.97204530594, 0, 0, 0 
2015-02-13T02:47:30, 2.97193533527, 0, 0, 0 
2015-02-13T02:52:30, 2.97191551405, 0, 0, 0 
2015-02-13T02:57:30, 2.97171138988, 0, 0, 0 
2015-02-13T03:02:30, 2.97172485141, 0, 0, 0 
2015-02-13T03:07:30, 2.97158706072, 0, 0, 0 
2015-02-13T03:12:30, 2.97179672641, 0, 0, 0 
2015-02-13T03:17:30, 2.97168318475, 0, 0, 0 
2015-02-13T03:22:30, 2.97165867495, 0, 0, 0 
2015-02-13T03:27:30, 2.97151749848, 0, 0, 0 
2015-02-13T03:32:30, 2.97174668686, 0, 0, 0 
2015-02-13T03:37:30, 2.97167427002, 0, 0, 0 
2015-02-13T03:42:30, 2.97185511457, 0, 0, 0 
2015-02-13T03:47:30, 2.97183318474, 0, 0, 0 
2015-02-13T03:52:30, 2.97197712413, 0, 0, 0 
2015-02-13T03:57:30, 2.97177842284, 0, 0, 0 
2015-02-13T04:02:30, 2.97170255412, 0, 0, 0 
2015-02-13T04:07:30, 2.97184005759, 0, 0, 0 
2015-02-13T04:12:30, 2.97199499703, 0, 0, 0 
2015-02-13T04:17:30, 2.9718954558, 0, 0, 0 
2015-02-13T04:22:30, 2.97156368121, 0, 0, 0 
2015-02-13T04:27:30, 2.97164985142, 0, 0, 0 
2015-02-13T04:32:30, 2.97165682816, 0, 0, 0 
2015-02-13T04:37:30, 2.97173765629, 0, 0, 0 
2015-02-13T04:42:30, 2.97163621505, 0, 0, 0 
2015-02-13T04:47:30, 2.97167030596, 0, 0, 0 
2015-02-13T04:52:30, 2.97181651808, 0, 0, 0 
2015-02-13T04:57:30, 2.97147958116, 0, 0, 0 
2015-02-13T05:02:30, 2.97126300933, 0, 0, 0 
2015-02-13T05:07:30, 2.97160699428, 0, 0, 0 
2015-02-13T05:12:30, 2.97164985142, 0, 0, 0 
2015-02-13T05:17:30, 2.97148062066, 0, 0, 0 
2015-02-13T05:22:30, 2.97166651808, 0, 0, 0 
2015-02-13T05:27:30, 2.97156803324, 0, 0, 0 
2015-02-13T05:32:30, 2.97160120277, 0, 0, 0 
2015-02-13T05:37:30, 2.97156066223, 0, 0, 0 
2015-02-13T05:42:30, 2.97176147932, 0, 0, 0 
2015-02-13T05:47:30, 2.97177112801, 0, 0, 0 
2015-02-13T05:52:30, 2.97157879879, 0, 0, 0 
2015-02-13T05:57:30, 2.97170915374, 0, 0, 0 
2015-02-13T06:02:30, 2.97151883877, 0, 0, 0 
2015-02-13T06:07:30, 2.97148011458, 0, 0, 0 
2015-02-13T06:12:30, 2.97149985143, 0, 0, 0 
2015-02-13T06:17:30, 2.97178246011, 0, 0, 0 
2015-02-13T06:22:30, 2.97146576052, 0, 0, 0 
2015-02-13T06:27:30, 2.97152128, 0, 0, 0 
2015-02-13T06:32:30, 2.97178318474, 0, 0, 0 
2015-02-13T06:37:30, 2.9720303392, 0, 0, 0 
2015-02-13T06:42:30, 2.97172485141, 0, 0, 0 
2015-02-13T06:47:30, 2.97178318474, 0, 0, 0 
2015-02-13T06:52:30, 2.97174642676, 0, 0, 0 
2015-02-13T06:57:30, 2.9714165181, 0, 0, 0 
2015-02-13T07:02:30, 2.97131235143, 0, 0, 0 
2015-02-13T07:07:30, 2.97131019626, 0, 0, 0 
2015-02-13T07:12:30, 2.97112090408, 0, 0, 0 
2015-02-13T07:17:30, 2.97146455731, 0, 0, 0 
2015-02-13T07:22:30, 2.97111471631, 0, 0, 0 
2015-02-13T07:27:30, 2.97131564091, 0, 0, 0 
2015-02-13T07:32:30, 2.97134076052, 0, 0, 0 
2015-02-13T07:37:30, 2.97153394233, 0, 0, 0 
2015-02-13T07:42:30, 2.97159985142, 0, 0, 0 
2015-02-13T07:47:30, 2.97146455731, 0, 0, 0 
2015-02-13T07:52:30, 2.97153932511, 0, 0, 0 
2015-02-13T07:57:30, 2.97161235142, 0, 0, 0 
2015-02-13T08:02:30, 2.97144628, 0, 0, 0 
2015-02-13T08:07:30, 2.97121860144, 0, 0, 0 
2015-02-13T08:12:30, 2.97130754374, 0, 0, 0 
2015-02-13T08:17:30, 2.97140244883, 0, 0, 0 
2015-02-13T08:22:30, 2.9712660852, 0, 0, 0 
2015-02-13T08:27:30, 2.97126300933, 0, 0, 0 
2015-02-13T08:32:30, 2.97224985139, 0, 0, 0 
2015-02-13T08:37:30, 2.97224985139, 0, 0, 0 
2015-02-13T08:42:30, 2.97224985139, 0, 0, 0 
2015-02-13T08:47:30, 2.97224985139, 0, 0, 0 
2015-02-13T08:52:30, 2.97224985139, 0, 0, 0 
2015-02-13T08:57:30, 2.97224985139, 0, 0, 0 
2015-02-13T09:02:30, 2.97224985139, 0, 0, 0 
2015-02-13T09:07:30, 2.97224985139, 0, 0, 0 
2015-02-13T09:12:30, 2.97224985139, 0, 0, 0 
2015-02-13T09:17:30, 2.97224985139, 0, 0, 0 
2015-02-13T09:22:30, 2.97224985139, 0, 0, 0 
2015-02-13T09:27:30, 2.97224985139, 0, 0, 0 
2015-02-13T09:32:30, 2.97224985139, 0, 0, 0 
2015-02-13T09:37:30, 2.97224985139, 0, 0, 0 
2015-02-13T09:42:30, 2.97224985139, 0, 0, 0 
2015-02-13T09:47:30, 2.97224985139, 0, 0, 0 
2015-02-13T09:52:30, 2.97224985139, 0, 0, 0 
2015-02-13T09:57:30, 2.97224985139, 0, 0, 0 
2015-02-13T10:02:30, 2.97224985139, 0, 0, 0 
2015-02-13T10:07:30, 2.97224985139, 0, 0, 0 
2015-02-13T10:12:30, 2.97224985139, 0, 0, 0 
2015-02-13T10:17:30, 2.97224985139, 0, 0, 0 
2015-02-13T10:22:30, 2.97224985139, 0, 0, 0 
2015-02-13T10:27:30, 2.97224985139, 0, 0, 0 
2015-02-13T10:32:30, 2.97224985139, 0, 0, 0 
2015-02-13T10:37:30, 2.97224985139, 0, 0, 0 
2015-02-13T10:42:30, 2.97224985139, 0, 0, 0 
2015-02-13T10:47:30, 2.97074985146, 0, 0, 0 
2015-02-13T10:52:30, 2.97196246822, 0, 0, 0 
2015-02-13T10:57:30, 2.97213778243, 0, 0, 0 
2015-02-13T11:02:30, 2.97210279257, 0, 0, 0 
2015-02-13T11:07:30, 2.97210279257, 0, 0, 0 
2015-02-13T11:12:30, 2.97214640312, 0, 0, 0 
2015-02-13T11:17:30, 2.97215262917, 0, 0, 0 
2015-02-13T11:22:30, 2.97218431741, 0, 0, 0 
2015-02-13T11:27:30, 2.97218629207, 0, 0, 0 
2015-02-13T11:32:30, 2.97227527512, 0, 0, 0 
2015-02-13T11:37:30, 2.97217485139, 0, 0, 0 
2015-02-13T11:42:30, 2.97231450656, 0, 0, 0 
2015-02-13T11:47:30, 2.97243292224, 0, 0, 0 
2015-02-13T11:52:30, 2.97237376442, 0, 0, 0 
2015-02-13T11:57:30, 2.97243878268, 0, 0, 0 
2015-02-13T12:02:30, 2.97220818472, 0, 0, 0 
2015-02-13T12:07:30, 2.9723603165, 0, 0, 0 
2015-02-13T12:12:30, 2.97237916173, 0, 0, 0 
2015-02-13T12:17:30, 2.97245439683, 0, 0, 0 
2015-02-13T12:22:30, 2.97243318471, 0, 0, 0 
2015-02-13T12:27:30, 2.97246496766, 0, 0, 0 
2015-02-13T12:32:30, 2.97251423986, 0, 0, 0 
2015-02-13T12:37:30, 2.97252558667, 0, 0, 0 
2015-02-13T12:42:30, 2.97249985138, 0, 0, 0 
2015-02-13T12:47:30, 2.97261382196, 0, 0, 0 
2015-02-13T12:52:30, 2.97217819534, 0, 0, 0 
2015-02-13T12:57:30, 2.97253661608, 0, 0, 0 
2015-02-13T13:02:30, 2.97261709275, 0, 0, 0 
2015-02-13T13:07:30, 2.97254872355, 0, 0, 0 
2015-02-13T13:12:30, 2.97260362495, 0, 0, 0 
2015-02-13T13:17:30, 2.97262998835, 0, 0, 0 
2015-02-13T13:22:30, 2.9727449494, 0, 0, 0 
2015-02-13T13:27:30, 2.97268406189, 0, 0, 0 
2015-02-13T13:32:30, 2.97275144372, 0, 0, 0 
2015-02-13T13:37:30, 2.97279570935, 0, 0, 0 
2015-02-13T13:42:30, 2.97271504124, 0, 0, 0 
2015-02-13T13:47:30, 2.97278556565, 0, 0, 0 
2015-02-13T13:52:30, 2.9727227813, 0, 0, 0 
2015-02-13T13:57:30, 2.9727704396, 0, 0, 0 
2015-02-13T14:02:30, 2.97282338077, 0, 0, 0 
2015-02-13T14:07:30, 2.97288308489, 0, 0, 0 
2015-02-13T14:12:30, 2.97296348772, 0, 0, 0 
2015-02-13T14:17:30, 2.97294627992, 0, 0, 0 
2015-02-13T14:22:30, 2.97298166953, 0, 0, 0 
2015-02-13T14:27:30, 2.97298209987, 0, 0, 0 
2015-02-13T14:32:30, 2.9729710052, 0, 0, 0 
2015-02-13T14:37:30, 2.97304396899, 0, 0, 0 
2015-02-13T14:42:30, 2.9729275622, 0, 0, 0 
2015-02-13T14:47:30, 2.97290725876, 0, 0, 0 
2015-02-13T14:52:30, 2.97297274292, 0, 0, 0 
2015-02-13T14:57:30, 2.97301825626, 0, 0, 0 
2015-02-13T15:02:30, 2.97308068967, 0, 0, 0 
2015-02-13T15:07:30, 2.97277178119, 0, 0, 0 
2015-02-13T15:12:30, 2.97288308489, 0, 0, 0 
2015-02-13T15:17:30, 2.97301895963, 0, 0, 0 
2015-02-13T15:22:30, 2.97297241233, 0, 0, 0 
2015-02-13T15:27:30, 1.63819617977, 0, 0, 0 
2015-02-13T15:32:30, 1.08841661225, 0, 0, 0 
2015-02-13T15:37:30, 1.0300295343, 0, 0, 0 
2015-02-13T15:42:30, 1.0491259318, 0, 0, 0 
2015-02-13T15:47:30, 1.05048615437, 0, 0, 0 
2015-02-13T15:52:30, 1.04950639914, 0, 0, 0 
2015-02-13T15:57:30, 1.04943032728, 0, 0, 0 
2015-02-13T16:02:30, 1.04933462495, 0, 0, 0 
2015-02-13T16:07:30, 1.05018892387, 0, 0, 0 
2015-02-13T16:12:30, 1.05005167164, 0, 0, 0 
2015-02-13T16:17:30, 1.05056405004, 0, 0, 0 
2015-02-13T16:22:30, 1.04983184406, 0, 0, 0 
2015-02-13T16:27:30, 1.04950856821, 0, 0, 0 
2015-02-13T16:32:30, 1.04966523677, 0, 0, 0 
2015-02-13T16:37:30, 1.04961018374, 0, 0, 0 
2015-02-13T16:42:30, 1.05011435427, 0, 0, 0 
2015-02-13T16:47:30, 1.0439999478, 0, 0, 0 
