# 
# Filename    : /tmp/rfq_lt_h01_ai_c.txt
# PV name     : RFQ:LT:H01:AI_C
# From        : 2015-02-06T16:45:01.158839
# To          : 2015-02-13T16:45:01.158839
# queryString : ?pv=mean_300(RFQ:LT:H01:AI_C)&from=2015-02-06T16%3A45%3A01.158839%2B09%3A00&to=2015-02-13T16%3A45%3A01.158839%2B09%3A00
# hostname    : munjipc0
# host IP     : 127.0.1.1
# 
# time, val, nanos, status, severity
2015-02-06T16:47:30, 73.3362580645, 0, 0, 0 
2015-02-06T16:52:30, 73.3360233918, 0, 0, 0 
2015-02-06T16:57:30, 73.3364864865, 0, 0, 0 
2015-02-06T17:02:30, 73.3363803681, 0, 0, 0 
2015-02-06T17:07:30, 73.3366896552, 0, 0, 0 
2015-02-06T17:12:30, 73.3363225806, 0, 0, 0 
2015-02-06T17:17:30, 73.3360248447, 0, 0, 0 
2015-02-06T17:22:30, 73.3349206349, 0, 0, 0 
2015-02-06T17:27:30, 73.3341525424, 0, 0, 0 
2015-02-06T17:32:30, 73.3339694656, 0, 0, 0 
2015-02-06T17:37:30, 73.3338582677, 0, 0, 0 
2015-02-06T17:42:30, 73.333, 0, 0, 0 
2015-02-06T17:47:30, 73.3306666667, 0, 0, 0 
2015-02-06T17:52:30, 73.3315517241, 0, 0, 0 
2015-02-06T17:57:30, 73.3314393939, 0, 0, 0 
2015-02-06T18:02:30, 73.3302020202, 0, 0, 0 
2015-02-06T18:07:30, 73.3305769231, 0, 0, 0 
2015-02-06T18:12:30, 73.3301904762, 0, 0, 0 
2015-02-06T18:17:30, 73.3311340206, 0, 0, 0 
2015-02-06T18:22:30, 73.3295495495, 0, 0, 0 
2015-02-06T18:27:30, 73.3294623656, 0, 0, 0 
2015-02-06T18:32:30, 73.3277884615, 0, 0, 0 
2015-02-06T18:37:30, 73.3281188119, 0, 0, 0 
2015-02-06T18:42:30, 73.3276666667, 0, 0, 0 
2015-02-06T18:47:30, 73.3277419355, 0, 0, 0 
2015-02-06T18:52:30, 73.3273076923, 0, 0, 0 
2015-02-06T18:57:30, 73.3272727273, 0, 0, 0 
2015-02-06T19:02:30, 73.3261538462, 0, 0, 0 
2015-02-06T19:07:30, 73.3257758621, 0, 0, 0 
2015-02-06T19:12:30, 73.3272440945, 0, 0, 0 
2015-02-06T19:17:30, 73.3267213115, 0, 0, 0 
2015-02-06T19:22:30, 73.3279, 0, 0, 0 
2015-02-06T19:27:30, 73.32640625, 0, 0, 0 
2015-02-06T19:32:30, 73.3252991453, 0, 0, 0 
2015-02-06T19:37:30, 73.3267164179, 0, 0, 0 
2015-02-06T19:42:30, 73.3261702128, 0, 0, 0 
2015-02-06T19:47:30, 73.3254929577, 0, 0, 0 
2015-02-06T19:52:30, 73.3248275862, 0, 0, 0 
2015-02-06T19:57:30, 73.3248684211, 0, 0, 0 
2015-02-06T20:02:30, 73.324921875, 0, 0, 0 
2015-02-06T20:07:30, 73.3249673203, 0, 0, 0 
2015-02-06T20:12:30, 73.3239873418, 0, 0, 0 
2015-02-06T20:17:30, 73.3239072848, 0, 0, 0 
2015-02-06T20:22:30, 73.3244303797, 0, 0, 0 
2015-02-06T20:27:30, 73.3238095238, 0, 0, 0 
2015-02-06T20:32:30, 73.3243670886, 0, 0, 0 
2015-02-06T20:37:30, 73.3234302326, 0, 0, 0 
2015-02-06T20:42:30, 73.3237931034, 0, 0, 0 
2015-02-06T20:47:30, 73.3234090909, 0, 0, 0 
2015-02-06T20:52:30, 73.3232738095, 0, 0, 0 
2015-02-06T20:57:30, 73.3228571429, 0, 0, 0 
2015-02-06T21:02:30, 73.322371134, 0, 0, 0 
2015-02-06T21:07:30, 73.3201156069, 0, 0, 0 
2015-02-06T21:12:30, 73.3196174863, 0, 0, 0 
2015-02-06T21:17:30, 73.3199009901, 0, 0, 0 
2015-02-06T21:22:30, 73.32, 0, 0, 0 
2015-02-06T21:27:30, 73.3195260664, 0, 0, 0 
2015-02-06T21:32:30, 73.3202673797, 0, 0, 0 
2015-02-06T21:37:30, 73.3196296296, 0, 0, 0 
2015-02-06T21:42:30, 73.3192391304, 0, 0, 0 
2015-02-06T21:47:30, 73.3201515152, 0, 0, 0 
2015-02-06T21:52:30, 73.3197905759, 0, 0, 0 
2015-02-06T21:57:30, 73.3199514563, 0, 0, 0 
2015-02-06T22:02:30, 73.3189583333, 0, 0, 0 
2015-02-06T22:07:30, 73.3177368421, 0, 0, 0 
2015-02-06T22:12:30, 73.3179081633, 0, 0, 0 
2015-02-06T22:17:30, 73.3176842105, 0, 0, 0 
2015-02-06T22:22:30, 73.3180213904, 0, 0, 0 
2015-02-06T22:27:30, 73.316961326, 0, 0, 0 
2015-02-06T22:32:30, 73.3177956989, 0, 0, 0 
2015-02-06T22:37:30, 73.3176271186, 0, 0, 0 
2015-02-06T22:42:30, 73.316686747, 0, 0, 0 
2015-02-06T22:47:30, 73.3175138122, 0, 0, 0 
2015-02-06T22:52:30, 73.319281768, 0, 0, 0 
2015-02-06T22:57:30, 73.3182446809, 0, 0, 0 
2015-02-06T23:02:30, 73.3177948718, 0, 0, 0 
2015-02-06T23:07:30, 73.3181182796, 0, 0, 0 
2015-02-06T23:12:30, 73.3181318681, 0, 0, 0 
2015-02-06T23:17:30, 73.3175555556, 0, 0, 0 
2015-02-06T23:22:30, 73.3167759563, 0, 0, 0 
2015-02-06T23:27:30, 73.3166666667, 0, 0, 0 
2015-02-06T23:32:30, 73.3156375839, 0, 0, 0 
2015-02-06T23:37:30, 73.315704698, 0, 0, 0 
2015-02-06T23:42:30, 73.3163576159, 0, 0, 0 
2015-02-06T23:47:30, 73.3157983193, 0, 0, 0 
2015-02-06T23:52:30, 73.3150344828, 0, 0, 0 
2015-02-06T23:57:30, 73.3154054054, 0, 0, 0 
2015-02-07T00:02:30, 73.3159731544, 0, 0, 0 
2015-02-07T00:07:30, 73.3156198347, 0, 0, 0 
2015-02-07T00:12:30, 73.3154887218, 0, 0, 0 
2015-02-07T00:17:30, 73.3153956835, 0, 0, 0 
2015-02-07T00:22:30, 73.3157342657, 0, 0, 0 
2015-02-07T00:27:30, 73.3154929577, 0, 0, 0 
2015-02-07T00:32:30, 73.3153020134, 0, 0, 0 
2015-02-07T00:37:30, 73.312972973, 0, 0, 0 
2015-02-07T00:42:30, 73.3122727273, 0, 0, 0 
2015-02-07T00:47:30, 73.3126436782, 0, 0, 0 
2015-02-07T00:52:30, 73.3126470588, 0, 0, 0 
2015-02-07T00:57:30, 73.3129166667, 0, 0, 0 
2015-02-07T01:02:30, 73.312, 0, 0, 0 
2015-02-07T01:07:30, 73.3111578947, 0, 0, 0 
2015-02-07T01:12:30, 73.3102564103, 0, 0, 0 
2015-02-07T01:17:30, 73.31, 0, 0, 0 
2015-02-07T01:22:30, 73.3095604396, 0, 0, 0 
2015-02-07T01:27:30, 73.3096363636, 0, 0, 0 
2015-02-07T01:32:30, 73.3077419355, 0, 0, 0 
2015-02-07T01:37:30, 73.3072, 0, 0, 0 
2015-02-07T01:42:30, 73.3105813953, 0, 0, 0 
2015-02-07T01:47:30, 73.3117241379, 0, 0, 0 
2015-02-07T01:52:30, 73.3124166667, 0, 0, 0 
2015-02-07T01:57:30, 73.3104081633, 0, 0, 0 
2015-02-07T02:02:30, 73.3105050505, 0, 0, 0 
2015-02-07T02:07:30, 73.3116216216, 0, 0, 0 
2015-02-07T02:12:30, 73.3107058824, 0, 0, 0 
2015-02-07T02:17:30, 73.3104716981, 0, 0, 0 
2015-02-07T02:22:30, 73.3110638298, 0, 0, 0 
2015-02-07T02:27:30, 73.3106730769, 0, 0, 0 
2015-02-07T02:32:30, 73.3107608696, 0, 0, 0 
2015-02-07T02:37:30, 73.3107070707, 0, 0, 0 
2015-02-07T02:42:30, 73.3109411765, 0, 0, 0 
2015-02-07T02:47:30, 73.3116091954, 0, 0, 0 
2015-02-07T02:52:30, 73.3107526882, 0, 0, 0 
2015-02-07T02:57:30, 73.3078947368, 0, 0, 0 
2015-02-07T03:02:30, 73.3083516484, 0, 0, 0 
2015-02-07T03:07:30, 73.3070114943, 0, 0, 0 
2015-02-07T03:12:30, 73.3075229358, 0, 0, 0 
2015-02-07T03:17:30, 73.3063917526, 0, 0, 0 
2015-02-07T03:22:30, 73.3066666667, 0, 0, 0 
2015-02-07T03:27:30, 73.307628866, 0, 0, 0 
2015-02-07T03:32:30, 73.3060344828, 0, 0, 0 
2015-02-07T03:37:30, 73.3063888889, 0, 0, 0 
2015-02-07T03:42:30, 73.3066935484, 0, 0, 0 
2015-02-07T03:47:30, 73.3066412214, 0, 0, 0 
2015-02-07T03:52:30, 73.3064705882, 0, 0, 0 
2015-02-07T03:57:30, 73.3061061947, 0, 0, 0 
2015-02-07T04:02:30, 73.3062727273, 0, 0, 0 
2015-02-07T04:07:30, 73.3062616822, 0, 0, 0 
2015-02-07T04:12:30, 73.3063865546, 0, 0, 0 
2015-02-07T04:17:30, 73.3058415842, 0, 0, 0 
2015-02-07T04:22:30, 73.3059482759, 0, 0, 0 
2015-02-07T04:27:30, 73.3057251908, 0, 0, 0 
2015-02-07T04:32:30, 73.3053623188, 0, 0, 0 
2015-02-07T04:37:30, 73.305625, 0, 0, 0 
2015-02-07T04:42:30, 73.3055395683, 0, 0, 0 
2015-02-07T04:47:30, 73.3051552795, 0, 0, 0 
2015-02-07T04:52:30, 73.3058914729, 0, 0, 0 
2015-02-07T04:57:30, 73.3052898551, 0, 0, 0 
2015-02-07T05:02:30, 73.3054918033, 0, 0, 0 
2015-02-07T05:07:30, 73.3053594771, 0, 0, 0 
2015-02-07T05:12:30, 73.3052941176, 0, 0, 0 
2015-02-07T05:17:30, 73.305234375, 0, 0, 0 
2015-02-07T05:22:30, 73.3054193548, 0, 0, 0 
2015-02-07T05:27:30, 73.3059060403, 0, 0, 0 
2015-02-07T05:32:30, 73.305210084, 0, 0, 0 
2015-02-07T05:37:30, 73.3052112676, 0, 0, 0 
2015-02-07T05:42:30, 73.3052348993, 0, 0, 0 
2015-02-07T05:47:30, 73.3053020134, 0, 0, 0 
2015-02-07T05:52:30, 73.3054491018, 0, 0, 0 
2015-02-07T05:57:30, 73.3050314465, 0, 0, 0 
2015-02-07T06:02:30, 73.3052666667, 0, 0, 0 
2015-02-07T06:07:30, 73.3051265823, 0, 0, 0 
2015-02-07T06:12:30, 73.305, 0, 0, 0 
2015-02-07T06:17:30, 73.3052413793, 0, 0, 0 
2015-02-07T06:22:30, 73.3047619048, 0, 0, 0 
2015-02-07T06:27:30, 73.3052201258, 0, 0, 0 
2015-02-07T06:32:30, 73.3053472222, 0, 0, 0 
2015-02-07T06:37:30, 73.3050609756, 0, 0, 0 
2015-02-07T06:42:30, 73.3052287582, 0, 0, 0 
2015-02-07T06:47:30, 73.3052941176, 0, 0, 0 
2015-02-07T06:52:30, 73.305, 0, 0, 0 
2015-02-07T06:57:30, 73.3048666667, 0, 0, 0 
2015-02-07T07:02:30, 73.3050694444, 0, 0, 0 
2015-02-07T07:07:30, 73.3047972973, 0, 0, 0 
2015-02-07T07:12:30, 73.3047741935, 0, 0, 0 
2015-02-07T07:17:30, 73.3050364964, 0, 0, 0 
2015-02-07T07:22:30, 73.3048275862, 0, 0, 0 
2015-02-07T07:27:30, 73.3046357616, 0, 0, 0 
2015-02-07T07:32:30, 73.3049681529, 0, 0, 0 
2015-02-07T07:37:30, 73.3045679012, 0, 0, 0 
2015-02-07T07:42:30, 73.3045033113, 0, 0, 0 
2015-02-07T07:47:30, 73.3049668874, 0, 0, 0 
2015-02-07T07:52:30, 73.305, 0, 0, 0 
2015-02-07T07:57:30, 73.3045390071, 0, 0, 0 
2015-02-07T08:02:30, 73.3050993377, 0, 0, 0 
2015-02-07T08:07:30, 73.3040944882, 0, 0, 0 
2015-02-07T08:12:30, 73.3044366197, 0, 0, 0 
2015-02-07T08:17:30, 73.3041732283, 0, 0, 0 
2015-02-07T08:22:30, 73.3036036036, 0, 0, 0 
2015-02-07T08:27:30, 73.3037391304, 0, 0, 0 
2015-02-07T08:32:30, 73.3042608696, 0, 0, 0 
2015-02-07T08:37:30, 73.3045528455, 0, 0, 0 
2015-02-07T08:42:30, 73.3041025641, 0, 0, 0 
2015-02-07T08:47:30, 73.3043548387, 0, 0, 0 
2015-02-07T08:52:30, 73.3042105263, 0, 0, 0 
2015-02-07T08:57:30, 73.3042857143, 0, 0, 0 
2015-02-07T09:02:30, 73.3029090909, 0, 0, 0 
2015-02-07T09:07:30, 73.3022222222, 0, 0, 0 
2015-02-07T09:12:30, 73.30125, 0, 0, 0 
2015-02-07T09:17:30, 73.302920354, 0, 0, 0 
2015-02-07T09:22:30, 73.3033663366, 0, 0, 0 
2015-02-07T09:27:30, 73.3030275229, 0, 0, 0 
2015-02-07T09:32:30, 73.3031355932, 0, 0, 0 
2015-02-07T09:37:30, 73.3019148936, 0, 0, 0 
2015-02-07T09:42:30, 73.3024324324, 0, 0, 0 
2015-02-07T09:47:30, 73.3031428571, 0, 0, 0 
2015-02-07T09:52:30, 73.3035106383, 0, 0, 0 
2015-02-07T09:57:30, 73.3051304348, 0, 0, 0 
2015-02-07T10:02:30, 73.3045695364, 0, 0, 0 
2015-02-07T10:07:30, 73.3049275362, 0, 0, 0 
2015-02-07T10:12:30, 73.3045255474, 0, 0, 0 
2015-02-07T10:17:30, 73.3046564885, 0, 0, 0 
2015-02-07T10:22:30, 73.3043884892, 0, 0, 0 
2015-02-07T10:27:30, 73.3044217687, 0, 0, 0 
2015-02-07T10:32:30, 73.3043971631, 0, 0, 0 
2015-02-07T10:37:30, 73.3046666667, 0, 0, 0 
2015-02-07T10:42:30, 73.3046808511, 0, 0, 0 
2015-02-07T10:47:30, 73.304921875, 0, 0, 0 
2015-02-07T10:52:30, 73.3045801527, 0, 0, 0 
2015-02-07T10:57:30, 73.3048888889, 0, 0, 0 
2015-02-07T11:02:30, 73.3046428571, 0, 0, 0 
2015-02-07T11:07:30, 73.3046357616, 0, 0, 0 
2015-02-07T11:12:30, 73.3048684211, 0, 0, 0 
2015-02-07T11:17:30, 73.305, 0, 0, 0 
2015-02-07T11:22:30, 73.30488, 0, 0, 0 
2015-02-07T11:27:30, 73.3047222222, 0, 0, 0 
2015-02-07T11:32:30, 73.3047586207, 0, 0, 0 
2015-02-07T11:37:30, 73.3047586207, 0, 0, 0 
2015-02-07T11:42:30, 73.305037594, 0, 0, 0 
2015-02-07T11:47:30, 73.305035461, 0, 0, 0 
2015-02-07T11:52:30, 73.305, 0, 0, 0 
2015-02-07T11:57:30, 73.3050588235, 0, 0, 0 
2015-02-07T12:02:30, 73.3049056604, 0, 0, 0 
2015-02-07T12:07:30, 73.3052147239, 0, 0, 0 
2015-02-07T12:12:30, 73.3054054054, 0, 0, 0 
2015-02-07T12:17:30, 73.3047916667, 0, 0, 0 
2015-02-07T12:22:30, 73.3053284672, 0, 0, 0 
2015-02-07T12:27:30, 73.3051898734, 0, 0, 0 
2015-02-07T12:32:30, 73.305, 0, 0, 0 
2015-02-07T12:37:30, 73.3048466258, 0, 0, 0 
2015-02-07T12:42:30, 73.3049685535, 0, 0, 0 
2015-02-07T12:47:30, 73.3051034483, 0, 0, 0 
2015-02-07T12:52:30, 73.3050310559, 0, 0, 0 
2015-02-07T12:57:30, 73.3050955414, 0, 0, 0 
2015-02-07T13:02:30, 73.3053164557, 0, 0, 0 
2015-02-07T13:07:30, 73.3051724138, 0, 0, 0 
2015-02-07T13:12:30, 73.3055405405, 0, 0, 0 
2015-02-07T13:17:30, 73.305620915, 0, 0, 0 
2015-02-07T13:22:30, 73.3055405405, 0, 0, 0 
2015-02-07T13:27:30, 73.3055072464, 0, 0, 0 
2015-02-07T13:32:30, 73.3062857143, 0, 0, 0 
2015-02-07T13:37:30, 73.3051020408, 0, 0, 0 
2015-02-07T13:42:30, 73.3054135338, 0, 0, 0 
2015-02-07T13:47:30, 73.3053846154, 0, 0, 0 
2015-02-07T13:52:30, 73.3059060403, 0, 0, 0 
2015-02-07T13:57:30, 73.3058139535, 0, 0, 0 
2015-02-07T14:02:30, 73.305617284, 0, 0, 0 
2015-02-07T14:07:30, 73.3060714286, 0, 0, 0 
2015-02-07T14:12:30, 73.3066923077, 0, 0, 0 
2015-02-07T14:17:30, 73.3057931034, 0, 0, 0 
2015-02-07T14:22:30, 73.3057723577, 0, 0, 0 
2015-02-07T14:27:30, 73.3063716814, 0, 0, 0 
2015-02-07T14:32:30, 73.3060330579, 0, 0, 0 
2015-02-07T14:37:30, 73.3058035714, 0, 0, 0 
2015-02-07T14:42:30, 73.3062184874, 0, 0, 0 
2015-02-07T14:47:30, 73.3064661654, 0, 0, 0 
2015-02-07T14:52:30, 73.3065517241, 0, 0, 0 
2015-02-07T14:57:30, 73.3071186441, 0, 0, 0 
2015-02-07T15:02:30, 73.3074107143, 0, 0, 0 
2015-02-07T15:07:30, 73.3071276596, 0, 0, 0 
2015-02-07T15:12:30, 73.3063043478, 0, 0, 0 
2015-02-07T15:17:30, 73.3058267717, 0, 0, 0 
2015-02-07T15:22:30, 73.3056589147, 0, 0, 0 
2015-02-07T15:27:30, 73.3054782609, 0, 0, 0 
2015-02-07T15:32:30, 73.30609375, 0, 0, 0 
2015-02-07T15:37:30, 73.3062162162, 0, 0, 0 
2015-02-07T15:42:30, 73.306728972, 0, 0, 0 
2015-02-07T15:47:30, 73.3057281553, 0, 0, 0 
2015-02-07T15:52:30, 73.3058677686, 0, 0, 0 
2015-02-07T15:57:30, 73.3062790698, 0, 0, 0 
2015-02-07T16:02:30, 73.3066129032, 0, 0, 0 
2015-02-07T16:07:30, 73.306969697, 0, 0, 0 
2015-02-07T16:12:30, 73.3060952381, 0, 0, 0 
2015-02-07T16:17:30, 73.3060526316, 0, 0, 0 
2015-02-07T16:22:30, 73.3074045802, 0, 0, 0 
2015-02-07T16:27:30, 73.3074107143, 0, 0, 0 
2015-02-07T16:32:30, 73.3062295082, 0, 0, 0 
2015-02-07T16:37:30, 73.3065, 0, 0, 0 
2015-02-07T16:42:30, 73.3072440945, 0, 0, 0 
2015-02-07T16:47:30, 73.307027027, 0, 0, 0 
2015-02-07T16:52:30, 73.3070093458, 0, 0, 0 
2015-02-07T16:57:30, 73.3075961538, 0, 0, 0 
2015-02-07T17:02:30, 73.3071681416, 0, 0, 0 
2015-02-07T17:07:30, 73.3069105691, 0, 0, 0 
2015-02-07T17:12:30, 73.3070652174, 0, 0, 0 
2015-02-07T17:17:30, 73.3071717172, 0, 0, 0 
2015-02-07T17:22:30, 73.3082828283, 0, 0, 0 
2015-02-07T17:27:30, 73.3067741935, 0, 0, 0 
2015-02-07T17:32:30, 73.306440678, 0, 0, 0 
2015-02-07T17:37:30, 73.3071, 0, 0, 0 
2015-02-07T17:42:30, 73.3075, 0, 0, 0 
2015-02-07T17:47:30, 73.306407767, 0, 0, 0 
2015-02-07T17:52:30, 73.3065833333, 0, 0, 0 
2015-02-07T17:57:30, 73.3062962963, 0, 0, 0 
2015-02-07T18:02:30, 73.3063888889, 0, 0, 0 
2015-02-07T18:07:30, 73.3083673469, 0, 0, 0 
2015-02-07T18:12:30, 73.3083157895, 0, 0, 0 
2015-02-07T18:17:30, 73.3093859649, 0, 0, 0 
2015-02-07T18:22:30, 73.3068085106, 0, 0, 0 
2015-02-07T18:27:30, 73.3082758621, 0, 0, 0 
2015-02-07T18:32:30, 73.3077011494, 0, 0, 0 
2015-02-07T18:37:30, 73.3087368421, 0, 0, 0 
2015-02-07T18:42:30, 73.3073333333, 0, 0, 0 
2015-02-07T18:47:30, 73.3079347826, 0, 0, 0 
2015-02-07T18:52:30, 73.3083333333, 0, 0, 0 
2015-02-07T18:57:30, 73.3075531915, 0, 0, 0 
2015-02-07T19:02:30, 73.3074468085, 0, 0, 0 
2015-02-07T19:07:30, 73.3072727273, 0, 0, 0 
2015-02-07T19:12:30, 73.3075652174, 0, 0, 0 
2015-02-07T19:17:30, 73.3061111111, 0, 0, 0 
2015-02-07T19:22:30, 73.3065656566, 0, 0, 0 
2015-02-07T19:27:30, 73.3077192982, 0, 0, 0 
2015-02-07T19:32:30, 73.3079439252, 0, 0, 0 
2015-02-07T19:37:30, 73.3073267327, 0, 0, 0 
2015-02-07T19:42:30, 73.3076470588, 0, 0, 0 
2015-02-07T19:47:30, 73.3074, 0, 0, 0 
2015-02-07T19:52:30, 73.306962963, 0, 0, 0 
2015-02-07T19:57:30, 73.307079646, 0, 0, 0 
2015-02-07T20:02:30, 73.3068316832, 0, 0, 0 
2015-02-07T20:07:30, 73.3067567568, 0, 0, 0 
2015-02-07T20:12:30, 73.3060483871, 0, 0, 0 
2015-02-07T20:17:30, 73.3063551402, 0, 0, 0 
2015-02-07T20:22:30, 73.3065546218, 0, 0, 0 
2015-02-07T20:27:30, 73.306302521, 0, 0, 0 
2015-02-07T20:32:30, 73.3059349593, 0, 0, 0 
2015-02-07T20:37:30, 73.3063888889, 0, 0, 0 
2015-02-07T20:42:30, 73.3059398496, 0, 0, 0 
2015-02-07T20:47:30, 73.305826087, 0, 0, 0 
2015-02-07T20:52:30, 73.3056617647, 0, 0, 0 
2015-02-07T20:57:30, 73.306124031, 0, 0, 0 
2015-02-07T21:02:30, 73.3061688312, 0, 0, 0 
2015-02-07T21:07:30, 73.3059292035, 0, 0, 0 
2015-02-07T21:12:30, 73.3062773723, 0, 0, 0 
2015-02-07T21:17:30, 73.3065546218, 0, 0, 0 
2015-02-07T21:22:30, 73.3060431655, 0, 0, 0 
2015-02-07T21:27:30, 73.306119403, 0, 0, 0 
2015-02-07T21:32:30, 73.3060869565, 0, 0, 0 
2015-02-07T21:37:30, 73.3056428571, 0, 0, 0 
2015-02-07T21:42:30, 73.305703125, 0, 0, 0 
2015-02-07T21:47:30, 73.3058823529, 0, 0, 0 
2015-02-07T21:52:30, 73.3053284672, 0, 0, 0 
2015-02-07T21:57:30, 73.3052713178, 0, 0, 0 
2015-02-07T22:02:30, 73.305862069, 0, 0, 0 
2015-02-07T22:07:30, 73.3053030303, 0, 0, 0 
2015-02-07T22:12:30, 73.3052173913, 0, 0, 0 
2015-02-07T22:17:30, 73.3055479452, 0, 0, 0 
2015-02-07T22:22:30, 73.3057142857, 0, 0, 0 
2015-02-07T22:27:30, 73.3049635036, 0, 0, 0 
2015-02-07T22:32:30, 73.3055944056, 0, 0, 0 
2015-02-07T22:37:30, 73.3053741497, 0, 0, 0 
2015-02-07T22:42:30, 73.3051298701, 0, 0, 0 
2015-02-07T22:47:30, 73.3057037037, 0, 0, 0 
2015-02-07T22:52:30, 73.3053103448, 0, 0, 0 
2015-02-07T22:57:30, 73.3054411765, 0, 0, 0 
2015-02-07T23:02:30, 73.3053846154, 0, 0, 0 
2015-02-07T23:07:30, 73.3058219178, 0, 0, 0 
2015-02-07T23:12:30, 73.3056521739, 0, 0, 0 
2015-02-07T23:17:30, 73.3068275862, 0, 0, 0 
2015-02-07T23:22:30, 73.3059398496, 0, 0, 0 
2015-02-07T23:27:30, 73.3066666667, 0, 0, 0 
2015-02-07T23:32:30, 73.3060144928, 0, 0, 0 
2015-02-07T23:37:30, 73.305546875, 0, 0, 0 
2015-02-07T23:42:30, 73.3058333333, 0, 0, 0 
2015-02-07T23:47:30, 73.3059027778, 0, 0, 0 
2015-02-07T23:52:30, 73.3055782313, 0, 0, 0 
2015-02-07T23:57:30, 73.3054545455, 0, 0, 0 
2015-02-08T00:02:30, 73.3058441558, 0, 0, 0 
2015-02-08T00:07:30, 73.3051798561, 0, 0, 0 
2015-02-08T00:12:30, 73.3055483871, 0, 0, 0 
2015-02-08T00:17:30, 73.3056589147, 0, 0, 0 
2015-02-08T00:22:30, 73.3053448276, 0, 0, 0 
2015-02-08T00:27:30, 73.3055714286, 0, 0, 0 
2015-02-08T00:32:30, 73.3058865248, 0, 0, 0 
2015-02-08T00:37:30, 73.3060465116, 0, 0, 0 
2015-02-08T00:42:30, 73.3058878505, 0, 0, 0 
2015-02-08T00:47:30, 73.3066071429, 0, 0, 0 
2015-02-08T00:52:30, 73.3071428571, 0, 0, 0 
2015-02-08T00:57:30, 73.3059689922, 0, 0, 0 
2015-02-08T01:02:30, 73.3067676768, 0, 0, 0 
2015-02-08T01:07:30, 73.3069747899, 0, 0, 0 
2015-02-08T01:12:30, 73.3058441558, 0, 0, 0 
2015-02-08T01:17:30, 73.30536, 0, 0, 0 
2015-02-08T01:22:30, 73.3056666667, 0, 0, 0 
2015-02-08T01:27:30, 73.3054716981, 0, 0, 0 
2015-02-08T01:32:30, 73.3051282051, 0, 0, 0 
2015-02-08T01:37:30, 73.3052173913, 0, 0, 0 
2015-02-08T01:42:30, 73.3052631579, 0, 0, 0 
2015-02-08T01:47:30, 73.3051094891, 0, 0, 0 
2015-02-08T01:52:30, 73.305483871, 0, 0, 0 
2015-02-08T01:57:30, 73.3052287582, 0, 0, 0 
2015-02-08T02:02:30, 73.3054166667, 0, 0, 0 
2015-02-08T02:07:30, 73.3053521127, 0, 0, 0 
2015-02-08T02:12:30, 73.3053383459, 0, 0, 0 
2015-02-08T02:17:30, 73.3054140127, 0, 0, 0 
2015-02-08T02:22:30, 73.3050887574, 0, 0, 0 
2015-02-08T02:27:30, 73.305, 0, 0, 0 
2015-02-08T02:32:30, 73.3049006623, 0, 0, 0 
2015-02-08T02:37:30, 73.3055921053, 0, 0, 0 
2015-02-08T02:42:30, 73.305, 0, 0, 0 
2015-02-08T02:47:30, 73.3053956835, 0, 0, 0 
2015-02-08T02:52:30, 73.3050704225, 0, 0, 0 
2015-02-08T02:57:30, 73.3053076923, 0, 0, 0 
2015-02-08T03:02:30, 73.3052631579, 0, 0, 0 
2015-02-08T03:07:30, 73.3050318471, 0, 0, 0 
2015-02-08T03:12:30, 73.3048026316, 0, 0, 0 
2015-02-08T03:17:30, 73.3043939394, 0, 0, 0 
2015-02-08T03:22:30, 73.3047674419, 0, 0, 0 
2015-02-08T03:27:30, 73.3048648649, 0, 0, 0 
2015-02-08T03:32:30, 73.3046491228, 0, 0, 0 
2015-02-08T03:37:30, 73.3049295775, 0, 0, 0 
2015-02-08T03:42:30, 73.3050322581, 0, 0, 0 
2015-02-08T03:47:30, 73.3047142857, 0, 0, 0 
2015-02-08T03:52:30, 73.3046405229, 0, 0, 0 
2015-02-08T03:57:30, 73.3045185185, 0, 0, 0 
2015-02-08T04:02:30, 73.305, 0, 0, 0 
2015-02-08T04:07:30, 73.3046043165, 0, 0, 0 
2015-02-08T04:12:30, 73.3047887324, 0, 0, 0 
2015-02-08T04:17:30, 73.3046575342, 0, 0, 0 
2015-02-08T04:22:30, 73.3046376812, 0, 0, 0 
2015-02-08T04:27:30, 73.3047169811, 0, 0, 0 
2015-02-08T04:32:30, 73.3039705882, 0, 0, 0 
2015-02-08T04:37:30, 73.3036507937, 0, 0, 0 
2015-02-08T04:42:30, 73.3037735849, 0, 0, 0 
2015-02-08T04:47:30, 73.3038596491, 0, 0, 0 
2015-02-08T04:52:30, 73.3041176471, 0, 0, 0 
2015-02-08T04:57:30, 73.3042608696, 0, 0, 0 
2015-02-08T05:02:30, 73.3039, 0, 0, 0 
2015-02-08T05:07:30, 73.3040869565, 0, 0, 0 
2015-02-08T05:12:30, 73.3037383178, 0, 0, 0 
2015-02-08T05:17:30, 73.3027027027, 0, 0, 0 
2015-02-08T05:22:30, 73.3035, 0, 0, 0 
2015-02-08T05:27:30, 73.3039215686, 0, 0, 0 
2015-02-08T05:32:30, 73.3036206897, 0, 0, 0 
2015-02-08T05:37:30, 73.303655914, 0, 0, 0 
2015-02-08T05:42:30, 73.3030097087, 0, 0, 0 
2015-02-08T05:47:30, 73.3031325301, 0, 0, 0 
2015-02-08T05:52:30, 73.3036440678, 0, 0, 0 
2015-02-08T05:57:30, 73.3030534351, 0, 0, 0 
2015-02-08T06:02:30, 73.3035772358, 0, 0, 0 
2015-02-08T06:07:30, 73.3046315789, 0, 0, 0 
2015-02-08T06:12:30, 73.3036792453, 0, 0, 0 
2015-02-08T06:17:30, 73.304676259, 0, 0, 0 
2015-02-08T06:22:30, 73.30376, 0, 0, 0 
2015-02-08T06:27:30, 73.3040740741, 0, 0, 0 
2015-02-08T06:32:30, 73.303902439, 0, 0, 0 
2015-02-08T06:37:30, 73.3041441441, 0, 0, 0 
2015-02-08T06:42:30, 73.3041284404, 0, 0, 0 
2015-02-08T06:47:30, 73.3021428571, 0, 0, 0 
2015-02-08T06:52:30, 73.3039669421, 0, 0, 0 
2015-02-08T06:57:30, 73.3017272727, 0, 0, 0 
2015-02-08T07:02:30, 73.3028, 0, 0, 0 
2015-02-08T07:07:30, 73.3021111111, 0, 0, 0 
2015-02-08T07:12:30, 73.301443299, 0, 0, 0 
2015-02-08T07:17:30, 73.3013793103, 0, 0, 0 
2015-02-08T07:22:30, 73.3006185567, 0, 0, 0 
2015-02-08T07:27:30, 73.2992, 0, 0, 0 
2015-02-08T07:32:30, 73.3006097561, 0, 0, 0 
2015-02-08T07:37:30, 73.2994871795, 0, 0, 0 
2015-02-08T07:42:30, 73.3012987013, 0, 0, 0 
2015-02-08T07:47:30, 73.3, 0, 0, 0 
2015-02-08T07:52:30, 73.3003125, 0, 0, 0 
2015-02-08T07:57:30, 73.2959615385, 0, 0, 0 
2015-02-08T08:02:30, 73.2979310345, 0, 0, 0 
2015-02-08T08:07:30, 73.2957798165, 0, 0, 0 
2015-02-08T08:12:30, 73.2963636364, 0, 0, 0 
2015-02-08T08:17:30, 73.2951456311, 0, 0, 0 
2015-02-08T08:22:30, 73.2952631579, 0, 0, 0 
2015-02-08T08:27:30, 73.2948854962, 0, 0, 0 
2015-02-08T08:32:30, 73.2948507463, 0, 0, 0 
2015-02-08T08:37:30, 73.2943971631, 0, 0, 0 
2015-02-08T08:42:30, 73.2943846154, 0, 0, 0 
2015-02-08T08:47:30, 73.2952348993, 0, 0, 0 
2015-02-08T08:52:30, 73.2944525547, 0, 0, 0 
2015-02-08T08:57:30, 73.2940425532, 0, 0, 0 
2015-02-08T09:02:30, 73.2946621622, 0, 0, 0 
2015-02-08T09:07:30, 73.2940939597, 0, 0, 0 
2015-02-08T09:12:30, 73.2940397351, 0, 0, 0 
2015-02-08T09:17:30, 73.2942176871, 0, 0, 0 
2015-02-08T09:22:30, 73.2940127389, 0, 0, 0 
2015-02-08T09:27:30, 73.2935428571, 0, 0, 0 
2015-02-08T09:32:30, 73.2935849057, 0, 0, 0 
2015-02-08T09:37:30, 73.2932768362, 0, 0, 0 
2015-02-08T09:42:30, 73.2938505747, 0, 0, 0 
2015-02-08T09:47:30, 73.2937125749, 0, 0, 0 
2015-02-08T09:52:30, 73.2939520958, 0, 0, 0 
2015-02-08T09:57:30, 73.2946575342, 0, 0, 0 
2015-02-08T10:02:30, 73.2948780488, 0, 0, 0 
2015-02-08T10:07:30, 73.2943333333, 0, 0, 0 
2015-02-08T10:12:30, 73.2935625, 0, 0, 0 
2015-02-08T10:17:30, 73.2935294118, 0, 0, 0 
2015-02-08T10:22:30, 73.2936470588, 0, 0, 0 
2015-02-08T10:27:30, 73.2937588652, 0, 0, 0 
2015-02-08T10:32:30, 73.2944970414, 0, 0, 0 
2015-02-08T10:37:30, 73.2936419753, 0, 0, 0 
2015-02-08T10:42:30, 73.2939130435, 0, 0, 0 
2015-02-08T10:47:30, 73.293836478, 0, 0, 0 
2015-02-08T10:52:30, 73.2933766234, 0, 0, 0 
2015-02-08T10:57:30, 73.2941916168, 0, 0, 0 
2015-02-08T11:02:30, 73.2940782123, 0, 0, 0 
2015-02-08T11:07:30, 73.2940384615, 0, 0, 0 
2015-02-08T11:12:30, 73.2933707865, 0, 0, 0 
2015-02-08T11:17:30, 73.2934355828, 0, 0, 0 
2015-02-08T11:22:30, 73.2943506494, 0, 0, 0 
2015-02-08T11:27:30, 73.2942176871, 0, 0, 0 
2015-02-08T11:32:30, 73.2940697674, 0, 0, 0 
2015-02-08T11:37:30, 73.2939240506, 0, 0, 0 
2015-02-08T11:42:30, 73.2943312102, 0, 0, 0 
2015-02-08T11:47:30, 73.2943835616, 0, 0, 0 
2015-02-08T11:52:30, 73.2944444444, 0, 0, 0 
2015-02-08T11:57:30, 73.2945070423, 0, 0, 0 
2015-02-08T12:02:30, 73.295078125, 0, 0, 0 
2015-02-08T12:07:30, 73.2961344538, 0, 0, 0 
2015-02-08T12:12:30, 73.2950381679, 0, 0, 0 
2015-02-08T12:17:30, 73.2957692308, 0, 0, 0 
2015-02-08T12:22:30, 73.295, 0, 0, 0 
2015-02-08T12:27:30, 73.2958333333, 0, 0, 0 
2015-02-08T12:32:30, 73.2958461538, 0, 0, 0 
2015-02-08T12:37:30, 73.2956060606, 0, 0, 0 
2015-02-08T12:42:30, 73.2951612903, 0, 0, 0 
2015-02-08T12:47:30, 73.29576, 0, 0, 0 
2015-02-08T12:52:30, 73.2962962963, 0, 0, 0 
2015-02-08T12:57:30, 73.2967741935, 0, 0, 0 
2015-02-08T13:02:30, 73.2971578947, 0, 0, 0 
2015-02-08T13:07:30, 73.2961320755, 0, 0, 0 
2015-02-08T13:12:30, 73.2959550562, 0, 0, 0 
2015-02-08T13:17:30, 73.2972131148, 0, 0, 0 
2015-02-08T13:22:30, 73.2964102564, 0, 0, 0 
2015-02-08T13:27:30, 73.2974380165, 0, 0, 0 
2015-02-08T13:32:30, 73.2972649573, 0, 0, 0 
2015-02-08T13:37:30, 73.2972222222, 0, 0, 0 
2015-02-08T13:42:30, 73.2977333333, 0, 0, 0 
2015-02-08T13:47:30, 73.2978823529, 0, 0, 0 
2015-02-08T13:52:30, 73.2983505155, 0, 0, 0 
2015-02-08T13:57:30, 73.298, 0, 0, 0 
2015-02-08T14:02:30, 73.2984615385, 0, 0, 0 
2015-02-08T14:07:30, 73.3001282051, 0, 0, 0 
2015-02-08T14:12:30, 73.298125, 0, 0, 0 
2015-02-08T14:17:30, 73.2994505495, 0, 0, 0 
2015-02-08T14:22:30, 73.2998837209, 0, 0, 0 
2015-02-08T14:27:30, 73.3009090909, 0, 0, 0 
2015-02-08T14:32:30, 73.300776699, 0, 0, 0 
2015-02-08T14:37:30, 73.2994565217, 0, 0, 0 
2015-02-08T14:42:30, 73.3012941176, 0, 0, 0 
2015-02-08T14:47:30, 73.3010344828, 0, 0, 0 
2015-02-08T14:52:30, 73.3030263158, 0, 0, 0 
2015-02-08T14:57:30, 73.3026732673, 0, 0, 0 
2015-02-08T15:02:30, 73.3022105263, 0, 0, 0 
2015-02-08T15:07:30, 73.3018823529, 0, 0, 0 
2015-02-08T15:12:30, 73.302247191, 0, 0, 0 
2015-02-08T15:17:30, 73.301443299, 0, 0, 0 
2015-02-08T15:22:30, 73.3027659574, 0, 0, 0 
2015-02-08T15:27:30, 73.3028735632, 0, 0, 0 
2015-02-08T15:32:30, 73.3026851852, 0, 0, 0 
2015-02-08T15:37:30, 73.302972973, 0, 0, 0 
2015-02-08T15:42:30, 73.3017977528, 0, 0, 0 
2015-02-08T15:47:30, 73.303, 0, 0, 0 
2015-02-08T15:52:30, 73.303125, 0, 0, 0 
2015-02-08T15:57:30, 73.3028865979, 0, 0, 0 
2015-02-08T16:02:30, 73.3023809524, 0, 0, 0 
2015-02-08T16:07:30, 73.302826087, 0, 0, 0 
2015-02-08T16:12:30, 73.3030327869, 0, 0, 0 
2015-02-08T16:17:30, 73.3032967033, 0, 0, 0 
2015-02-08T16:22:30, 73.3037647059, 0, 0, 0 
2015-02-08T16:27:30, 73.3040677966, 0, 0, 0 
2015-02-08T16:32:30, 73.303539823, 0, 0, 0 
2015-02-08T16:37:30, 73.303984375, 0, 0, 0 
2015-02-08T16:42:30, 73.3039047619, 0, 0, 0 
2015-02-08T16:47:30, 73.3040625, 0, 0, 0 
2015-02-08T16:52:30, 73.3029807692, 0, 0, 0 
2015-02-08T16:57:30, 73.3040540541, 0, 0, 0 
2015-02-08T17:02:30, 73.304159292, 0, 0, 0 
2015-02-08T17:07:30, 73.3036065574, 0, 0, 0 
2015-02-08T17:12:30, 73.3036134454, 0, 0, 0 
2015-02-08T17:17:30, 73.3034513274, 0, 0, 0 
2015-02-08T17:22:30, 73.3044852941, 0, 0, 0 
2015-02-08T17:27:30, 73.3042063492, 0, 0, 0 
2015-02-08T17:32:30, 73.3041791045, 0, 0, 0 
2015-02-08T17:37:30, 73.3038211382, 0, 0, 0 
2015-02-08T17:42:30, 73.3038095238, 0, 0, 0 
2015-02-08T17:47:30, 73.3044354839, 0, 0, 0 
2015-02-08T17:52:30, 73.3040963855, 0, 0, 0 
2015-02-08T17:57:30, 73.3038235294, 0, 0, 0 
2015-02-08T18:02:30, 73.3043434343, 0, 0, 0 
2015-02-08T18:07:30, 73.3035483871, 0, 0, 0 
2015-02-08T18:12:30, 73.3035245902, 0, 0, 0 
2015-02-08T18:17:30, 73.304625, 0, 0, 0 
2015-02-08T18:22:30, 73.3039252336, 0, 0, 0 
2015-02-08T18:27:30, 73.3036893204, 0, 0, 0 
2015-02-08T18:32:30, 73.3038938053, 0, 0, 0 
2015-02-08T18:37:30, 73.3033673469, 0, 0, 0 
2015-02-08T18:42:30, 73.3040151515, 0, 0, 0 
2015-02-08T18:47:30, 73.303625, 0, 0, 0 
2015-02-08T18:52:30, 73.3030555556, 0, 0, 0 
2015-02-08T18:57:30, 73.3028571429, 0, 0, 0 
2015-02-08T19:02:30, 73.3032432432, 0, 0, 0 
2015-02-08T19:07:30, 73.3037795276, 0, 0, 0 
2015-02-08T19:12:30, 73.30375, 0, 0, 0 
2015-02-08T19:17:30, 73.3047787611, 0, 0, 0 
2015-02-08T19:22:30, 73.3042735043, 0, 0, 0 
2015-02-08T19:27:30, 73.3039655172, 0, 0, 0 
2015-02-08T19:32:30, 73.303592233, 0, 0, 0 
2015-02-08T19:37:30, 73.3035714286, 0, 0, 0 
2015-02-08T19:42:30, 73.3030769231, 0, 0, 0 
2015-02-08T19:47:30, 73.3027350427, 0, 0, 0 
2015-02-08T19:52:30, 73.3039784946, 0, 0, 0 
2015-02-08T19:57:30, 73.3023148148, 0, 0, 0 
2015-02-08T20:02:30, 73.3034567901, 0, 0, 0 
2015-02-08T20:07:30, 73.3032, 0, 0, 0 
2015-02-08T20:12:30, 73.3024705882, 0, 0, 0 
2015-02-08T20:17:30, 73.3029069767, 0, 0, 0 
2015-02-08T20:22:30, 73.3028828829, 0, 0, 0 
2015-02-08T20:27:30, 73.3040816327, 0, 0, 0 
2015-02-08T20:32:30, 73.3012631579, 0, 0, 0 
2015-02-08T20:37:30, 73.3036893204, 0, 0, 0 
2015-02-08T20:42:30, 73.3028971963, 0, 0, 0 
2015-02-08T20:47:30, 73.302173913, 0, 0, 0 
2015-02-08T20:52:30, 73.3032989691, 0, 0, 0 
2015-02-08T20:57:30, 73.3026415094, 0, 0, 0 
2015-02-08T21:02:30, 73.3027, 0, 0, 0 
2015-02-08T21:07:30, 73.3032110092, 0, 0, 0 
2015-02-08T21:12:30, 73.3017475728, 0, 0, 0 
2015-02-08T21:17:30, 73.3026804124, 0, 0, 0 
2015-02-08T21:22:30, 73.3026966292, 0, 0, 0 
2015-02-08T21:27:30, 73.3031081081, 0, 0, 0 
2015-02-08T21:32:30, 73.3025742574, 0, 0, 0 
2015-02-08T21:37:30, 73.3030097087, 0, 0, 0 
2015-02-08T21:42:30, 73.3022988506, 0, 0, 0 
2015-02-08T21:47:30, 73.302875, 0, 0, 0 
2015-02-08T21:52:30, 73.3019587629, 0, 0, 0 
2015-02-08T21:57:30, 73.3012087912, 0, 0, 0 
2015-02-08T22:02:30, 73.3001176471, 0, 0, 0 
2015-02-08T22:07:30, 73.301625, 0, 0, 0 
2015-02-08T22:12:30, 73.3029347826, 0, 0, 0 
2015-02-08T22:17:30, 73.3035051546, 0, 0, 0 
2015-02-08T22:22:30, 73.3038, 0, 0, 0 
2015-02-08T22:27:30, 73.3039772727, 0, 0, 0 
2015-02-08T22:32:30, 73.3033653846, 0, 0, 0 
2015-02-08T22:37:30, 73.3029885057, 0, 0, 0 
2015-02-08T22:42:30, 73.3034343434, 0, 0, 0 
2015-02-08T22:47:30, 73.3035955056, 0, 0, 0 
2015-02-08T22:52:30, 73.3033695652, 0, 0, 0 
2015-02-08T22:57:30, 73.3032183908, 0, 0, 0 
2015-02-08T23:02:30, 73.3028915663, 0, 0, 0 
2015-02-08T23:07:30, 73.303, 0, 0, 0 
2015-02-08T23:12:30, 73.3014634146, 0, 0, 0 
2015-02-08T23:17:30, 73.3019354839, 0, 0, 0 
2015-02-08T23:22:30, 73.3, 0, 0, 0 
2015-02-08T23:27:30, 73.2994594595, 0, 0, 0 
2015-02-08T23:32:30, 73.2998989899, 0, 0, 0 
2015-02-08T23:37:30, 73.300952381, 0, 0, 0 
2015-02-08T23:42:30, 73.299875, 0, 0, 0 
2015-02-08T23:47:30, 73.3004878049, 0, 0, 0 
2015-02-08T23:52:30, 73.2989361702, 0, 0, 0 
2015-02-08T23:57:30, 73.3023376623, 0, 0, 0 
2015-02-09T00:02:30, 73.3019191919, 0, 0, 0 
2015-02-09T00:07:30, 73.3011904762, 0, 0, 0 
2015-02-09T00:12:30, 73.3018571429, 0, 0, 0 
2015-02-09T00:17:30, 73.3005882353, 0, 0, 0 
2015-02-09T00:22:30, 73.3019117647, 0, 0, 0 
2015-02-09T00:27:30, 73.3024742268, 0, 0, 0 
2015-02-09T00:32:30, 73.3018390805, 0, 0, 0 
2015-02-09T00:37:30, 73.3012087912, 0, 0, 0 
2015-02-09T00:42:30, 73.3021698113, 0, 0, 0 
2015-02-09T00:47:30, 73.3033333333, 0, 0, 0 
2015-02-09T00:52:30, 73.30375, 0, 0, 0 
2015-02-09T00:57:30, 73.3029787234, 0, 0, 0 
2015-02-09T01:02:30, 73.3030097087, 0, 0, 0 
2015-02-09T01:07:30, 73.3038961039, 0, 0, 0 
2015-02-09T01:12:30, 73.3021, 0, 0, 0 
2015-02-09T01:17:30, 73.3004123711, 0, 0, 0 
2015-02-09T01:22:30, 73.3, 0, 0, 0 
2015-02-09T01:27:30, 73.3011688312, 0, 0, 0 
2015-02-09T01:32:30, 73.3012345679, 0, 0, 0 
2015-02-09T01:37:30, 73.3013483146, 0, 0, 0 
2015-02-09T01:42:30, 73.3021875, 0, 0, 0 
2015-02-09T01:47:30, 73.3024299065, 0, 0, 0 
2015-02-09T01:52:30, 73.3029213483, 0, 0, 0 
2015-02-09T01:57:30, 73.3033653846, 0, 0, 0 
2015-02-09T02:02:30, 73.3036363636, 0, 0, 0 
2015-02-09T02:07:30, 73.303, 0, 0, 0 
2015-02-09T02:12:30, 73.3036842105, 0, 0, 0 
2015-02-09T02:17:30, 73.3027522936, 0, 0, 0 
2015-02-09T02:22:30, 73.3036144578, 0, 0, 0 
2015-02-09T02:27:30, 73.3032323232, 0, 0, 0 
2015-02-09T02:32:30, 73.3038383838, 0, 0, 0 
2015-02-09T02:37:30, 73.3032142857, 0, 0, 0 
2015-02-09T02:42:30, 73.3036607143, 0, 0, 0 
2015-02-09T02:47:30, 73.3039784946, 0, 0, 0 
2015-02-09T02:52:30, 73.3015662651, 0, 0, 0 
2015-02-09T02:57:30, 73.30375, 0, 0, 0 
2015-02-09T03:02:30, 73.3033, 0, 0, 0 
2015-02-09T03:07:30, 73.3033043478, 0, 0, 0 
2015-02-09T03:12:30, 73.3022680412, 0, 0, 0 
2015-02-09T03:17:30, 73.3014634146, 0, 0, 0 
2015-02-09T03:22:30, 73.2997297297, 0, 0, 0 
2015-02-09T03:27:30, 73.3010666667, 0, 0, 0 
2015-02-09T03:32:30, 73.2998529412, 0, 0, 0 
2015-02-09T03:37:30, 73.3007142857, 0, 0, 0 
2015-02-09T03:42:30, 73.3015151515, 0, 0, 0 
2015-02-09T03:47:30, 73.3008433735, 0, 0, 0 
2015-02-09T03:52:30, 73.2987912088, 0, 0, 0 
2015-02-09T03:57:30, 73.2985046729, 0, 0, 0 
2015-02-09T04:02:30, 73.297804878, 0, 0, 0 
2015-02-09T04:07:30, 73.2976923077, 0, 0, 0 
2015-02-09T04:12:30, 73.2987012987, 0, 0, 0 
2015-02-09T04:17:30, 73.2981318681, 0, 0, 0 
2015-02-09T04:22:30, 73.2979411765, 0, 0, 0 
2015-02-09T04:27:30, 73.3014814815, 0, 0, 0 
2015-02-09T04:32:30, 73.3035051546, 0, 0, 0 
2015-02-09T04:37:30, 73.3027659574, 0, 0, 0 
2015-02-09T04:42:30, 73.303030303, 0, 0, 0 
2015-02-09T04:47:30, 73.3031, 0, 0, 0 
2015-02-09T04:52:30, 73.3033333333, 0, 0, 0 
2015-02-09T04:57:30, 73.3041489362, 0, 0, 0 
2015-02-09T05:02:30, 73.3033333333, 0, 0, 0 
2015-02-09T05:07:30, 73.3041573034, 0, 0, 0 
2015-02-09T05:12:30, 73.3032142857, 0, 0, 0 
2015-02-09T05:17:30, 73.3035185185, 0, 0, 0 
2015-02-09T05:22:30, 73.3037168142, 0, 0, 0 
2015-02-09T05:27:30, 73.3037142857, 0, 0, 0 
2015-02-09T05:32:30, 73.3046721311, 0, 0, 0 
2015-02-09T05:37:30, 73.30375, 0, 0, 0 
2015-02-09T05:42:30, 73.3035051546, 0, 0, 0 
2015-02-09T05:47:30, 73.3028, 0, 0, 0 
2015-02-09T05:52:30, 73.3001298701, 0, 0, 0 
2015-02-09T05:57:30, 73.3008433735, 0, 0, 0 
2015-02-09T06:02:30, 73.3013333333, 0, 0, 0 
2015-02-09T06:07:30, 73.3017582418, 0, 0, 0 
2015-02-09T06:12:30, 73.3001470588, 0, 0, 0 
2015-02-09T06:17:30, 73.3002197802, 0, 0, 0 
2015-02-09T06:22:30, 73.2998591549, 0, 0, 0 
2015-02-09T06:27:30, 73.2985882353, 0, 0, 0 
2015-02-09T06:32:30, 73.2984146341, 0, 0, 0 
2015-02-09T06:37:30, 73.2997560976, 0, 0, 0 
2015-02-09T06:42:30, 73.2981578947, 0, 0, 0 
2015-02-09T06:47:30, 73.2971794872, 0, 0, 0 
2015-02-09T06:52:30, 73.2977227723, 0, 0, 0 
2015-02-09T06:57:30, 73.2979268293, 0, 0, 0 
2015-02-09T07:02:30, 73.2982954545, 0, 0, 0 
2015-02-09T07:07:30, 73.2989156627, 0, 0, 0 
2015-02-09T07:12:30, 73.2969767442, 0, 0, 0 
2015-02-09T07:17:30, 73.2967021277, 0, 0, 0 
2015-02-09T07:22:30, 73.2955752212, 0, 0, 0 
2015-02-09T07:27:30, 73.2960504202, 0, 0, 0 
2015-02-09T07:32:30, 73.2958, 0, 0, 0 
2015-02-09T07:37:30, 73.2956666667, 0, 0, 0 
2015-02-09T07:42:30, 73.2952777778, 0, 0, 0 
2015-02-09T07:47:30, 73.2956363636, 0, 0, 0 
2015-02-09T07:52:30, 73.2947727273, 0, 0, 0 
2015-02-09T07:57:30, 73.2953846154, 0, 0, 0 
2015-02-09T08:02:30, 73.2954225352, 0, 0, 0 
2015-02-09T08:07:30, 73.2958064516, 0, 0, 0 
2015-02-09T08:12:30, 73.2957983193, 0, 0, 0 
2015-02-09T08:17:30, 73.2949565217, 0, 0, 0 
2015-02-09T08:22:30, 73.294587156, 0, 0, 0 
2015-02-09T08:27:30, 73.295982906, 0, 0, 0 
2015-02-09T08:32:30, 73.295390625, 0, 0, 0 
2015-02-09T08:37:30, 73.2949166667, 0, 0, 0 
2015-02-09T08:42:30, 73.29475, 0, 0, 0 
2015-02-09T08:47:30, 73.2959663866, 0, 0, 0 
2015-02-09T08:52:30, 73.2954700855, 0, 0, 0 
2015-02-09T08:57:30, 73.2955357143, 0, 0, 0 
2015-02-09T09:02:30, 73.2964444444, 0, 0, 0 
2015-02-09T09:07:30, 73.2960784314, 0, 0, 0 
2015-02-09T09:12:30, 73.2959482759, 0, 0, 0 
2015-02-09T09:17:30, 73.2950925926, 0, 0, 0 
2015-02-09T09:22:30, 73.2958490566, 0, 0, 0 
2015-02-09T09:27:30, 73.2960227273, 0, 0, 0 
2015-02-09T09:32:30, 73.2966315789, 0, 0, 0 
2015-02-09T09:37:30, 73.295, 0, 0, 0 
2015-02-09T09:42:30, 73.2957758621, 0, 0, 0 
2015-02-09T09:47:30, 73.2949565217, 0, 0, 0 
2015-02-09T09:52:30, 73.2951818182, 0, 0, 0 
2015-02-09T09:57:30, 73.2953043478, 0, 0, 0 
2015-02-09T10:02:30, 73.2970192308, 0, 0, 0 
2015-02-09T10:07:30, 73.2969863014, 0, 0, 0 
2015-02-09T10:12:30, 73.296875, 0, 0, 0 
2015-02-09T10:17:30, 73.2969047619, 0, 0, 0 
2015-02-09T10:22:30, 73.2966326531, 0, 0, 0 
2015-02-09T10:27:30, 73.2997402597, 0, 0, 0 
2015-02-09T10:32:30, 73.3004040404, 0, 0, 0 
2015-02-09T10:37:30, 73.30171875, 0, 0, 0 
2015-02-09T10:42:30, 73.3006024096, 0, 0, 0 
2015-02-09T10:47:30, 73.3026829268, 0, 0, 0 
2015-02-09T10:52:30, 73.30375, 0, 0, 0 
2015-02-09T10:57:30, 73.3046043165, 0, 0, 0 
2015-02-09T11:02:30, 73.305106383, 0, 0, 0 
2015-02-09T11:07:30, 73.3051754386, 0, 0, 0 
2015-02-09T11:12:30, 73.3075862069, 0, 0, 0 
2015-02-09T11:17:30, 73.3108536585, 0, 0, 0 
2015-02-09T11:22:30, 73.3144247788, 0, 0, 0 
2015-02-09T11:27:30, 73.3157333333, 0, 0, 0 
2015-02-09T11:32:30, 73.3175903614, 0, 0, 0 
2015-02-09T11:37:30, 73.3182198953, 0, 0, 0 
2015-02-09T11:42:30, 73.3181382979, 0, 0, 0 
2015-02-09T11:47:30, 73.31975, 0, 0, 0 
2015-02-09T11:52:30, 73.3208947368, 0, 0, 0 
2015-02-09T11:57:30, 73.3233918129, 0, 0, 0 
2015-02-09T12:02:30, 73.3242635659, 0, 0, 0 
2015-02-09T12:07:30, 73.3251724138, 0, 0, 0 
2015-02-09T12:12:30, 73.3262295082, 0, 0, 0 
2015-02-09T12:17:30, 73.3273553719, 0, 0, 0 
2015-02-09T12:22:30, 73.3286138614, 0, 0, 0 
2015-02-09T12:27:30, 73.3298, 0, 0, 0 
2015-02-09T12:32:30, 73.3288, 0, 0, 0 
2015-02-09T12:37:30, 73.3304347826, 0, 0, 0 
2015-02-09T12:42:30, 73.3317045455, 0, 0, 0 
2015-02-09T12:47:30, 73.3335779817, 0, 0, 0 
2015-02-09T12:52:30, 73.3356153846, 0, 0, 0 
2015-02-09T12:57:30, 73.336125, 0, 0, 0 
2015-02-09T13:02:30, 73.3367549669, 0, 0, 0 
2015-02-09T13:07:30, 73.3376111111, 0, 0, 0 
2015-02-09T13:12:30, 73.3380628272, 0, 0, 0 
2015-02-09T13:17:30, 73.3390306122, 0, 0, 0 
2015-02-09T13:22:30, 73.3408839779, 0, 0, 0 
2015-02-09T13:27:30, 73.3409895833, 0, 0, 0 
2015-02-09T13:32:30, 73.3421787709, 0, 0, 0 
2015-02-09T13:37:30, 73.3432544379, 0, 0, 0 
2015-02-09T13:42:30, 73.3431137725, 0, 0, 0 
2015-02-09T13:47:30, 73.3441916168, 0, 0, 0 
2015-02-09T13:52:30, 73.3447619048, 0, 0, 0 
2015-02-09T13:57:30, 73.3448888889, 0, 0, 0 
2015-02-09T14:02:30, 73.3442567568, 0, 0, 0 
2015-02-09T14:07:30, 73.3456896552, 0, 0, 0 
2015-02-09T14:12:30, 73.3473913043, 0, 0, 0 
2015-02-09T14:17:30, 73.3477118644, 0, 0, 0 
2015-02-09T14:22:30, 73.3490322581, 0, 0, 0 
2015-02-09T14:27:30, 73.3510576923, 0, 0, 0 
2015-02-09T14:32:30, 73.3513, 0, 0, 0 
2015-02-09T14:37:30, 73.3513333333, 0, 0, 0 
2015-02-09T14:42:30, 73.3526724138, 0, 0, 0 
2015-02-09T14:47:30, 73.35448, 0, 0, 0 
2015-02-09T14:52:30, 73.3549264706, 0, 0, 0 
2015-02-09T14:57:30, 73.3549350649, 0, 0, 0 
2015-02-09T15:02:30, 73.3550310559, 0, 0, 0 
2015-02-09T15:07:30, 73.355, 0, 0, 0 
2015-02-09T15:12:30, 73.3553642384, 0, 0, 0 
2015-02-09T15:17:30, 73.3552409639, 0, 0, 0 
2015-02-09T15:22:30, 73.3560135135, 0, 0, 0 
2015-02-09T15:27:30, 73.3555633803, 0, 0, 0 
2015-02-09T15:32:30, 73.3552941176, 0, 0, 0 
2015-02-09T15:37:30, 73.3558394161, 0, 0, 0 
2015-02-09T15:42:30, 73.3553383459, 0, 0, 0 
2015-02-09T15:47:30, 73.355648855, 0, 0, 0 
2015-02-09T15:52:30, 73.3552985075, 0, 0, 0 
2015-02-09T15:57:30, 73.3560150376, 0, 0, 0 
2015-02-09T16:02:30, 73.3555479452, 0, 0, 0 
2015-02-09T16:07:30, 73.3553383459, 0, 0, 0 
2015-02-09T16:12:30, 73.3557664234, 0, 0, 0 
2015-02-09T16:17:30, 73.355472973, 0, 0, 0 
2015-02-09T16:22:30, 73.3553191489, 0, 0, 0 
2015-02-09T16:27:30, 73.3560169492, 0, 0, 0 
2015-02-09T16:32:30, 73.3561313869, 0, 0, 0 
2015-02-09T16:37:30, 73.3556818182, 0, 0, 0 
2015-02-09T16:42:30, 73.3576666667, 0, 0, 0 
2015-02-09T16:47:30, 73.3587272727, 0, 0, 0 
2015-02-09T16:52:30, 73.3605319149, 0, 0, 0 
2015-02-09T16:57:30, 73.3608256881, 0, 0, 0 
2015-02-09T17:02:30, 73.3601869159, 0, 0, 0 
2015-02-09T17:07:30, 73.3594392523, 0, 0, 0 
2015-02-09T17:12:30, 73.3592307692, 0, 0, 0 
2015-02-09T17:17:30, 73.3584313725, 0, 0, 0 
2015-02-09T17:22:30, 73.3577272727, 0, 0, 0 
2015-02-09T17:27:30, 73.3564492754, 0, 0, 0 
2015-02-09T17:32:30, 73.3562585034, 0, 0, 0 
2015-02-09T17:37:30, 73.3559459459, 0, 0, 0 
2015-02-09T17:42:30, 73.3552112676, 0, 0, 0 
2015-02-09T17:47:30, 73.3552, 0, 0, 0 
2015-02-09T17:52:30, 73.3550641026, 0, 0, 0 
2015-02-09T17:57:30, 73.3550359712, 0, 0, 0 
2015-02-09T18:02:30, 73.3547712418, 0, 0, 0 
2015-02-09T18:07:30, 73.3547945205, 0, 0, 0 
2015-02-09T18:12:30, 73.3546808511, 0, 0, 0 
2015-02-09T18:17:30, 73.3545945946, 0, 0, 0 
2015-02-09T18:22:30, 73.3543925234, 0, 0, 0 
2015-02-09T18:27:30, 73.3540206186, 0, 0, 0 
2015-02-09T18:32:30, 73.3520183486, 0, 0, 0 
2015-02-09T18:37:30, 73.3520754717, 0, 0, 0 
2015-02-09T18:42:30, 73.3515533981, 0, 0, 0 
2015-02-09T18:47:30, 73.3514141414, 0, 0, 0 
2015-02-09T18:52:30, 73.3488505747, 0, 0, 0 
2015-02-09T18:57:30, 73.3482644628, 0, 0, 0 
2015-02-09T19:02:30, 73.3483486239, 0, 0, 0 
2015-02-09T19:07:30, 73.3470408163, 0, 0, 0 
2015-02-09T19:12:30, 73.3481818182, 0, 0, 0 
2015-02-09T19:17:30, 73.3475757576, 0, 0, 0 
2015-02-09T19:22:30, 73.3462280702, 0, 0, 0 
2015-02-09T19:27:30, 73.3442477876, 0, 0, 0 
2015-02-09T19:32:30, 73.3451587302, 0, 0, 0 
2015-02-09T19:37:30, 73.344379085, 0, 0, 0 
2015-02-09T19:42:30, 73.3439072848, 0, 0, 0 
2015-02-09T19:47:30, 73.3440540541, 0, 0, 0 
2015-02-09T19:52:30, 73.3445625, 0, 0, 0 
2015-02-09T19:57:30, 73.3446575342, 0, 0, 0 
2015-02-09T20:02:30, 73.3443859649, 0, 0, 0 
2015-02-09T20:07:30, 73.3436263736, 0, 0, 0 
2015-02-09T20:12:30, 73.3443292683, 0, 0, 0 
2015-02-09T20:17:30, 73.3440340909, 0, 0, 0 
2015-02-09T20:22:30, 73.3433918129, 0, 0, 0 
2015-02-09T20:27:30, 73.3441025641, 0, 0, 0 
2015-02-09T20:32:30, 73.343452381, 0, 0, 0 
2015-02-09T20:37:30, 73.3435078534, 0, 0, 0 
2015-02-09T20:42:30, 73.3445121951, 0, 0, 0 
2015-02-09T20:47:30, 73.3435449735, 0, 0, 0 
2015-02-09T20:52:30, 73.3430857143, 0, 0, 0 
2015-02-09T20:57:30, 73.3430769231, 0, 0, 0 
2015-02-09T21:02:30, 73.3423497268, 0, 0, 0 
2015-02-09T21:07:30, 73.343253012, 0, 0, 0 
2015-02-09T21:12:30, 73.343030303, 0, 0, 0 
2015-02-09T21:17:30, 73.3426020408, 0, 0, 0 
2015-02-09T21:22:30, 73.3423958333, 0, 0, 0 
2015-02-09T21:27:30, 73.342408377, 0, 0, 0 
2015-02-09T21:32:30, 73.3422994652, 0, 0, 0 
2015-02-09T21:37:30, 73.3419170984, 0, 0, 0 
2015-02-09T21:42:30, 73.3417204301, 0, 0, 0 
2015-02-09T21:47:30, 73.3416393443, 0, 0, 0 
2015-02-09T21:52:30, 73.3406965174, 0, 0, 0 
2015-02-09T21:57:30, 73.3405154639, 0, 0, 0 
2015-02-09T22:02:30, 73.3411351351, 0, 0, 0 
2015-02-09T22:07:30, 73.3399489796, 0, 0, 0 
2015-02-09T22:12:30, 73.3390721649, 0, 0, 0 
2015-02-09T22:17:30, 73.3394797688, 0, 0, 0 
2015-02-09T22:22:30, 73.3393641618, 0, 0, 0 
2015-02-09T22:27:30, 73.339, 0, 0, 0 
2015-02-09T22:32:30, 73.339281768, 0, 0, 0 
2015-02-09T22:37:30, 73.3390860215, 0, 0, 0 
2015-02-09T22:42:30, 73.3394818653, 0, 0, 0 
2015-02-09T22:47:30, 73.3392146597, 0, 0, 0 
2015-02-09T22:52:30, 73.3386243386, 0, 0, 0 
2015-02-09T22:57:30, 73.339076087, 0, 0, 0 
2015-02-09T23:02:30, 73.3377906977, 0, 0, 0 
2015-02-09T23:07:30, 73.3400546448, 0, 0, 0 
2015-02-09T23:12:30, 73.3402150538, 0, 0, 0 
2015-02-09T23:17:30, 73.3395428571, 0, 0, 0 
2015-02-09T23:22:30, 73.3398857143, 0, 0, 0 
2015-02-09T23:27:30, 73.3399450549, 0, 0, 0 
2015-02-09T23:32:30, 73.3386772487, 0, 0, 0 
2015-02-09T23:37:30, 73.3383615819, 0, 0, 0 
2015-02-09T23:42:30, 73.3378494624, 0, 0, 0 
2015-02-09T23:47:30, 73.3375418994, 0, 0, 0 
2015-02-09T23:52:30, 73.3379532164, 0, 0, 0 
2015-02-09T23:57:30, 73.3379234973, 0, 0, 0 
2015-02-10T00:02:30, 73.3378285714, 0, 0, 0 
2015-02-10T00:07:30, 73.3388826816, 0, 0, 0 
2015-02-10T00:12:30, 73.3383243243, 0, 0, 0 
2015-02-10T00:17:30, 73.3378333333, 0, 0, 0 
2015-02-10T00:22:30, 73.3384971098, 0, 0, 0 
2015-02-10T00:27:30, 73.3395024876, 0, 0, 0 
2015-02-10T00:32:30, 73.3380104712, 0, 0, 0 
2015-02-10T00:37:30, 73.3386285714, 0, 0, 0 
2015-02-10T00:42:30, 73.3390217391, 0, 0, 0 
2015-02-10T00:47:30, 73.3395238095, 0, 0, 0 
2015-02-10T00:52:30, 73.3390502793, 0, 0, 0 
2015-02-10T00:57:30, 73.3388461538, 0, 0, 0 
2015-02-10T01:02:30, 73.3388059701, 0, 0, 0 
2015-02-10T01:07:30, 73.3380681818, 0, 0, 0 
2015-02-10T01:12:30, 73.3388205128, 0, 0, 0 
2015-02-10T01:17:30, 73.3385, 0, 0, 0 
2015-02-10T01:22:30, 73.33855, 0, 0, 0 
2015-02-10T01:27:30, 73.3385638298, 0, 0, 0 
2015-02-10T01:32:30, 73.3383769634, 0, 0, 0 
2015-02-10T01:37:30, 73.3386666667, 0, 0, 0 
2015-02-10T01:42:30, 73.3384102564, 0, 0, 0 
2015-02-10T01:47:30, 73.3384615385, 0, 0, 0 
2015-02-10T01:52:30, 73.3377248677, 0, 0, 0 
2015-02-10T01:57:30, 73.3381564246, 0, 0, 0 
2015-02-10T02:02:30, 73.3381609195, 0, 0, 0 
2015-02-10T02:07:30, 73.3387894737, 0, 0, 0 
2015-02-10T02:12:30, 73.338238342, 0, 0, 0 
2015-02-10T02:17:30, 73.3388043478, 0, 0, 0 
2015-02-10T02:22:30, 73.3379274611, 0, 0, 0 
2015-02-10T02:27:30, 73.3382162162, 0, 0, 0 
2015-02-10T02:32:30, 73.3392473118, 0, 0, 0 
2015-02-10T02:37:30, 73.3391052632, 0, 0, 0 
2015-02-10T02:42:30, 73.3388324873, 0, 0, 0 
2015-02-10T02:47:30, 73.3394680851, 0, 0, 0 
2015-02-10T02:52:30, 73.339047619, 0, 0, 0 
2015-02-10T02:57:30, 73.3391878173, 0, 0, 0 
2015-02-10T03:02:30, 73.33890625, 0, 0, 0 
2015-02-10T03:07:30, 73.3386910995, 0, 0, 0 
2015-02-10T03:12:30, 73.3394652406, 0, 0, 0 
2015-02-10T03:17:30, 73.3380729167, 0, 0, 0 
2015-02-10T03:22:30, 73.3379888268, 0, 0, 0 
2015-02-10T03:27:30, 73.3382446809, 0, 0, 0 
2015-02-10T03:32:30, 73.339027027, 0, 0, 0 
2015-02-10T03:37:30, 73.3382758621, 0, 0, 0 
2015-02-10T03:42:30, 73.3381865285, 0, 0, 0 
2015-02-10T03:47:30, 73.3378378378, 0, 0, 0 
2015-02-10T03:52:30, 73.3378787879, 0, 0, 0 
2015-02-10T03:57:30, 73.338071066, 0, 0, 0 
2015-02-10T04:02:30, 73.3393442623, 0, 0, 0 
2015-02-10T04:07:30, 73.3384285714, 0, 0, 0 
2015-02-10T04:12:30, 73.3374251497, 0, 0, 0 
2015-02-10T04:17:30, 73.3380110497, 0, 0, 0 
2015-02-10T04:22:30, 73.3376530612, 0, 0, 0 
2015-02-10T04:27:30, 73.338021978, 0, 0, 0 
2015-02-10T04:32:30, 73.3373410405, 0, 0, 0 
2015-02-10T04:37:30, 73.3373184358, 0, 0, 0 
2015-02-10T04:42:30, 73.337431694, 0, 0, 0 
2015-02-10T04:47:30, 73.3366292135, 0, 0, 0 
2015-02-10T04:52:30, 73.337245509, 0, 0, 0 
2015-02-10T04:57:30, 73.3372282609, 0, 0, 0 
2015-02-10T05:02:30, 73.3374719101, 0, 0, 0 
2015-02-10T05:07:30, 73.3376582278, 0, 0, 0 
2015-02-10T05:12:30, 73.3372049689, 0, 0, 0 
2015-02-10T05:17:30, 73.3372043011, 0, 0, 0 
2015-02-10T05:22:30, 73.3372891566, 0, 0, 0 
2015-02-10T05:27:30, 73.3370652174, 0, 0, 0 
2015-02-10T05:32:30, 73.3367613636, 0, 0, 0 
2015-02-10T05:37:30, 73.3375, 0, 0, 0 
2015-02-10T05:42:30, 73.3364021164, 0, 0, 0 
2015-02-10T05:47:30, 73.3359876543, 0, 0, 0 
2015-02-10T05:52:30, 73.3367403315, 0, 0, 0 
2015-02-10T05:57:30, 73.3366857143, 0, 0, 0 
2015-02-10T06:02:30, 73.3371195652, 0, 0, 0 
2015-02-10T06:07:30, 73.3369811321, 0, 0, 0 
2015-02-10T06:12:30, 73.3370056497, 0, 0, 0 
2015-02-10T06:17:30, 73.3371084337, 0, 0, 0 
2015-02-10T06:22:30, 73.3363157895, 0, 0, 0 
2015-02-10T06:27:30, 73.3365945946, 0, 0, 0 
2015-02-10T06:32:30, 73.3366272189, 0, 0, 0 
2015-02-10T06:37:30, 73.3365868263, 0, 0, 0 
2015-02-10T06:42:30, 73.3363513514, 0, 0, 0 
2015-02-10T06:47:30, 73.33625, 0, 0, 0 
2015-02-10T06:52:30, 73.3359863946, 0, 0, 0 
2015-02-10T06:57:30, 73.3359574468, 0, 0, 0 
2015-02-10T07:02:30, 73.3355479452, 0, 0, 0 
2015-02-10T07:07:30, 73.3351376147, 0, 0, 0 
2015-02-10T07:12:30, 73.3353020134, 0, 0, 0 
2015-02-10T07:17:30, 73.3362043796, 0, 0, 0 
2015-02-10T07:22:30, 73.3355555556, 0, 0, 0 
2015-02-10T07:27:30, 73.3353389831, 0, 0, 0 
2015-02-10T07:32:30, 73.3348695652, 0, 0, 0 
2015-02-10T07:37:30, 73.3353968254, 0, 0, 0 
2015-02-10T07:42:30, 73.3352517986, 0, 0, 0 
2015-02-10T07:47:30, 73.3353146853, 0, 0, 0 
2015-02-10T07:52:30, 73.3341935484, 0, 0, 0 
2015-02-10T07:57:30, 73.3344444444, 0, 0, 0 
2015-02-10T08:02:30, 73.3360126582, 0, 0, 0 
2015-02-10T08:07:30, 73.335203252, 0, 0, 0 
2015-02-10T08:12:30, 73.3355172414, 0, 0, 0 
2015-02-10T08:17:30, 73.3365217391, 0, 0, 0 
2015-02-10T08:22:30, 73.3355371901, 0, 0, 0 
2015-02-10T08:27:30, 73.3350724638, 0, 0, 0 
2015-02-10T08:32:30, 73.3349586777, 0, 0, 0 
2015-02-10T08:37:30, 73.334789916, 0, 0, 0 
2015-02-10T08:42:30, 73.3349152542, 0, 0, 0 
2015-02-10T08:47:30, 73.3341025641, 0, 0, 0 
2015-02-10T08:52:30, 73.3350769231, 0, 0, 0 
2015-02-10T08:57:30, 73.3347244094, 0, 0, 0 
2015-02-10T09:02:30, 73.3351587302, 0, 0, 0 
2015-02-10T09:07:30, 73.3361688312, 0, 0, 0 
2015-02-10T09:12:30, 73.3360759494, 0, 0, 0 
2015-02-10T09:17:30, 73.3378333333, 0, 0, 0 
2015-02-10T09:22:30, 73.3383597884, 0, 0, 0 
2015-02-10T09:27:30, 73.339197861, 0, 0, 0 
2015-02-10T09:32:30, 73.3412437811, 0, 0, 0 
2015-02-10T09:37:30, 73.3425, 0, 0, 0 
2015-02-10T09:42:30, 73.3438011696, 0, 0, 0 
2015-02-10T09:47:30, 73.3443382353, 0, 0, 0 
2015-02-10T09:52:30, 73.3448717949, 0, 0, 0 
2015-02-10T09:57:30, 73.346173913, 0, 0, 0 
2015-02-10T10:02:30, 73.3464893617, 0, 0, 0 
2015-02-10T10:07:30, 73.3503092784, 0, 0, 0 
2015-02-10T10:12:30, 73.349787234, 0, 0, 0 
2015-02-10T10:17:30, 73.3370344828, 0, 0, 0 
2015-02-10T10:22:30, 73.3367261905, 0, 0, 0 
2015-02-10T10:27:30, 73.3367682927, 0, 0, 0 
2015-02-10T10:32:30, 73.3370430108, 0, 0, 0 
2015-02-10T10:37:30, 73.3378488372, 0, 0, 0 
2015-02-10T10:42:30, 73.3393717277, 0, 0, 0 
2015-02-10T10:47:30, 73.34, 0, 0, 0 
2015-02-10T10:52:30, 73.3404787234, 0, 0, 0 
2015-02-10T10:57:30, 73.3411167513, 0, 0, 0 
2015-02-10T11:02:30, 73.3426900585, 0, 0, 0 
2015-02-10T11:07:30, 73.3426506024, 0, 0, 0 
2015-02-10T11:12:30, 73.3447272727, 0, 0, 0 
2015-02-10T11:17:30, 73.3457258065, 0, 0, 0 
2015-02-10T11:22:30, 73.3458823529, 0, 0, 0 
2015-02-10T11:27:30, 73.3482352941, 0, 0, 0 
2015-02-10T11:32:30, 73.3470689655, 0, 0, 0 
2015-02-10T11:37:30, 73.3489622642, 0, 0, 0 
2015-02-10T11:42:30, 73.3497580645, 0, 0, 0 
2015-02-10T11:47:30, 73.35203125, 0, 0, 0 
2015-02-10T11:52:30, 73.3490654206, 0, 0, 0 
2015-02-10T11:57:30, 73.35125, 0, 0, 0 
2015-02-10T12:02:30, 73.3529577465, 0, 0, 0 
2015-02-10T12:07:30, 73.3538211382, 0, 0, 0 
2015-02-10T12:12:30, 73.3519191919, 0, 0, 0 
2015-02-10T12:17:30, 73.3530555556, 0, 0, 0 
2015-02-10T12:22:30, 73.3540944882, 0, 0, 0 
2015-02-10T12:27:30, 73.3547945205, 0, 0, 0 
2015-02-10T12:32:30, 73.3548, 0, 0, 0 
2015-02-10T12:37:30, 73.3549342105, 0, 0, 0 
2015-02-10T12:42:30, 73.3550326797, 0, 0, 0 
2015-02-10T12:47:30, 73.3546451613, 0, 0, 0 
2015-02-10T12:52:30, 73.3548201439, 0, 0, 0 
2015-02-10T12:57:30, 73.354751773, 0, 0, 0 
2015-02-10T13:02:30, 73.3545637584, 0, 0, 0 
2015-02-10T13:07:30, 73.3551315789, 0, 0, 0 
2015-02-10T13:12:30, 73.3551875, 0, 0, 0 
2015-02-10T13:17:30, 73.3550967742, 0, 0, 0 
2015-02-10T13:22:30, 73.3552903226, 0, 0, 0 
2015-02-10T13:27:30, 73.3551428571, 0, 0, 0 
2015-02-10T13:32:30, 73.3551388889, 0, 0, 0 
2015-02-10T13:37:30, 73.3549350649, 0, 0, 0 
2015-02-10T13:42:30, 73.3550632911, 0, 0, 0 
2015-02-10T13:47:30, 73.3549693252, 0, 0, 0 
2015-02-10T13:52:30, 73.3548701299, 0, 0, 0 
2015-02-10T13:57:30, 73.3554605263, 0, 0, 0 
2015-02-10T14:02:30, 73.3552317881, 0, 0, 0 
2015-02-10T14:07:30, 73.3553793103, 0, 0, 0 
2015-02-10T14:12:30, 73.3552, 0, 0, 0 
2015-02-10T14:17:30, 73.3550641026, 0, 0, 0 
2015-02-10T14:22:30, 73.3550980392, 0, 0, 0 
2015-02-10T14:27:30, 73.3551633987, 0, 0, 0 
2015-02-10T14:32:30, 73.3550359712, 0, 0, 0 
2015-02-10T14:37:30, 73.3552, 0, 0, 0 
2015-02-10T14:42:30, 73.3556547619, 0, 0, 0 
2015-02-10T14:47:30, 73.3552597403, 0, 0, 0 
2015-02-10T14:52:30, 73.355443038, 0, 0, 0 
2015-02-10T14:57:30, 73.3559375, 0, 0, 0 
2015-02-10T15:02:30, 73.3554285714, 0, 0, 0 
2015-02-10T15:07:30, 73.3553020134, 0, 0, 0 
2015-02-10T15:12:30, 73.3555828221, 0, 0, 0 
2015-02-10T15:17:30, 73.3552447552, 0, 0, 0 
2015-02-10T15:22:30, 73.355035461, 0, 0, 0 
2015-02-10T15:27:30, 73.3554421769, 0, 0, 0 
2015-02-10T15:32:30, 73.3554268293, 0, 0, 0 
2015-02-10T15:37:30, 73.3555696203, 0, 0, 0 
2015-02-10T15:42:30, 73.3550993377, 0, 0, 0 
2015-02-10T15:47:30, 73.3554901961, 0, 0, 0 
2015-02-10T15:52:30, 73.3552229299, 0, 0, 0 
2015-02-10T15:57:30, 73.3554605263, 0, 0, 0 
2015-02-10T16:02:30, 73.3553289474, 0, 0, 0 
2015-02-10T16:07:30, 73.3552348993, 0, 0, 0 
2015-02-10T16:12:30, 73.3562068966, 0, 0, 0 
2015-02-10T16:17:30, 73.3556164384, 0, 0, 0 
2015-02-10T16:22:30, 73.3567460317, 0, 0, 0 
2015-02-10T16:27:30, 73.3556716418, 0, 0, 0 
2015-02-10T16:32:30, 73.3567375887, 0, 0, 0 
2015-02-10T16:37:30, 73.3562745098, 0, 0, 0 
2015-02-10T16:42:30, 73.3563970588, 0, 0, 0 
2015-02-10T16:47:30, 73.3564748201, 0, 0, 0 
2015-02-10T16:52:30, 73.3555491329, 0, 0, 0 
2015-02-10T16:57:30, 73.3566412214, 0, 0, 0 
2015-02-10T17:02:30, 73.3560150376, 0, 0, 0 
2015-02-10T17:07:30, 73.35625, 0, 0, 0 
2015-02-10T17:12:30, 73.3553521127, 0, 0, 0 
2015-02-10T17:17:30, 73.3551633987, 0, 0, 0 
2015-02-10T17:22:30, 73.3550649351, 0, 0, 0 
2015-02-10T17:27:30, 73.3551923077, 0, 0, 0 
2015-02-10T17:32:30, 73.3548993289, 0, 0, 0 
2015-02-10T17:37:30, 73.355035461, 0, 0, 0 
2015-02-10T17:42:30, 73.3555414013, 0, 0, 0 
2015-02-10T17:47:30, 73.3552229299, 0, 0, 0 
2015-02-10T17:52:30, 73.3555333333, 0, 0, 0 
2015-02-10T17:57:30, 73.3551592357, 0, 0, 0 
2015-02-10T18:02:30, 73.3551020408, 0, 0, 0 
2015-02-10T18:07:30, 73.3552597403, 0, 0, 0 
2015-02-10T18:12:30, 73.354625, 0, 0, 0 
2015-02-10T18:17:30, 73.3554887218, 0, 0, 0 
2015-02-10T18:22:30, 73.3545751634, 0, 0, 0 
2015-02-10T18:27:30, 73.3550694444, 0, 0, 0 
2015-02-10T18:32:30, 73.3544370861, 0, 0, 0 
2015-02-10T18:37:30, 73.3550684932, 0, 0, 0 
2015-02-10T18:42:30, 73.3544966443, 0, 0, 0 
2015-02-10T18:47:30, 73.3540909091, 0, 0, 0 
2015-02-10T18:52:30, 73.3544202899, 0, 0, 0 
2015-02-10T18:57:30, 73.3542580645, 0, 0, 0 
2015-02-10T19:02:30, 73.3548, 0, 0, 0 
2015-02-10T19:07:30, 73.3541721854, 0, 0, 0 
2015-02-10T19:12:30, 73.3544347826, 0, 0, 0 
2015-02-10T19:17:30, 73.3527777778, 0, 0, 0 
2015-02-10T19:22:30, 73.35375, 0, 0, 0 
2015-02-10T19:27:30, 73.35453125, 0, 0, 0 
2015-02-10T19:32:30, 73.354028777, 0, 0, 0 
2015-02-10T19:37:30, 73.3543442623, 0, 0, 0 
2015-02-10T19:42:30, 73.35376, 0, 0, 0 
2015-02-10T19:47:30, 73.3535433071, 0, 0, 0 
2015-02-10T19:52:30, 73.3537272727, 0, 0, 0 
2015-02-10T19:57:30, 73.3529230769, 0, 0, 0 
2015-02-10T20:02:30, 73.35248, 0, 0, 0 
2015-02-10T20:07:30, 73.3512844037, 0, 0, 0 
2015-02-10T20:12:30, 73.3518584071, 0, 0, 0 
2015-02-10T20:17:30, 73.352231405, 0, 0, 0 
2015-02-10T20:22:30, 73.3511538462, 0, 0, 0 
2015-02-10T20:27:30, 73.3527102804, 0, 0, 0 
2015-02-10T20:32:30, 73.3517272727, 0, 0, 0 
2015-02-10T20:37:30, 73.3514503817, 0, 0, 0 
2015-02-10T20:42:30, 73.3501754386, 0, 0, 0 
2015-02-10T20:47:30, 73.3503539823, 0, 0, 0 
2015-02-10T20:52:30, 73.3494915254, 0, 0, 0 
2015-02-10T20:57:30, 73.35, 0, 0, 0 
2015-02-10T21:02:30, 73.3504065041, 0, 0, 0 
2015-02-10T21:07:30, 73.3502898551, 0, 0, 0 
2015-02-10T21:12:30, 73.3505882353, 0, 0, 0 
2015-02-10T21:17:30, 73.3491735537, 0, 0, 0 
2015-02-10T21:22:30, 73.3500943396, 0, 0, 0 
2015-02-10T21:27:30, 73.3500952381, 0, 0, 0 
2015-02-10T21:32:30, 73.3501941748, 0, 0, 0 
2015-02-10T21:37:30, 73.3494915254, 0, 0, 0 
2015-02-10T21:42:30, 73.34925, 0, 0, 0 
2015-02-10T21:47:30, 73.34953125, 0, 0, 0 
2015-02-10T21:52:30, 73.3496938776, 0, 0, 0 
2015-02-10T21:57:30, 73.3486614173, 0, 0, 0 
2015-02-10T22:02:30, 73.3482644628, 0, 0, 0 
2015-02-10T22:07:30, 73.3481578947, 0, 0, 0 
2015-02-10T22:12:30, 73.3474603175, 0, 0, 0 
2015-02-10T22:17:30, 73.346147541, 0, 0, 0 
2015-02-10T22:22:30, 73.3458139535, 0, 0, 0 
2015-02-10T22:27:30, 73.3466964286, 0, 0, 0 
2015-02-10T22:32:30, 73.3459649123, 0, 0, 0 
2015-02-10T22:37:30, 73.3457777778, 0, 0, 0 
2015-02-10T22:42:30, 73.3464492754, 0, 0, 0 
2015-02-10T22:47:30, 73.3459259259, 0, 0, 0 
2015-02-10T22:52:30, 73.3456551724, 0, 0, 0 
2015-02-10T22:57:30, 73.3462237762, 0, 0, 0 
2015-02-10T23:02:30, 73.3452985075, 0, 0, 0 
2015-02-10T23:07:30, 73.3449032258, 0, 0, 0 
2015-02-10T23:12:30, 73.3452702703, 0, 0, 0 
2015-02-10T23:17:30, 73.3459259259, 0, 0, 0 
2015-02-10T23:22:30, 73.3450735294, 0, 0, 0 
2015-02-10T23:27:30, 73.345, 0, 0, 0 
2015-02-10T23:32:30, 73.3442405063, 0, 0, 0 
2015-02-10T23:37:30, 73.3458333333, 0, 0, 0 
2015-02-10T23:42:30, 73.3445283019, 0, 0, 0 
2015-02-10T23:47:30, 73.3442647059, 0, 0, 0 
2015-02-10T23:52:30, 73.3445806452, 0, 0, 0 
2015-02-10T23:57:30, 73.3449068323, 0, 0, 0 
2015-02-11T00:02:30, 73.3443055556, 0, 0, 0 
2015-02-11T00:07:30, 73.3442771084, 0, 0, 0 
2015-02-11T00:12:30, 73.3441216216, 0, 0, 0 
2015-02-11T00:17:30, 73.3441358025, 0, 0, 0 
2015-02-11T00:22:30, 73.3439053254, 0, 0, 0 
2015-02-11T00:27:30, 73.3443421053, 0, 0, 0 
2015-02-11T00:32:30, 73.3440243902, 0, 0, 0 
2015-02-11T00:37:30, 73.3437426901, 0, 0, 0 
2015-02-11T00:42:30, 73.3445348837, 0, 0, 0 
2015-02-11T00:47:30, 73.3438764045, 0, 0, 0 
2015-02-11T00:52:30, 73.3431288344, 0, 0, 0 
2015-02-11T00:57:30, 73.3441558442, 0, 0, 0 
2015-02-11T01:02:30, 73.3440251572, 0, 0, 0 
2015-02-11T01:07:30, 73.3432022472, 0, 0, 0 
2015-02-11T01:12:30, 73.3436538462, 0, 0, 0 
2015-02-11T01:17:30, 73.3438650307, 0, 0, 0 
2015-02-11T01:22:30, 73.3421387283, 0, 0, 0 
2015-02-11T01:27:30, 73.3419791667, 0, 0, 0 
2015-02-11T01:32:30, 73.3417647059, 0, 0, 0 
2015-02-11T01:37:30, 73.3413978495, 0, 0, 0 
2015-02-11T01:42:30, 73.3416129032, 0, 0, 0 
2015-02-11T01:47:30, 73.3413131313, 0, 0, 0 
2015-02-11T01:52:30, 73.3423350254, 0, 0, 0 
2015-02-11T01:57:30, 73.3421827411, 0, 0, 0 
2015-02-11T02:02:30, 73.3425365854, 0, 0, 0 
2015-02-11T02:07:30, 73.3416582915, 0, 0, 0 
2015-02-11T02:12:30, 73.3416022099, 0, 0, 0 
2015-02-11T02:17:30, 73.3412886598, 0, 0, 0 
2015-02-11T02:22:30, 73.3399456522, 0, 0, 0 
2015-02-11T02:27:30, 73.3419072165, 0, 0, 0 
2015-02-11T02:32:30, 73.3418041237, 0, 0, 0 
2015-02-11T02:37:30, 73.3428729282, 0, 0, 0 
2015-02-11T02:42:30, 73.3414285714, 0, 0, 0 
2015-02-11T02:47:30, 73.3420571429, 0, 0, 0 
2015-02-11T02:52:30, 73.3418023256, 0, 0, 0 
2015-02-11T02:57:30, 73.3418131868, 0, 0, 0 
2015-02-11T03:02:30, 73.3423979592, 0, 0, 0 
2015-02-11T03:07:30, 73.341865285, 0, 0, 0 
2015-02-11T03:12:30, 73.3408648649, 0, 0, 0 
2015-02-11T03:17:30, 73.3412429379, 0, 0, 0 
2015-02-11T03:22:30, 73.3413218391, 0, 0, 0 
2015-02-11T03:27:30, 73.3409793814, 0, 0, 0 
2015-02-11T03:32:30, 73.3406735751, 0, 0, 0 
2015-02-11T03:37:30, 73.3406217617, 0, 0, 0 
2015-02-11T03:42:30, 73.34085, 0, 0, 0 
2015-02-11T03:47:30, 73.3404301075, 0, 0, 0 
2015-02-11T03:52:30, 73.3408648649, 0, 0, 0 
2015-02-11T03:57:30, 73.34035, 0, 0, 0 
2015-02-11T04:02:30, 73.3402150538, 0, 0, 0 
2015-02-11T04:07:30, 73.3413114754, 0, 0, 0 
2015-02-11T04:12:30, 73.3406103286, 0, 0, 0 
2015-02-11T04:17:30, 73.34109375, 0, 0, 0 
2015-02-11T04:22:30, 73.3411165049, 0, 0, 0 
2015-02-11T04:27:30, 73.3402061856, 0, 0, 0 
2015-02-11T04:32:30, 73.3400490196, 0, 0, 0 
2015-02-11T04:37:30, 73.3390430622, 0, 0, 0 
2015-02-11T04:42:30, 73.3392346939, 0, 0, 0 
2015-02-11T04:47:30, 73.3394240838, 0, 0, 0 
2015-02-11T04:52:30, 73.3391282051, 0, 0, 0 
2015-02-11T04:57:30, 73.3393085106, 0, 0, 0 
2015-02-11T05:02:30, 73.3393627451, 0, 0, 0 
2015-02-11T05:07:30, 73.3395, 0, 0, 0 
2015-02-11T05:12:30, 73.338952381, 0, 0, 0 
2015-02-11T05:17:30, 73.3395876289, 0, 0, 0 
2015-02-11T05:22:30, 73.3395187166, 0, 0, 0 
2015-02-11T05:27:30, 73.3394554455, 0, 0, 0 
2015-02-11T05:32:30, 73.3395714286, 0, 0, 0 
2015-02-11T05:37:30, 73.3392222222, 0, 0, 0 
2015-02-11T05:42:30, 73.3391836735, 0, 0, 0 
2015-02-11T05:47:30, 73.33815, 0, 0, 0 
2015-02-11T05:52:30, 73.3398522167, 0, 0, 0 
2015-02-11T05:57:30, 73.3388888889, 0, 0, 0 
2015-02-11T06:02:30, 73.3394358974, 0, 0, 0 
2015-02-11T06:07:30, 73.3390217391, 0, 0, 0 
2015-02-11T06:12:30, 73.3388709677, 0, 0, 0 
2015-02-11T06:17:30, 73.3390909091, 0, 0, 0 
2015-02-11T06:22:30, 73.3391370558, 0, 0, 0 
2015-02-11T06:27:30, 73.3375129534, 0, 0, 0 
2015-02-11T06:32:30, 73.3377900552, 0, 0, 0 
2015-02-11T06:37:30, 73.3376923077, 0, 0, 0 
2015-02-11T06:42:30, 73.3374033149, 0, 0, 0 
2015-02-11T06:47:30, 73.3377835052, 0, 0, 0 
2015-02-11T06:52:30, 73.3374860335, 0, 0, 0 
2015-02-11T06:57:30, 73.3360795455, 0, 0, 0 
2015-02-11T07:02:30, 73.3362427746, 0, 0, 0 
2015-02-11T07:07:30, 73.3355405405, 0, 0, 0 
2015-02-11T07:12:30, 73.335, 0, 0, 0 
2015-02-11T07:17:30, 73.3366878981, 0, 0, 0 
2015-02-11T07:22:30, 73.3355072464, 0, 0, 0 
2015-02-11T07:27:30, 73.3353488372, 0, 0, 0 
2015-02-11T07:32:30, 73.3354263566, 0, 0, 0 
2015-02-11T07:37:30, 73.3357236842, 0, 0, 0 
2015-02-11T07:42:30, 73.3356129032, 0, 0, 0 
2015-02-11T07:47:30, 73.3353947368, 0, 0, 0 
2015-02-11T07:52:30, 73.3352238806, 0, 0, 0 
2015-02-11T07:57:30, 73.334676259, 0, 0, 0 
2015-02-11T08:02:30, 73.3331531532, 0, 0, 0 
2015-02-11T08:07:30, 73.332815534, 0, 0, 0 
2015-02-11T08:12:30, 73.3330833333, 0, 0, 0 
2015-02-11T08:17:30, 73.3292920354, 0, 0, 0 
2015-02-11T08:22:30, 73.3307843137, 0, 0, 0 
2015-02-11T08:27:30, 73.3294252874, 0, 0, 0 
2015-02-11T08:32:30, 73.3311956522, 0, 0, 0 
2015-02-11T08:37:30, 73.3317647059, 0, 0, 0 
2015-02-11T08:42:30, 73.3304464286, 0, 0, 0 
2015-02-11T08:47:30, 73.3319387755, 0, 0, 0 
2015-02-11T08:52:30, 73.3341129032, 0, 0, 0 
2015-02-11T08:57:30, 73.3334677419, 0, 0, 0 
2015-02-11T09:02:30, 73.334, 0, 0, 0 
2015-02-11T09:07:30, 73.3319491525, 0, 0, 0 
2015-02-11T09:12:30, 73.3314457831, 0, 0, 0 
2015-02-11T09:17:30, 73.3297457627, 0, 0, 0 
2015-02-11T09:22:30, 73.3288709677, 0, 0, 0 
2015-02-11T09:27:30, 73.3290654206, 0, 0, 0 
2015-02-11T09:32:30, 73.3298245614, 0, 0, 0 
2015-02-11T09:37:30, 73.3317213115, 0, 0, 0 
2015-02-11T09:42:30, 73.3344615385, 0, 0, 0 
2015-02-11T09:47:30, 73.3345384615, 0, 0, 0 
2015-02-11T09:52:30, 73.3341891892, 0, 0, 0 
2015-02-11T09:57:30, 73.3367924528, 0, 0, 0 
2015-02-11T10:02:30, 73.3371686747, 0, 0, 0 
2015-02-11T10:07:30, 57.864601227, 0, 0, 0 
2015-02-11T10:12:30, 42.1301785714, 0, 0, 0 
2015-02-11T10:17:30, 41.9715697674, 0, 0, 0 
2015-02-11T10:22:30, 41.9682840237, 0, 0, 0 
2015-02-11T10:27:30, 41.9665868263, 0, 0, 0 
2015-02-11T10:32:30, 41.9664052288, 0, 0, 0 
2015-02-11T10:37:30, 41.9662091503, 0, 0, 0 
2015-02-11T10:42:30, 41.9660869565, 0, 0, 0 
2015-02-11T10:47:30, 41.9661111111, 0, 0, 0 
2015-02-11T10:52:30, 41.9656934307, 0, 0, 0 
2015-02-11T10:57:30, 41.9652671756, 0, 0, 0 
2015-02-11T11:02:30, 41.9649074074, 0, 0, 0 
2015-02-11T11:07:30, 41.9652727273, 0, 0, 0 
2015-02-11T11:12:30, 41.9653097345, 0, 0, 0 
2015-02-11T11:17:30, 41.9652830189, 0, 0, 0 
2015-02-11T11:22:30, 41.965049505, 0, 0, 0 
2015-02-11T11:27:30, 41.9652892562, 0, 0, 0 
2015-02-11T11:32:30, 41.9653703704, 0, 0, 0 
2015-02-11T11:37:30, 41.9653535354, 0, 0, 0 
2015-02-11T11:42:30, 41.965483871, 0, 0, 0 
2015-02-11T11:47:30, 41.9654166667, 0, 0, 0 
2015-02-11T11:52:30, 41.9651282051, 0, 0, 0 
2015-02-11T11:57:30, 41.6727272727, 0, 0, 0 
2015-02-11T12:02:30, 40.9250955414, 0, 0, 0 
2015-02-11T12:07:30, 40.9248920863, 0, 0, 0 
2015-02-11T12:12:30, 40.9244512195, 0, 0, 0 
2015-02-11T12:17:30, 40.9244295302, 0, 0, 0 
2015-02-11T12:22:30, 40.9245, 0, 0, 0 
2015-02-11T12:27:30, 40.9243624161, 0, 0, 0 
2015-02-11T12:32:30, 40.924522293, 0, 0, 0 
2015-02-11T12:37:30, 40.9244604317, 0, 0, 0 
2015-02-11T12:42:30, 40.9246794872, 0, 0, 0 
2015-02-11T12:47:30, 40.9248175182, 0, 0, 0 
2015-02-11T12:52:30, 40.9251639344, 0, 0, 0 
2015-02-11T12:57:30, 40.9244537815, 0, 0, 0 
2015-02-11T13:02:30, 40.925, 0, 0, 0 
2015-02-11T13:07:30, 40.9247014925, 0, 0, 0 
2015-02-11T13:12:30, 40.9246153846, 0, 0, 0 
2015-02-11T13:17:30, 40.9251145038, 0, 0, 0 
2015-02-11T13:22:30, 40.9246902655, 0, 0, 0 
2015-02-11T13:27:30, 40.9250359712, 0, 0, 0 
2015-02-11T13:32:30, 40.925, 0, 0, 0 
2015-02-11T13:37:30, 40.9249640288, 0, 0, 0 
2015-02-11T13:42:30, 40.925112782, 0, 0, 0 
2015-02-11T13:47:30, 40.9247826087, 0, 0, 0 
2015-02-11T13:52:30, 40.924893617, 0, 0, 0 
2015-02-11T13:57:30, 40.9245, 0, 0, 0 
2015-02-11T14:02:30, 40.9248026316, 0, 0, 0 
2015-02-11T14:07:30, 40.9246212121, 0, 0, 0 
2015-02-11T14:12:30, 40.9244755245, 0, 0, 0 
2015-02-11T14:17:30, 40.9243089431, 0, 0, 0 
2015-02-11T14:22:30, 40.9251094891, 0, 0, 0 
2015-02-11T14:27:30, 40.9247552448, 0, 0, 0 
2015-02-11T14:32:30, 40.9247916667, 0, 0, 0 
2015-02-11T14:37:30, 40.92484375, 0, 0, 0 
2015-02-11T14:42:30, 40.9246527778, 0, 0, 0 
2015-02-11T14:47:30, 40.9245384615, 0, 0, 0 
2015-02-11T14:52:30, 40.9251111111, 0, 0, 0 
2015-02-11T14:57:30, 40.9250847458, 0, 0, 0 
2015-02-11T15:02:30, 40.9254263566, 0, 0, 0 
2015-02-11T15:07:30, 40.9253508772, 0, 0, 0 
2015-02-11T15:12:30, 40.9255357143, 0, 0, 0 
2015-02-11T15:17:30, 40.925, 0, 0, 0 
2015-02-11T15:22:30, 40.925042735, 0, 0, 0 
2015-02-11T15:27:30, 40.9252307692, 0, 0, 0 
2015-02-11T15:32:30, 40.9251694915, 0, 0, 0 
2015-02-11T15:37:30, 40.924789916, 0, 0, 0 
2015-02-11T15:42:30, 40.9243801653, 0, 0, 0 
2015-02-11T15:47:30, 40.925, 0, 0, 0 
2015-02-11T15:52:30, 40.9247857143, 0, 0, 0 
2015-02-11T15:57:30, 40.9248333333, 0, 0, 0 
2015-02-11T16:02:30, 40.9248461538, 0, 0, 0 
2015-02-11T16:07:30, 40.9247826087, 0, 0, 0 
2015-02-11T16:12:30, 40.9245038168, 0, 0, 0 
2015-02-11T16:17:30, 40.9249285714, 0, 0, 0 
2015-02-11T16:22:30, 40.924822695, 0, 0, 0 
2015-02-11T16:27:30, 40.9247272727, 0, 0, 0 
2015-02-11T16:32:30, 40.9244594595, 0, 0, 0 
2015-02-11T16:37:30, 40.9242666667, 0, 0, 0 
2015-02-11T16:42:30, 40.9245205479, 0, 0, 0 
2015-02-11T16:47:30, 40.9243421053, 0, 0, 0 
2015-02-11T16:52:30, 40.9245751634, 0, 0, 0 
2015-02-11T16:57:30, 40.9247204969, 0, 0, 0 
2015-02-11T17:02:30, 40.9243396226, 0, 0, 0 
2015-02-11T17:07:30, 40.9243708609, 0, 0, 0 
2015-02-11T17:12:30, 40.9242857143, 0, 0, 0 
2015-02-11T17:17:30, 40.9245112782, 0, 0, 0 
2015-02-11T17:22:30, 40.9241726619, 0, 0, 0 
2015-02-11T17:27:30, 40.9240410959, 0, 0, 0 
2015-02-11T17:32:30, 40.9247402597, 0, 0, 0 
2015-02-11T17:37:30, 40.9240740741, 0, 0, 0 
2015-02-11T17:42:30, 40.9242168675, 0, 0, 0 
2015-02-11T17:47:30, 40.9240243902, 0, 0, 0 
2015-02-11T17:52:30, 40.9243274854, 0, 0, 0 
2015-02-11T17:57:30, 40.923373494, 0, 0, 0 
2015-02-11T18:02:30, 40.9244217687, 0, 0, 0 
2015-02-11T18:07:30, 40.9235795455, 0, 0, 0 
2015-02-11T18:12:30, 40.9227932961, 0, 0, 0 
2015-02-11T18:17:30, 40.9231210191, 0, 0, 0 
2015-02-11T18:22:30, 40.9228571429, 0, 0, 0 
2015-02-11T18:27:30, 40.9223636364, 0, 0, 0 
2015-02-11T18:32:30, 40.9218674699, 0, 0, 0 
2015-02-11T18:37:30, 40.9214556962, 0, 0, 0 
2015-02-11T18:42:30, 40.9213173653, 0, 0, 0 
2015-02-11T18:47:30, 40.921910828, 0, 0, 0 
2015-02-11T18:52:30, 40.9216049383, 0, 0, 0 
2015-02-11T18:57:30, 40.9204195804, 0, 0, 0 
2015-02-11T19:02:30, 40.920516129, 0, 0, 0 
2015-02-11T19:07:30, 40.9203571429, 0, 0, 0 
2015-02-11T19:12:30, 40.9206790123, 0, 0, 0 
2015-02-11T19:17:30, 40.92, 0, 0, 0 
2015-02-11T19:22:30, 40.92075, 0, 0, 0 
2015-02-11T19:27:30, 40.9201764706, 0, 0, 0 
2015-02-11T19:32:30, 40.9200632911, 0, 0, 0 
2015-02-11T19:37:30, 40.921402439, 0, 0, 0 
2015-02-11T19:42:30, 40.9196341463, 0, 0, 0 
2015-02-11T19:47:30, 40.9210843373, 0, 0, 0 
2015-02-11T19:52:30, 40.9188304094, 0, 0, 0 
2015-02-11T19:57:30, 40.9192258065, 0, 0, 0 
2015-02-11T20:02:30, 40.9193902439, 0, 0, 0 
2015-02-11T20:07:30, 40.9195138889, 0, 0, 0 
2015-02-11T20:12:30, 40.9185, 0, 0, 0 
2015-02-11T20:17:30, 40.9190909091, 0, 0, 0 
2015-02-11T20:22:30, 40.919281768, 0, 0, 0 
2015-02-11T20:27:30, 40.9186592179, 0, 0, 0 
2015-02-11T20:32:30, 40.9186363636, 0, 0, 0 
2015-02-11T20:37:30, 40.9180113636, 0, 0, 0 
2015-02-11T20:42:30, 40.9175316456, 0, 0, 0 
2015-02-11T20:47:30, 40.9176190476, 0, 0, 0 
2015-02-11T20:52:30, 40.9179329609, 0, 0, 0 
2015-02-11T20:57:30, 40.9177514793, 0, 0, 0 
2015-02-11T21:02:30, 40.9180239521, 0, 0, 0 
2015-02-11T21:07:30, 40.9172222222, 0, 0, 0 
2015-02-11T21:12:30, 40.9168181818, 0, 0, 0 
2015-02-11T21:17:30, 40.9167272727, 0, 0, 0 
2015-02-11T21:22:30, 40.9170440252, 0, 0, 0 
2015-02-11T21:27:30, 40.9174418605, 0, 0, 0 
2015-02-11T21:32:30, 40.9168263473, 0, 0, 0 
2015-02-11T21:37:30, 40.9163522013, 0, 0, 0 
2015-02-11T21:42:30, 40.9161349693, 0, 0, 0 
2015-02-11T21:47:30, 40.9159064327, 0, 0, 0 
2015-02-11T21:52:30, 40.9154666667, 0, 0, 0 
2015-02-11T21:57:30, 40.9155629139, 0, 0, 0 
2015-02-11T22:02:30, 40.916015625, 0, 0, 0 
2015-02-11T22:07:30, 40.9158865248, 0, 0, 0 
2015-02-11T22:12:30, 40.9154545455, 0, 0, 0 
2015-02-11T22:17:30, 40.9154814815, 0, 0, 0 
2015-02-11T22:22:30, 40.9152142857, 0, 0, 0 
2015-02-11T22:27:30, 40.9153333333, 0, 0, 0 
2015-02-11T22:32:30, 40.9154676259, 0, 0, 0 
2015-02-11T22:37:30, 40.9152348993, 0, 0, 0 
2015-02-11T22:42:30, 40.9156521739, 0, 0, 0 
2015-02-11T22:47:30, 40.9154609929, 0, 0, 0 
2015-02-11T22:52:30, 40.9156521739, 0, 0, 0 
2015-02-11T22:57:30, 40.9152592593, 0, 0, 0 
2015-02-11T23:02:30, 40.9154166667, 0, 0, 0 
2015-02-11T23:07:30, 40.9151724138, 0, 0, 0 
2015-02-11T23:12:30, 40.9148, 0, 0, 0 
2015-02-11T23:17:30, 40.9158510638, 0, 0, 0 
2015-02-11T23:22:30, 40.9150505051, 0, 0, 0 
2015-02-11T23:27:30, 40.9148888889, 0, 0, 0 
2015-02-11T23:32:30, 40.9153684211, 0, 0, 0 
2015-02-11T23:37:30, 40.9153061224, 0, 0, 0 
2015-02-11T23:42:30, 40.9152272727, 0, 0, 0 
2015-02-11T23:47:30, 40.9148, 0, 0, 0 
2015-02-11T23:52:30, 40.9152631579, 0, 0, 0 
2015-02-11T23:57:30, 40.915, 0, 0, 0 
2015-02-12T00:02:30, 40.915, 0, 0, 0 
2015-02-12T00:07:30, 40.915, 0, 0, 0 
2015-02-12T00:12:30, 40.9151948052, 0, 0, 0 
2015-02-12T00:17:30, 40.9153333333, 0, 0, 0 
2015-02-12T00:22:30, 40.915, 0, 0, 0 
2015-02-12T00:27:30, 40.9158064516, 0, 0, 0 
2015-02-12T00:32:30, 40.9152083333, 0, 0, 0 
2015-02-12T00:37:30, 40.915037594, 0, 0, 0 
2015-02-12T00:42:30, 40.9154954955, 0, 0, 0 
2015-02-12T00:47:30, 40.9155963303, 0, 0, 0 
2015-02-12T00:52:30, 40.9153225806, 0, 0, 0 
2015-02-12T00:57:30, 40.915326087, 0, 0, 0 
2015-02-12T01:02:30, 40.9153932584, 0, 0, 0 
2015-02-12T01:07:30, 40.9153030303, 0, 0, 0 
2015-02-12T01:12:30, 40.9143181818, 0, 0, 0 
2015-02-12T01:17:30, 40.9139393939, 0, 0, 0 
2015-02-12T01:22:30, 40.9142307692, 0, 0, 0 
2015-02-12T01:27:30, 40.9132142857, 0, 0, 0 
2015-02-12T01:32:30, 40.9149230769, 0, 0, 0 
2015-02-12T01:37:30, 40.9135714286, 0, 0, 0 
2015-02-12T01:42:30, 40.9120454545, 0, 0, 0 
2015-02-12T01:47:30, 40.9131818182, 0, 0, 0 
2015-02-12T01:52:30, 40.9138888889, 0, 0, 0 
2015-02-12T01:57:30, 40.9135294118, 0, 0, 0 
2015-02-12T02:02:30, 40.9146153846, 0, 0, 0 
2015-02-12T02:07:30, 40.915, 0, 0, 0 
2015-02-12T02:12:30, 40.9119444444, 0, 0, 0 
2015-02-12T02:17:30, 40.9123684211, 0, 0, 0 
2015-02-12T02:22:30, 40.9119354839, 0, 0, 0 
2015-02-12T02:27:30, 40.9132258065, 0, 0, 0 
2015-02-12T02:32:30, 40.9115217391, 0, 0, 0 
2015-02-12T02:37:30, 40.911, 0, 0, 0 
2015-02-12T02:42:30, 40.9114705882, 0, 0, 0 
2015-02-12T02:47:30, 40.9113636364, 0, 0, 0 
2015-02-12T02:52:30, 40.911, 0, 0, 0 
2015-02-12T02:57:30, 40.91, 0, 0, 0 
2015-02-12T03:02:30, 40.909375, 0, 0, 0 
2015-02-12T03:07:30, 40.9065, 0, 0, 0 
2015-02-12T03:12:30, 40.9097368421, 0, 0, 0 
2015-02-12T03:17:30, 40.9088095238, 0, 0, 0 
2015-02-12T03:22:30, 40.9088, 0, 0, 0 
2015-02-12T03:27:30, 40.9113793103, 0, 0, 0 
2015-02-12T03:32:30, 40.9111538462, 0, 0, 0 
2015-02-12T03:37:30, 40.9088888889, 0, 0, 0 
2015-02-12T03:42:30, 40.9105, 0, 0, 0 
2015-02-12T03:47:30, 40.9080769231, 0, 0, 0 
2015-02-12T03:52:30, 40.9091489362, 0, 0, 0 
2015-02-12T03:57:30, 40.9118604651, 0, 0, 0 
2015-02-12T04:02:30, 40.91, 0, 0, 0 
2015-02-12T04:07:30, 40.9120454545, 0, 0, 0 
2015-02-12T04:12:30, 40.9111111111, 0, 0, 0 
2015-02-12T04:17:30, 40.9115517241, 0, 0, 0 
2015-02-12T04:22:30, 40.9102222222, 0, 0, 0 
2015-02-12T04:27:30, 40.9102702703, 0, 0, 0 
2015-02-12T04:32:30, 40.9119230769, 0, 0, 0 
2015-02-12T04:37:30, 40.911, 0, 0, 0 
2015-02-12T04:42:30, 40.9103846154, 0, 0, 0 
2015-02-12T04:47:30, 40.9113157895, 0, 0, 0 
2015-02-12T04:52:30, 40.9096969697, 0, 0, 0 
2015-02-12T04:57:30, 40.9124324324, 0, 0, 0 
2015-02-12T05:02:30, 40.91125, 0, 0, 0 
2015-02-12T05:07:30, 40.9124324324, 0, 0, 0 
2015-02-12T05:12:30, 40.9111320755, 0, 0, 0 
2015-02-12T05:17:30, 40.9118181818, 0, 0, 0 
2015-02-12T05:22:30, 40.9122222222, 0, 0, 0 
2015-02-12T05:27:30, 40.9091176471, 0, 0, 0 
2015-02-12T05:32:30, 40.9121052632, 0, 0, 0 
2015-02-12T05:37:30, 40.9084782609, 0, 0, 0 
2015-02-12T05:42:30, 40.908, 0, 0, 0 
2015-02-12T05:47:30, 40.9091836735, 0, 0, 0 
2015-02-12T05:52:30, 40.9097777778, 0, 0, 0 
2015-02-12T05:57:30, 40.9115384615, 0, 0, 0 
2015-02-12T06:02:30, 40.9097777778, 0, 0, 0 
2015-02-12T06:07:30, 40.9102173913, 0, 0, 0 
2015-02-12T06:12:30, 40.9102631579, 0, 0, 0 
2015-02-12T06:17:30, 40.9127777778, 0, 0, 0 
2015-02-12T06:22:30, 40.9128571429, 0, 0, 0 
2015-02-12T06:27:30, 40.9123728814, 0, 0, 0 
2015-02-12T06:32:30, 40.912, 0, 0, 0 
2015-02-12T06:37:30, 40.9118965517, 0, 0, 0 
2015-02-12T06:42:30, 40.9108333333, 0, 0, 0 
2015-02-12T06:47:30, 40.9117142857, 0, 0, 0 
2015-02-12T06:52:30, 40.9116216216, 0, 0, 0 
2015-02-12T06:57:30, 40.9106122449, 0, 0, 0 
2015-02-12T07:02:30, 40.9118518519, 0, 0, 0 
2015-02-12T07:07:30, 40.908, 0, 0, 0 
2015-02-12T07:12:30, 40.9105555556, 0, 0, 0 
2015-02-12T07:17:30, 40.9112121212, 0, 0, 0 
2015-02-12T07:22:30, 40.9116666667, 0, 0, 0 
2015-02-12T07:27:30, 40.9123333333, 0, 0, 0 
2015-02-12T07:32:30, 40.9113636364, 0, 0, 0 
2015-02-12T07:37:30, 40.9080769231, 0, 0, 0 
2015-02-12T07:42:30, 40.9091891892, 0, 0, 0 
2015-02-12T07:47:30, 40.9092105263, 0, 0, 0 
2015-02-12T07:52:30, 40.9086111111, 0, 0, 0 
2015-02-12T07:57:30, 40.91, 0, 0, 0 
2015-02-12T08:02:30, 40.9073529412, 0, 0, 0 
2015-02-12T08:07:30, 40.9071428571, 0, 0, 0 
2015-02-12T08:12:30, 40.9075609756, 0, 0, 0 
2015-02-12T08:17:30, 40.9084090909, 0, 0, 0 
2015-02-12T08:22:30, 40.9063636364, 0, 0, 0 
2015-02-12T08:27:30, 40.9079487179, 0, 0, 0 
2015-02-12T08:32:30, 40.91025, 0, 0, 0 
2015-02-12T08:37:30, 40.9083333333, 0, 0, 0 
2015-02-12T08:42:30, 40.911, 0, 0, 0 
2015-02-12T08:47:30, 40.9102380952, 0, 0, 0 
2015-02-12T08:52:30, 40.9095348837, 0, 0, 0 
2015-02-12T08:57:30, 40.9097368421, 0, 0, 0 
2015-02-12T09:02:30, 40.9103448276, 0, 0, 0 
2015-02-12T09:07:30, 40.9119230769, 0, 0, 0 
2015-02-12T09:12:30, 40.90925, 0, 0, 0 
2015-02-12T09:17:30, 40.9119444444, 0, 0, 0 
2015-02-12T09:22:30, 40.9123333333, 0, 0, 0 
2015-02-12T09:27:30, 40.9109302326, 0, 0, 0 
2015-02-12T09:32:30, 40.9097058824, 0, 0, 0 
2015-02-12T09:37:30, 40.9105555556, 0, 0, 0 
2015-02-12T09:42:30, 40.9114285714, 0, 0, 0 
2015-02-12T09:47:30, 40.9121875, 0, 0, 0 
2015-02-12T09:52:30, 40.91, 0, 0, 0 
2015-02-12T09:57:30, 40.9105263158, 0, 0, 0 
2015-02-12T10:02:30, 40.9088461538, 0, 0, 0 
2015-02-12T10:07:30, 40.9085, 0, 0, 0 
2015-02-12T10:12:30, 40.909375, 0, 0, 0 
2015-02-12T10:17:30, 40.9116666667, 0, 0, 0 
2015-02-12T10:22:30, 40.912195122, 0, 0, 0 
2015-02-12T10:27:30, 40.9105882353, 0, 0, 0 
2015-02-12T10:32:30, 40.911, 0, 0, 0 
2015-02-12T10:37:30, 40.9128571429, 0, 0, 0 
2015-02-12T10:42:30, 40.9133333333, 0, 0, 0 
2015-02-12T10:47:30, 40.9107142857, 0, 0, 0 
2015-02-12T10:52:30, 40.9123809524, 0, 0, 0 
2015-02-12T10:57:30, 40.9123684211, 0, 0, 0 
2015-02-12T11:02:30, 40.9122222222, 0, 0, 0 
2015-02-12T11:07:30, 40.9140677966, 0, 0, 0 
2015-02-12T11:12:30, 40.9146153846, 0, 0, 0 
2015-02-12T11:17:30, 40.9135849057, 0, 0, 0 
2015-02-12T11:22:30, 40.9132835821, 0, 0, 0 
2015-02-12T11:27:30, 40.9137704918, 0, 0, 0 
2015-02-12T11:32:30, 40.91375, 0, 0, 0 
2015-02-12T11:37:30, 40.9146296296, 0, 0, 0 
2015-02-12T11:42:30, 40.9122972973, 0, 0, 0 
2015-02-12T11:47:30, 40.915, 0, 0, 0 
2015-02-12T11:52:30, 40.915, 0, 0, 0 
2015-02-12T11:57:30, 39.9472619048, 0, 0, 0 
2015-02-12T12:02:30, 40.2069230769, 0, 0, 0 
2015-02-12T12:07:30, 40.2066129032, 0, 0, 0 
2015-02-12T12:12:30, 40.2081481481, 0, 0, 0 
2015-02-12T12:17:30, 40.2071621622, 0, 0, 0 
2015-02-12T12:22:30, 40.2075, 0, 0, 0 
2015-02-12T12:27:30, 40.2063157895, 0, 0, 0 
2015-02-12T12:32:30, 40.2073214286, 0, 0, 0 
2015-02-12T12:37:30, 40.2059677419, 0, 0, 0 
2015-02-12T12:42:30, 40.2063793103, 0, 0, 0 
2015-02-12T12:47:30, 40.2055769231, 0, 0, 0 
2015-02-12T12:52:30, 40.2064705882, 0, 0, 0 
2015-02-12T12:57:30, 40.2075757576, 0, 0, 0 
2015-02-12T13:02:30, 40.2066153846, 0, 0, 0 
2015-02-12T13:07:30, 40.2064285714, 0, 0, 0 
2015-02-12T13:12:30, 40.2055714286, 0, 0, 0 
2015-02-12T13:17:30, 40.2070149254, 0, 0, 0 
2015-02-12T13:22:30, 40.206779661, 0, 0, 0 
2015-02-12T13:27:30, 40.2069354839, 0, 0, 0 
2015-02-12T13:32:30, 40.2075510204, 0, 0, 0 
2015-02-12T13:37:30, 40.2086538462, 0, 0, 0 
2015-02-12T13:42:30, 40.2092857143, 0, 0, 0 
2015-02-12T13:47:30, 40.2125581395, 0, 0, 0 
2015-02-12T13:52:30, 40.2111538462, 0, 0, 0 
2015-02-12T13:57:30, 40.2111764706, 0, 0, 0 
2015-02-12T14:02:30, 40.2147457627, 0, 0, 0 
2015-02-12T14:07:30, 40.212972973, 0, 0, 0 
2015-02-12T14:12:30, 40.2132075472, 0, 0, 0 
2015-02-12T14:17:30, 40.2134146341, 0, 0, 0 
2015-02-12T14:22:30, 40.2135294118, 0, 0, 0 
2015-02-12T14:27:30, 40.2117391304, 0, 0, 0 
2015-02-12T14:32:30, 40.2131944444, 0, 0, 0 
2015-02-12T14:37:30, 40.2136708861, 0, 0, 0 
2015-02-12T14:42:30, 40.2147368421, 0, 0, 0 
2015-02-12T14:47:30, 40.2148809524, 0, 0, 0 
2015-02-12T14:52:30, 40.2151886792, 0, 0, 0 
2015-02-12T14:57:30, 40.2155172414, 0, 0, 0 
2015-02-12T15:02:30, 40.2145238095, 0, 0, 0 
2015-02-12T15:07:30, 40.2151041667, 0, 0, 0 
2015-02-12T15:12:30, 40.2147826087, 0, 0, 0 
2015-02-12T15:17:30, 40.2148421053, 0, 0, 0 
2015-02-12T15:22:30, 40.2151086957, 0, 0, 0 
2015-02-12T15:27:30, 40.2156122449, 0, 0, 0 
2015-02-12T15:32:30, 40.2153333333, 0, 0, 0 
2015-02-12T15:37:30, 40.2154901961, 0, 0, 0 
2015-02-12T15:42:30, 40.2156701031, 0, 0, 0 
2015-02-12T15:47:30, 40.2151376147, 0, 0, 0 
2015-02-12T15:52:30, 40.215, 0, 0, 0 
2015-02-12T15:57:30, 40.2157, 0, 0, 0 
2015-02-12T16:02:30, 40.215462963, 0, 0, 0 
2015-02-12T16:07:30, 40.214957265, 0, 0, 0 
2015-02-12T16:12:30, 40.2151376147, 0, 0, 0 
2015-02-12T16:17:30, 40.2151376147, 0, 0, 0 
2015-02-12T16:22:30, 40.2151376147, 0, 0, 0 
2015-02-12T16:27:30, 40.2165833333, 0, 0, 0 
2015-02-12T16:32:30, 40.2157988166, 0, 0, 0 
2015-02-12T16:37:30, 40.2152702703, 0, 0, 0 
2015-02-12T16:42:30, 40.2155633803, 0, 0, 0 
2015-02-12T16:47:30, 40.2155555556, 0, 0, 0 
2015-02-12T16:52:30, 40.215, 0, 0, 0 
2015-02-12T16:57:30, 40.2155797101, 0, 0, 0 
2015-02-12T17:02:30, 40.2153623188, 0, 0, 0 
2015-02-12T17:07:30, 40.2159574468, 0, 0, 0 
2015-02-12T17:12:30, 40.215390625, 0, 0, 0 
2015-02-12T17:17:30, 40.2154545455, 0, 0, 0 
2015-02-12T17:22:30, 40.2156818182, 0, 0, 0 
2015-02-12T17:27:30, 40.2154794521, 0, 0, 0 
2015-02-12T17:32:30, 40.2156603774, 0, 0, 0 
2015-02-12T17:37:30, 40.2156849315, 0, 0, 0 
2015-02-12T17:42:30, 40.2155033557, 0, 0, 0 
2015-02-12T17:47:30, 40.2154605263, 0, 0, 0 
2015-02-12T17:52:30, 40.2155714286, 0, 0, 0 
2015-02-12T17:57:30, 40.2153521127, 0, 0, 0 
2015-02-12T18:02:30, 40.2156923077, 0, 0, 0 
2015-02-12T18:07:30, 40.2151639344, 0, 0, 0 
2015-02-12T18:12:30, 40.2152112676, 0, 0, 0 
2015-02-12T18:17:30, 40.2161643836, 0, 0, 0 
2015-02-12T18:22:30, 40.215, 0, 0, 0 
2015-02-12T18:27:30, 40.2155797101, 0, 0, 0 
2015-02-12T18:32:30, 40.2158169935, 0, 0, 0 
2015-02-12T18:37:30, 40.2155072464, 0, 0, 0 
2015-02-12T18:42:30, 40.2157241379, 0, 0, 0 
2015-02-12T18:47:30, 40.2153947368, 0, 0, 0 
2015-02-12T18:52:30, 40.2156756757, 0, 0, 0 
2015-02-12T18:57:30, 40.2155479452, 0, 0, 0 
2015-02-12T19:02:30, 40.2152083333, 0, 0, 0 
2015-02-12T19:07:30, 40.2152755906, 0, 0, 0 
2015-02-12T19:12:30, 40.2155555556, 0, 0, 0 
2015-02-12T19:17:30, 40.2157664234, 0, 0, 0 
2015-02-12T19:22:30, 40.2158666667, 0, 0, 0 
2015-02-12T19:27:30, 40.2154676259, 0, 0, 0 
2015-02-12T19:32:30, 40.215, 0, 0, 0 
2015-02-12T19:37:30, 40.2155882353, 0, 0, 0 
2015-02-12T19:42:30, 40.2146078431, 0, 0, 0 
2015-02-12T19:47:30, 40.2151, 0, 0, 0 
2015-02-12T19:52:30, 40.2151612903, 0, 0, 0 
2015-02-12T19:57:30, 40.2150537634, 0, 0, 0 
2015-02-12T20:02:30, 40.2148039216, 0, 0, 0 
2015-02-12T20:07:30, 40.215, 0, 0, 0 
2015-02-12T20:12:30, 40.214787234, 0, 0, 0 
2015-02-12T20:17:30, 40.2151376147, 0, 0, 0 
2015-02-12T20:22:30, 40.2147126437, 0, 0, 0 
2015-02-12T20:27:30, 40.2155696203, 0, 0, 0 
2015-02-12T20:32:30, 40.215, 0, 0, 0 
2015-02-12T20:37:30, 40.214742268, 0, 0, 0 
2015-02-12T20:42:30, 40.2153773585, 0, 0, 0 
2015-02-12T20:47:30, 40.2153333333, 0, 0, 0 
2015-02-12T20:52:30, 40.2143678161, 0, 0, 0 
2015-02-12T20:57:30, 40.2151960784, 0, 0, 0 
2015-02-12T21:02:30, 40.2154054054, 0, 0, 0 
2015-02-12T21:07:30, 40.2154782609, 0, 0, 0 
2015-02-12T21:12:30, 40.2151879699, 0, 0, 0 
2015-02-12T21:17:30, 40.2151515152, 0, 0, 0 
2015-02-12T21:22:30, 40.2153921569, 0, 0, 0 
2015-02-12T21:27:30, 40.214952381, 0, 0, 0 
2015-02-12T21:32:30, 40.2153773585, 0, 0, 0 
2015-02-12T21:37:30, 40.2151666667, 0, 0, 0 
2015-02-12T21:42:30, 40.2152, 0, 0, 0 
2015-02-12T21:47:30, 40.215047619, 0, 0, 0 
2015-02-12T21:52:30, 40.215625, 0, 0, 0 
2015-02-12T21:57:30, 40.2154945055, 0, 0, 0 
2015-02-12T22:02:30, 40.2145794393, 0, 0, 0 
2015-02-12T22:07:30, 40.2150485437, 0, 0, 0 
2015-02-12T22:12:30, 40.214893617, 0, 0, 0 
2015-02-12T22:17:30, 40.2149438202, 0, 0, 0 
2015-02-12T22:22:30, 40.2146153846, 0, 0, 0 
2015-02-12T22:27:30, 40.2142045455, 0, 0, 0 
2015-02-12T22:32:30, 40.214893617, 0, 0, 0 
2015-02-12T22:37:30, 40.2151685393, 0, 0, 0 
2015-02-12T22:42:30, 40.2149382716, 0, 0, 0 
2015-02-12T22:47:30, 40.2152040816, 0, 0, 0 
2015-02-12T22:52:30, 40.215, 0, 0, 0 
2015-02-12T22:57:30, 40.2154166667, 0, 0, 0 
2015-02-12T23:02:30, 40.214950495, 0, 0, 0 
2015-02-12T23:07:30, 40.2150537634, 0, 0, 0 
2015-02-12T23:12:30, 40.2147572816, 0, 0, 0 
2015-02-12T23:17:30, 40.2148863636, 0, 0, 0 
2015-02-12T23:22:30, 38.7985840708, 0, 0, 0 
2015-02-12T23:27:30, 40.215212766, 0, 0, 0 
2015-02-12T23:32:30, 40.2148837209, 0, 0, 0 
2015-02-12T23:37:30, 40.2142857143, 0, 0, 0 
2015-02-12T23:42:30, 40.2151388889, 0, 0, 0 
2015-02-12T23:47:30, 40.2147959184, 0, 0, 0 
2015-02-12T23:52:30, 40.2151807229, 0, 0, 0 
2015-02-12T23:57:30, 40.2147252747, 0, 0, 0 
2015-02-13T00:02:30, 40.214950495, 0, 0, 0 
2015-02-13T00:07:30, 40.2154081633, 0, 0, 0 
2015-02-13T00:12:30, 40.2149514563, 0, 0, 0 
2015-02-13T00:17:30, 40.2148245614, 0, 0, 0 
2015-02-13T00:22:30, 40.2156896552, 0, 0, 0 
2015-02-13T00:27:30, 40.2154310345, 0, 0, 0 
2015-02-13T00:32:30, 40.2155263158, 0, 0, 0 
2015-02-13T00:37:30, 40.21525, 0, 0, 0 
2015-02-13T00:42:30, 40.2161111111, 0, 0, 0 
2015-02-13T00:47:30, 40.2154135338, 0, 0, 0 
2015-02-13T00:52:30, 40.2155737705, 0, 0, 0 
2015-02-13T00:57:30, 40.2150925926, 0, 0, 0 
2015-02-13T01:02:30, 40.2154074074, 0, 0, 0 
2015-02-13T01:07:30, 40.2152336449, 0, 0, 0 
2015-02-13T01:12:30, 40.2152991453, 0, 0, 0 
2015-02-13T01:17:30, 40.2152459016, 0, 0, 0 
2015-02-13T01:22:30, 40.215, 0, 0, 0 
2015-02-13T01:27:30, 40.2153125, 0, 0, 0 
2015-02-13T01:32:30, 40.215, 0, 0, 0 
2015-02-13T01:37:30, 40.2152173913, 0, 0, 0 
2015-02-13T01:42:30, 40.2153703704, 0, 0, 0 
2015-02-13T01:47:30, 40.2149586777, 0, 0, 0 
2015-02-13T01:52:30, 40.2151724138, 0, 0, 0 
2015-02-13T01:57:30, 40.2153271028, 0, 0, 0 
2015-02-13T02:02:30, 40.2151886792, 0, 0, 0 
2015-02-13T02:07:30, 40.2156779661, 0, 0, 0 
2015-02-13T02:12:30, 40.215, 0, 0, 0 
2015-02-13T02:17:30, 40.2152671756, 0, 0, 0 
2015-02-13T02:22:30, 40.2152173913, 0, 0, 0 
2015-02-13T02:27:30, 40.2154615385, 0, 0, 0 
2015-02-13T02:32:30, 40.2152991453, 0, 0, 0 
2015-02-13T02:37:30, 40.2146610169, 0, 0, 0 
2015-02-13T02:42:30, 40.2152631579, 0, 0, 0 
2015-02-13T02:47:30, 40.2149137931, 0, 0, 0 
2015-02-13T02:52:30, 40.2151968504, 0, 0, 0 
2015-02-13T02:57:30, 40.2149484536, 0, 0, 0 
2015-02-13T03:02:30, 40.2154639175, 0, 0, 0 
2015-02-13T03:07:30, 40.2152542373, 0, 0, 0 
2015-02-13T03:12:30, 40.2152380952, 0, 0, 0 
2015-02-13T03:17:30, 40.2144565217, 0, 0, 0 
2015-02-13T03:22:30, 40.2149038462, 0, 0, 0 
2015-02-13T03:27:30, 40.215203252, 0, 0, 0 
2015-02-13T03:32:30, 40.215203252, 0, 0, 0 
2015-02-13T03:37:30, 40.2151666667, 0, 0, 0 
2015-02-13T03:42:30, 40.2147457627, 0, 0, 0 
2015-02-13T03:47:30, 40.2155102041, 0, 0, 0 
2015-02-13T03:52:30, 40.2152991453, 0, 0, 0 
2015-02-13T03:57:30, 40.2149606299, 0, 0, 0 
2015-02-13T04:02:30, 40.2154545455, 0, 0, 0 
2015-02-13T04:07:30, 40.2151041667, 0, 0, 0 
2015-02-13T04:12:30, 40.2154098361, 0, 0, 0 
2015-02-13T04:17:30, 40.2154166667, 0, 0, 0 
2015-02-13T04:22:30, 40.2152380952, 0, 0, 0 
2015-02-13T04:27:30, 40.214950495, 0, 0, 0 
2015-02-13T04:32:30, 40.2151515152, 0, 0, 0 
2015-02-13T04:37:30, 40.2144954128, 0, 0, 0 
2015-02-13T04:42:30, 40.2154117647, 0, 0, 0 
2015-02-13T04:47:30, 40.2144444444, 0, 0, 0 
2015-02-13T04:52:30, 40.2151851852, 0, 0, 0 
2015-02-13T04:57:30, 40.2152459016, 0, 0, 0 
2015-02-13T05:02:30, 40.215106383, 0, 0, 0 
2015-02-13T05:07:30, 40.2151428571, 0, 0, 0 
2015-02-13T05:12:30, 40.215326087, 0, 0, 0 
2015-02-13T05:17:30, 40.2152212389, 0, 0, 0 
2015-02-13T05:22:30, 40.2150485437, 0, 0, 0 
2015-02-13T05:27:30, 40.2153932584, 0, 0, 0 
2015-02-13T05:32:30, 40.215, 0, 0, 0 
2015-02-13T05:37:30, 40.2150526316, 0, 0, 0 
2015-02-13T05:42:30, 40.2152475248, 0, 0, 0 
2015-02-13T05:47:30, 40.2151219512, 0, 0, 0 
2015-02-13T05:52:30, 40.215, 0, 0, 0 
2015-02-13T05:57:30, 40.2145977011, 0, 0, 0 
2015-02-13T06:02:30, 40.2155238095, 0, 0, 0 
2015-02-13T06:07:30, 40.2151923077, 0, 0, 0 
2015-02-13T06:12:30, 40.2155752212, 0, 0, 0 
2015-02-13T06:17:30, 40.2150980392, 0, 0, 0 
2015-02-13T06:22:30, 40.2150925926, 0, 0, 0 
2015-02-13T06:27:30, 40.215257732, 0, 0, 0 
2015-02-13T06:32:30, 40.2156842105, 0, 0, 0 
2015-02-13T06:37:30, 40.215, 0, 0, 0 
2015-02-13T06:42:30, 40.215, 0, 0, 0 
2015-02-13T06:47:30, 40.2150526316, 0, 0, 0 
2015-02-13T06:52:30, 40.2154117647, 0, 0, 0 
2015-02-13T06:57:30, 40.2145945946, 0, 0, 0 
2015-02-13T07:02:30, 40.2148684211, 0, 0, 0 
2015-02-13T07:07:30, 40.2146774194, 0, 0, 0 
2015-02-13T07:12:30, 38.0517307692, 0, 0, 0 
2015-02-13T07:17:30, 40.1446774194, 0, 0, 0 
2015-02-13T07:22:30, 40.2148, 0, 0, 0 
2015-02-13T07:27:30, 40.2147945205, 0, 0, 0 
2015-02-13T07:32:30, 40.214084507, 0, 0, 0 
2015-02-13T07:37:30, 40.2145762712, 0, 0, 0 
2015-02-13T07:42:30, 40.2153125, 0, 0, 0 
2015-02-13T07:47:30, 40.2149315068, 0, 0, 0 
2015-02-13T07:52:30, 40.2143548387, 0, 0, 0 
2015-02-13T07:57:30, 40.2144285714, 0, 0, 0 
2015-02-13T08:02:30, 40.2151612903, 0, 0, 0 
2015-02-13T08:07:30, 40.215, 0, 0, 0 
2015-02-13T08:12:30, 40.2137878788, 0, 0, 0 
2015-02-13T08:17:30, 40.2137681159, 0, 0, 0 
2015-02-13T08:22:30, 40.2146666667, 0, 0, 0 
2015-02-13T08:27:30, 40.2132608696, 0, 0, 0 
2015-02-13T08:32:30, 40.2, 0, 0, 0 
2015-02-13T08:37:30, 40.2, 0, 0, 0 
2015-02-13T08:42:30, 40.2, 0, 0, 0 
2015-02-13T08:47:30, 40.2, 0, 0, 0 
2015-02-13T08:52:30, 40.2, 0, 0, 0 
2015-02-13T08:57:30, 40.2, 0, 0, 0 
2015-02-13T09:02:30, 40.2, 0, 0, 0 
2015-02-13T09:07:30, 40.2, 0, 0, 0 
2015-02-13T09:12:30, 40.2, 0, 0, 0 
2015-02-13T09:17:30, 40.2, 0, 0, 0 
2015-02-13T09:22:30, 40.2, 0, 0, 0 
2015-02-13T09:27:30, 40.2, 0, 0, 0 
2015-02-13T09:32:30, 40.2, 0, 0, 0 
2015-02-13T09:37:30, 40.2, 0, 0, 0 
2015-02-13T09:42:30, 40.2, 0, 0, 0 
2015-02-13T09:47:30, 40.2, 0, 0, 0 
2015-02-13T09:52:30, 40.2, 0, 0, 0 
2015-02-13T09:57:30, 40.2, 0, 0, 0 
2015-02-13T10:02:30, 40.2, 0, 0, 0 
2015-02-13T10:07:30, 40.2, 0, 0, 0 
2015-02-13T10:12:30, 40.2, 0, 0, 0 
2015-02-13T10:17:30, 40.2, 0, 0, 0 
2015-02-13T10:22:30, 40.2, 0, 0, 0 
2015-02-13T10:27:30, 40.2, 0, 0, 0 
2015-02-13T10:32:30, 40.2, 0, 0, 0 
2015-02-13T10:37:30, 40.2, 0, 0, 0 
2015-02-13T10:42:30, 40.2, 0, 0, 0 
2015-02-13T10:47:30, 40.21, 0, 0, 0 
2015-02-13T10:52:30, 40.2154861111, 0, 0, 0 
2015-02-13T10:57:30, 40.2157718121, 0, 0, 0 
2015-02-13T11:02:30, 40.2158, 0, 0, 0 
2015-02-13T11:07:30, 40.21546875, 0, 0, 0 
2015-02-13T11:12:30, 40.2162, 0, 0, 0 
2015-02-13T11:17:30, 40.2156, 0, 0, 0 
2015-02-13T11:22:30, 40.2157232704, 0, 0, 0 
2015-02-13T11:27:30, 40.2161676647, 0, 0, 0 
2015-02-13T11:32:30, 40.2159281437, 0, 0, 0 
2015-02-13T11:37:30, 40.2160689655, 0, 0, 0 
2015-02-13T11:42:30, 40.2159493671, 0, 0, 0 
2015-02-13T11:47:30, 40.2161212121, 0, 0, 0 
2015-02-13T11:52:30, 40.2169078947, 0, 0, 0 
2015-02-13T11:57:30, 40.2175268817, 0, 0, 0 
2015-02-13T12:02:30, 40.2163690476, 0, 0, 0 
2015-02-13T12:07:30, 40.2175257732, 0, 0, 0 
2015-02-13T12:12:30, 40.2176836158, 0, 0, 0 
2015-02-13T12:17:30, 40.2166470588, 0, 0, 0 
2015-02-13T12:22:30, 40.2176608187, 0, 0, 0 
2015-02-13T12:27:30, 40.2168627451, 0, 0, 0 
2015-02-13T12:32:30, 40.2172327044, 0, 0, 0 
2015-02-13T12:37:30, 40.217, 0, 0, 0 
2015-02-13T12:42:30, 40.2173295455, 0, 0, 0 
2015-02-13T12:47:30, 40.217202381, 0, 0, 0 
2015-02-13T12:52:30, 39.8702649007, 0, 0, 0 
2015-02-13T12:57:30, 40.2168902439, 0, 0, 0 
2015-02-13T13:02:30, 40.217625, 0, 0, 0 
2015-02-13T13:07:30, 40.2184713376, 0, 0, 0 
2015-02-13T13:12:30, 40.2192215569, 0, 0, 0 
2015-02-13T13:17:30, 40.2194767442, 0, 0, 0 
2015-02-13T13:22:30, 40.2203947368, 0, 0, 0 
2015-02-13T13:27:30, 40.2204268293, 0, 0, 0 
2015-02-13T13:32:30, 40.2212101911, 0, 0, 0 
2015-02-13T13:37:30, 40.221625, 0, 0, 0 
2015-02-13T13:42:30, 40.2229012346, 0, 0, 0 
2015-02-13T13:47:30, 40.2230434783, 0, 0, 0 
2015-02-13T13:52:30, 40.2238311688, 0, 0, 0 
2015-02-13T13:57:30, 40.2230177515, 0, 0, 0 
2015-02-13T14:02:30, 40.224301676, 0, 0, 0 
2015-02-13T14:07:30, 40.2239053254, 0, 0, 0 
2015-02-13T14:12:30, 40.2240645161, 0, 0, 0 
2015-02-13T14:17:30, 40.2243046358, 0, 0, 0 
2015-02-13T14:22:30, 40.2249342105, 0, 0, 0 
2015-02-13T14:27:30, 40.2245578231, 0, 0, 0 
2015-02-13T14:32:30, 40.2246103896, 0, 0, 0 
2015-02-13T14:37:30, 40.2247852761, 0, 0, 0 
2015-02-13T14:42:30, 40.2245890411, 0, 0, 0 
2015-02-13T14:47:30, 40.2246666667, 0, 0, 0 
2015-02-13T14:52:30, 40.2251219512, 0, 0, 0 
2015-02-13T14:57:30, 40.2245070423, 0, 0, 0 
2015-02-13T15:02:30, 40.225, 0, 0, 0 
2015-02-13T15:07:30, 40.22504, 0, 0, 0 
2015-02-13T15:12:30, 40.225, 0, 0, 0 
2015-02-13T15:17:30, 40.2248484848, 0, 0, 0 
2015-02-13T15:22:30, 40.225, 0, 0, 0 
2015-02-13T15:27:30, 40.8049315068, 0, 0, 0 
2015-02-13T15:32:30, 40.9792465753, 0, 0, 0 
2015-02-13T15:37:30, 40.9364670659, 0, 0, 0 
2015-02-13T15:42:30, 40.937037037, 0, 0, 0 
2015-02-13T15:47:30, 40.9375147929, 0, 0, 0 
2015-02-13T15:52:30, 40.9589583333, 0, 0, 0 
2015-02-13T15:57:30, 41.1736082474, 0, 0, 0 
2015-02-13T16:02:30, 41.04625, 0, 0, 0 
2015-02-13T16:07:30, 41.0017424242, 0, 0, 0 
2015-02-13T16:12:30, 41.7145070423, 0, 0, 0 
2015-02-13T16:17:30, 41.976779661, 0, 0, 0 
2015-02-13T16:22:30, 41.9762711864, 0, 0, 0 
2015-02-13T16:27:30, 41.9763235294, 0, 0, 0 
2015-02-13T16:32:30, 41.3336, 0, 0, 0 
2015-02-13T16:37:30, 41.9772, 0, 0, 0 
2015-02-13T16:42:30, 41.97765625, 0, 0, 0 
2015-02-13T16:47:30, 41.975, 0, 0, 0 
