# 
# Filename    : /tmp/rfq_tt_h05_ai_in.txt
# PV name     : RFQ:TT:H05:AI_IN
# From        : 2015-02-06T16:45:01.158839
# To          : 2015-02-13T16:45:01.158839
# queryString : ?pv=mean_300(RFQ:TT:H05:AI_IN)&from=2015-02-06T16%3A45%3A01.158839%2B09%3A00&to=2015-02-13T16%3A45%3A01.158839%2B09%3A00
# hostname    : munjipc0
# host IP     : 127.0.1.1
# 
# time, val, nanos, status, severity
2015-02-06T16:47:30, 2276.33333333, 0, 0, 0 
2015-02-06T16:52:30, 2269.73758865, 0, 0, 0 
2015-02-06T16:57:30, 2262.83802817, 0, 0, 0 
2015-02-06T17:02:30, 2252.43617021, 0, 0, 0 
2015-02-06T17:07:30, 2242.47426471, 0, 0, 0 
2015-02-06T17:12:30, 2224.71724138, 0, 0, 0 
2015-02-06T17:17:30, 2217.52430556, 0, 0, 0 
2015-02-06T17:22:30, 2212.19148936, 0, 0, 0 
2015-02-06T17:27:30, 2207.03225806, 0, 0, 0 
2015-02-06T17:32:30, 2201.83848797, 0, 0, 0 
2015-02-06T17:37:30, 2192.51428571, 0, 0, 0 
2015-02-06T17:42:30, 2184.62587413, 0, 0, 0 
2015-02-06T17:47:30, 2179.86805556, 0, 0, 0 
2015-02-06T17:52:30, 2175.03272727, 0, 0, 0 
2015-02-06T17:57:30, 2170.25964912, 0, 0, 0 
2015-02-06T18:02:30, 2165.06666667, 0, 0, 0 
2015-02-06T18:07:30, 2157.42756184, 0, 0, 0 
2015-02-06T18:12:30, 2151.18309859, 0, 0, 0 
2015-02-06T18:17:30, 2146.68292683, 0, 0, 0 
2015-02-06T18:22:30, 2139.79787234, 0, 0, 0 
2015-02-06T18:27:30, 2134.0, 0, 0, 0 
2015-02-06T18:32:30, 2127.97202797, 0, 0, 0 
2015-02-06T18:37:30, 2124.00353357, 0, 0, 0 
2015-02-06T18:42:30, 2119.38078292, 0, 0, 0 
2015-02-06T18:47:30, 2114.29577465, 0, 0, 0 
2015-02-06T18:52:30, 2105.02857143, 0, 0, 0 
2015-02-06T18:57:30, 2099.69204152, 0, 0, 0 
2015-02-06T19:02:30, 2093.62454874, 0, 0, 0 
2015-02-06T19:07:30, 2086.9122807, 0, 0, 0 
2015-02-06T19:12:30, 2081.85409253, 0, 0, 0 
2015-02-06T19:17:30, 2075.3951049, 0, 0, 0 
2015-02-06T19:22:30, 2069.19655172, 0, 0, 0 
2015-02-06T19:27:30, 2062.3745583, 0, 0, 0 
2015-02-06T19:32:30, 2057.58041958, 0, 0, 0 
2015-02-06T19:37:30, 2052.36610169, 0, 0, 0 
2015-02-06T19:42:30, 2045.99305556, 0, 0, 0 
2015-02-06T19:47:30, 2041.60899654, 0, 0, 0 
2015-02-06T19:52:30, 2034.4532872, 0, 0, 0 
2015-02-06T19:57:30, 2029.67148014, 0, 0, 0 
2015-02-06T20:02:30, 2024.37894737, 0, 0, 0 
2015-02-06T20:07:30, 2017.40909091, 0, 0, 0 
2015-02-06T20:12:30, 2011.48042705, 0, 0, 0 
2015-02-06T20:17:30, 2007.51929825, 0, 0, 0 
2015-02-06T20:22:30, 2002.52595156, 0, 0, 0 
2015-02-06T20:27:30, 1998.13333333, 0, 0, 0 
2015-02-06T20:32:30, 1991.5, 0, 0, 0 
2015-02-06T20:37:30, 1985.28315412, 0, 0, 0 
2015-02-06T20:42:30, 1981.8442029, 0, 0, 0 
2015-02-06T20:47:30, 1977.69964664, 0, 0, 0 
2015-02-06T20:52:30, 1971.77738516, 0, 0, 0 
2015-02-06T20:57:30, 1967.0326087, 0, 0, 0 
2015-02-06T21:02:30, 1961.0, 0, 0, 0 
2015-02-06T21:07:30, 1957.49469965, 0, 0, 0 
2015-02-06T21:12:30, 1952.88659794, 0, 0, 0 
2015-02-06T21:17:30, 1948.04395604, 0, 0, 0 
2015-02-06T21:22:30, 1941.70567376, 0, 0, 0 
2015-02-06T21:27:30, 1936.70877193, 0, 0, 0 
2015-02-06T21:32:30, 1932.75517241, 0, 0, 0 
2015-02-06T21:37:30, 1929.5017301, 0, 0, 0 
2015-02-06T21:42:30, 1924.53846154, 0, 0, 0 
2015-02-06T21:47:30, 1919.35314685, 0, 0, 0 
2015-02-06T21:52:30, 1914.52464789, 0, 0, 0 
2015-02-06T21:57:30, 1909.45936396, 0, 0, 0 
2015-02-06T22:02:30, 1906.48951049, 0, 0, 0 
2015-02-06T22:07:30, 1900.96587031, 0, 0, 0 
2015-02-06T22:12:30, 1896.0625, 0, 0, 0 
2015-02-06T22:17:30, 1892.09122807, 0, 0, 0 
2015-02-06T22:22:30, 1888.00340136, 0, 0, 0 
2015-02-06T22:27:30, 1883.92907801, 0, 0, 0 
2015-02-06T22:32:30, 1880.41696113, 0, 0, 0 
2015-02-06T22:37:30, 1876.92708333, 0, 0, 0 
2015-02-06T22:42:30, 1872.30851064, 0, 0, 0 
2015-02-06T22:47:30, 1866.97163121, 0, 0, 0 
2015-02-06T22:52:30, 1863.56785714, 0, 0, 0 
2015-02-06T22:57:30, 1858.72377622, 0, 0, 0 
2015-02-06T23:02:30, 1855.61403509, 0, 0, 0 
2015-02-06T23:07:30, 1850.3202847, 0, 0, 0 
2015-02-06T23:12:30, 1846.03571429, 0, 0, 0 
2015-02-06T23:17:30, 1841.76241135, 0, 0, 0 
2015-02-06T23:22:30, 1837.63859649, 0, 0, 0 
2015-02-06T23:27:30, 1833.01388889, 0, 0, 0 
2015-02-06T23:32:30, 1827.60791367, 0, 0, 0 
2015-02-06T23:37:30, 1822.93454545, 0, 0, 0 
2015-02-06T23:42:30, 1818.66304348, 0, 0, 0 
2015-02-06T23:47:30, 1814.40925267, 0, 0, 0 
2015-02-06T23:52:30, 1811.6797153, 0, 0, 0 
2015-02-06T23:57:30, 1809.3554007, 0, 0, 0 
2015-02-07T00:02:30, 1802.91039427, 0, 0, 0 
2015-02-07T00:07:30, 1795.73448276, 0, 0, 0 
2015-02-07T00:12:30, 1793.73010381, 0, 0, 0 
2015-02-07T00:17:30, 1791.47569444, 0, 0, 0 
2015-02-07T00:22:30, 1785.83928571, 0, 0, 0 
2015-02-07T00:27:30, 1781.4084507, 0, 0, 0 
2015-02-07T00:32:30, 1779.37323944, 0, 0, 0 
2015-02-07T00:37:30, 1777.02730375, 0, 0, 0 
2015-02-07T00:42:30, 1769.20209059, 0, 0, 0 
2015-02-07T00:47:30, 1765.53716216, 0, 0, 0 
2015-02-07T00:52:30, 1764.13402062, 0, 0, 0 
2015-02-07T00:57:30, 1763.90175439, 0, 0, 0 
2015-02-07T01:02:30, 1761.69014085, 0, 0, 0 
2015-02-07T01:07:30, 1754.64236111, 0, 0, 0 
2015-02-07T01:12:30, 1749.17288136, 0, 0, 0 
2015-02-07T01:17:30, 1748.22887324, 0, 0, 0 
2015-02-07T01:22:30, 1745.69784173, 0, 0, 0 
2015-02-07T01:27:30, 1741.82068966, 0, 0, 0 
2015-02-07T01:32:30, 1737.21708185, 0, 0, 0 
2015-02-07T01:37:30, 1735.51041667, 0, 0, 0 
2015-02-07T01:42:30, 1732.90410959, 0, 0, 0 
2015-02-07T01:47:30, 1730.725, 0, 0, 0 
2015-02-07T01:52:30, 1723.86879433, 0, 0, 0 
2015-02-07T01:57:30, 1719.42105263, 0, 0, 0 
2015-02-07T02:02:30, 1718.03272727, 0, 0, 0 
2015-02-07T02:07:30, 1717.84697509, 0, 0, 0 
2015-02-07T02:12:30, 1718.06545455, 0, 0, 0 
2015-02-07T02:17:30, 1714.48275862, 0, 0, 0 
2015-02-07T02:22:30, 1710.77622378, 0, 0, 0 
2015-02-07T02:27:30, 1706.91221374, 0, 0, 0 
2015-02-07T02:32:30, 1703.58781362, 0, 0, 0 
2015-02-07T02:37:30, 1702.58844765, 0, 0, 0 
2015-02-07T02:42:30, 1698.98188406, 0, 0, 0 
2015-02-07T02:47:30, 1695.24731183, 0, 0, 0 
2015-02-07T02:52:30, 1689.98888889, 0, 0, 0 
2015-02-07T02:57:30, 1688.57839721, 0, 0, 0 
2015-02-07T03:02:30, 1688.00381679, 0, 0, 0 
2015-02-07T03:07:30, 1686.56896552, 0, 0, 0 
2015-02-07T03:12:30, 1678.0528169, 0, 0, 0 
2015-02-07T03:17:30, 1674.5177305, 0, 0, 0 
2015-02-07T03:22:30, 1673.2014652, 0, 0, 0 
2015-02-07T03:27:30, 1672.89925373, 0, 0, 0 
2015-02-07T03:32:30, 1671.84363636, 0, 0, 0 
2015-02-07T03:37:30, 1670.15302491, 0, 0, 0 
2015-02-07T03:42:30, 1664.57342657, 0, 0, 0 
2015-02-07T03:47:30, 1659.92733564, 0, 0, 0 
2015-02-07T03:52:30, 1659.83088235, 0, 0, 0 
2015-02-07T03:57:30, 1657.34364261, 0, 0, 0 
2015-02-07T04:02:30, 1656.26829268, 0, 0, 0 
2015-02-07T04:07:30, 1653.53583618, 0, 0, 0 
2015-02-07T04:12:30, 1646.85512367, 0, 0, 0 
2015-02-07T04:17:30, 1644.83157895, 0, 0, 0 
2015-02-07T04:22:30, 1642.93793103, 0, 0, 0 
2015-02-07T04:27:30, 1641.87586207, 0, 0, 0 
2015-02-07T04:32:30, 1637.58245614, 0, 0, 0 
2015-02-07T04:37:30, 1635.10830325, 0, 0, 0 
2015-02-07T04:42:30, 1630.88275862, 0, 0, 0 
2015-02-07T04:47:30, 1628.26714801, 0, 0, 0 
2015-02-07T04:52:30, 1627.19434629, 0, 0, 0 
2015-02-07T04:57:30, 1627.06428571, 0, 0, 0 
2015-02-07T05:02:30, 1626.67247387, 0, 0, 0 
2015-02-07T05:07:30, 1624.49116608, 0, 0, 0 
2015-02-07T05:12:30, 1622.75958188, 0, 0, 0 
2015-02-07T05:17:30, 1619.30072464, 0, 0, 0 
2015-02-07T05:22:30, 1616.22968198, 0, 0, 0 
2015-02-07T05:27:30, 1612.48421053, 0, 0, 0 
2015-02-07T05:32:30, 1611.30851064, 0, 0, 0 
2015-02-07T05:37:30, 1610.53710247, 0, 0, 0 
2015-02-07T05:42:30, 1609.10074627, 0, 0, 0 
2015-02-07T05:47:30, 1606.40636042, 0, 0, 0 
2015-02-07T05:52:30, 1603.72759857, 0, 0, 0 
2015-02-07T05:57:30, 1600.42909091, 0, 0, 0 
2015-02-07T06:02:30, 1599.13090909, 0, 0, 0 
2015-02-07T06:07:30, 1596.85172414, 0, 0, 0 
2015-02-07T06:12:30, 1596.55789474, 0, 0, 0 
2015-02-07T06:17:30, 1596.51971326, 0, 0, 0 
2015-02-07T06:22:30, 1596.32542373, 0, 0, 0 
2015-02-07T06:27:30, 1594.74226804, 0, 0, 0 
2015-02-07T06:32:30, 1594.11510791, 0, 0, 0 
2015-02-07T06:37:30, 1588.10877193, 0, 0, 0 
2015-02-07T06:42:30, 1584.97938144, 0, 0, 0 
2015-02-07T06:47:30, 1581.49084249, 0, 0, 0 
2015-02-07T06:52:30, 1581.17602996, 0, 0, 0 
2015-02-07T06:57:30, 1580.11594203, 0, 0, 0 
2015-02-07T07:02:30, 1578.65201465, 0, 0, 0 
2015-02-07T07:07:30, 1574.9122807, 0, 0, 0 
2015-02-07T07:12:30, 1568.15357143, 0, 0, 0 
2015-02-07T07:17:30, 1567.61090909, 0, 0, 0 
2015-02-07T07:22:30, 1565.46341463, 0, 0, 0 
2015-02-07T07:27:30, 1565.15884477, 0, 0, 0 
2015-02-07T07:32:30, 1564.33454545, 0, 0, 0 
2015-02-07T07:37:30, 1563.71478873, 0, 0, 0 
2015-02-07T07:42:30, 1561.57706093, 0, 0, 0 
2015-02-07T07:47:30, 1555.27697842, 0, 0, 0 
2015-02-07T07:52:30, 1551.78397213, 0, 0, 0 
2015-02-07T07:57:30, 1551.21582734, 0, 0, 0 
2015-02-07T08:02:30, 1550.93661972, 0, 0, 0 
2015-02-07T08:07:30, 1550.87188612, 0, 0, 0 
2015-02-07T08:12:30, 1550.85409253, 0, 0, 0 
2015-02-07T08:17:30, 1550.54243542, 0, 0, 0 
2015-02-07T08:22:30, 1550.15734266, 0, 0, 0 
2015-02-07T08:27:30, 1549.0, 0, 0, 0 
2015-02-07T08:32:30, 1547.76, 0, 0, 0 
2015-02-07T08:37:30, 1546.20209059, 0, 0, 0 
2015-02-07T08:42:30, 1541.62807018, 0, 0, 0 
2015-02-07T08:47:30, 1539.3442029, 0, 0, 0 
2015-02-07T08:52:30, 1539.80357143, 0, 0, 0 
2015-02-07T08:57:30, 1537.68796992, 0, 0, 0 
2015-02-07T09:02:30, 1540.43617021, 0, 0, 0 
2015-02-07T09:07:30, 1540.14184397, 0, 0, 0 
2015-02-07T09:12:30, 1539.49285714, 0, 0, 0 
2015-02-07T09:17:30, 1540.99651568, 0, 0, 0 
2015-02-07T09:22:30, 1542.25524476, 0, 0, 0 
2015-02-07T09:27:30, 1543.25174825, 0, 0, 0 
2015-02-07T09:32:30, 1544.77419355, 0, 0, 0 
2015-02-07T09:37:30, 1546.07986111, 0, 0, 0 
2015-02-07T09:42:30, 1545.94520548, 0, 0, 0 
2015-02-07T09:47:30, 1544.83098592, 0, 0, 0 
2015-02-07T09:52:30, 1543.23188406, 0, 0, 0 
2015-02-07T09:57:30, 1544.03508772, 0, 0, 0 
2015-02-07T10:02:30, 1543.8, 0, 0, 0 
2015-02-07T10:07:30, 1544.86759582, 0, 0, 0 
2015-02-07T10:12:30, 1545.76124567, 0, 0, 0 
2015-02-07T10:17:30, 1546.10069444, 0, 0, 0 
2015-02-07T10:22:30, 1543.50714286, 0, 0, 0 
2015-02-07T10:27:30, 1545.09252669, 0, 0, 0 
2015-02-07T10:32:30, 1546.91071429, 0, 0, 0 
2015-02-07T10:37:30, 1548.32042254, 0, 0, 0 
2015-02-07T10:42:30, 1549.08273381, 0, 0, 0 
2015-02-07T10:47:30, 1548.875, 0, 0, 0 
2015-02-07T10:52:30, 1547.61805556, 0, 0, 0 
2015-02-07T10:57:30, 1549.20863309, 0, 0, 0 
2015-02-07T11:02:30, 1549.15770609, 0, 0, 0 
2015-02-07T11:07:30, 1549.45229682, 0, 0, 0 
2015-02-07T11:12:30, 1550.57142857, 0, 0, 0 
2015-02-07T11:17:30, 1550.06944444, 0, 0, 0 
2015-02-07T11:22:30, 1550.69791667, 0, 0, 0 
2015-02-07T11:27:30, 1551.4858156, 0, 0, 0 
2015-02-07T11:32:30, 1552.04529617, 0, 0, 0 
2015-02-07T11:37:30, 1551.55477032, 0, 0, 0 
2015-02-07T11:42:30, 1552.05782313, 0, 0, 0 
2015-02-07T11:47:30, 1551.92418773, 0, 0, 0 
2015-02-07T11:52:30, 1551.82042254, 0, 0, 0 
2015-02-07T11:57:30, 1552.40955631, 0, 0, 0 
2015-02-07T12:02:30, 1552.04421769, 0, 0, 0 
2015-02-07T12:07:30, 1552.38652482, 0, 0, 0 
2015-02-07T12:12:30, 1552.36200717, 0, 0, 0 
2015-02-07T12:17:30, 1552.35714286, 0, 0, 0 
2015-02-07T12:22:30, 1553.20547945, 0, 0, 0 
2015-02-07T12:27:30, 1553.34602076, 0, 0, 0 
2015-02-07T12:32:30, 1554.49134948, 0, 0, 0 
2015-02-07T12:37:30, 1558.82229965, 0, 0, 0 
2015-02-07T12:42:30, 1560.06271777, 0, 0, 0 
2015-02-07T12:47:30, 1562.34519573, 0, 0, 0 
2015-02-07T12:52:30, 1566.34027778, 0, 0, 0 
2015-02-07T12:57:30, 1567.24305556, 0, 0, 0 
2015-02-07T13:02:30, 1567.51219512, 0, 0, 0 
2015-02-07T13:07:30, 1567.14930556, 0, 0, 0 
2015-02-07T13:12:30, 1568.45907473, 0, 0, 0 
2015-02-07T13:17:30, 1568.40689655, 0, 0, 0 
2015-02-07T13:22:30, 1571.42142857, 0, 0, 0 
2015-02-07T13:27:30, 1568.76363636, 0, 0, 0 
2015-02-07T13:32:30, 1569.25089606, 0, 0, 0 
2015-02-07T13:37:30, 1570.49480969, 0, 0, 0 
2015-02-07T13:42:30, 1572.34375, 0, 0, 0 
2015-02-07T13:47:30, 1578.27368421, 0, 0, 0 
2015-02-07T13:52:30, 1572.23958333, 0, 0, 0 
2015-02-07T13:57:30, 1568.4245614, 0, 0, 0 
2015-02-07T14:02:30, 1573.48442907, 0, 0, 0 
2015-02-07T14:07:30, 1575.16014235, 0, 0, 0 
2015-02-07T14:12:30, 1573.7189781, 0, 0, 0 
2015-02-07T14:17:30, 1577.03484321, 0, 0, 0 
2015-02-07T14:22:30, 1578.39575972, 0, 0, 0 
2015-02-07T14:27:30, 1579.37457045, 0, 0, 0 
2015-02-07T14:32:30, 1582.77659574, 0, 0, 0 
2015-02-07T14:37:30, 1583.12857143, 0, 0, 0 
2015-02-07T14:42:30, 1582.97111913, 0, 0, 0 
2015-02-07T14:47:30, 1583.63475177, 0, 0, 0 
2015-02-07T14:52:30, 1583.26643599, 0, 0, 0 
2015-02-07T14:57:30, 1583.68661972, 0, 0, 0 
2015-02-07T15:02:30, 1584.83453237, 0, 0, 0 
2015-02-07T15:07:30, 1588.93706294, 0, 0, 0 
2015-02-07T15:12:30, 1590.62857143, 0, 0, 0 
2015-02-07T15:17:30, 1592.71678322, 0, 0, 0 
2015-02-07T15:22:30, 1593.05517241, 0, 0, 0 
2015-02-07T15:27:30, 1593.95620438, 0, 0, 0 
2015-02-07T15:32:30, 1596.92280702, 0, 0, 0 
2015-02-07T15:37:30, 1597.45925926, 0, 0, 0 
2015-02-07T15:42:30, 1598.34532374, 0, 0, 0 
2015-02-07T15:47:30, 1598.16363636, 0, 0, 0 
2015-02-07T15:52:30, 1598.88043478, 0, 0, 0 
2015-02-07T15:57:30, 1599.07420495, 0, 0, 0 
2015-02-07T16:02:30, 1598.92605634, 0, 0, 0 
2015-02-07T16:07:30, 1600.82481752, 0, 0, 0 
2015-02-07T16:12:30, 1599.70036101, 0, 0, 0 
2015-02-07T16:17:30, 1599.53649635, 0, 0, 0 
2015-02-07T16:22:30, 1599.98555957, 0, 0, 0 
2015-02-07T16:27:30, 1599.52205882, 0, 0, 0 
2015-02-07T16:32:30, 1598.63176895, 0, 0, 0 
2015-02-07T16:37:30, 1598.87867647, 0, 0, 0 
2015-02-07T16:42:30, 1599.14539007, 0, 0, 0 
2015-02-07T16:47:30, 1599.74637681, 0, 0, 0 
2015-02-07T16:52:30, 1603.33210332, 0, 0, 0 
2015-02-07T16:57:30, 1605.70609319, 0, 0, 0 
2015-02-07T17:02:30, 1604.20220588, 0, 0, 0 
2015-02-07T17:07:30, 1606.98630137, 0, 0, 0 
2015-02-07T17:12:30, 1605.52416357, 0, 0, 0 
2015-02-07T17:17:30, 1606.52919708, 0, 0, 0 
2015-02-07T17:22:30, 1607.89772727, 0, 0, 0 
2015-02-07T17:27:30, 1605.52816901, 0, 0, 0 
2015-02-07T17:32:30, 1607.9047619, 0, 0, 0 
2015-02-07T17:37:30, 1611.45804196, 0, 0, 0 
2015-02-07T17:42:30, 1612.83571429, 0, 0, 0 
2015-02-07T17:47:30, 1612.72887324, 0, 0, 0 
2015-02-07T17:52:30, 1612.1557971, 0, 0, 0 
2015-02-07T17:57:30, 1612.68683274, 0, 0, 0 
2015-02-07T18:02:30, 1613.31358885, 0, 0, 0 
2015-02-07T18:07:30, 1613.8, 0, 0, 0 
2015-02-07T18:12:30, 1613.35191638, 0, 0, 0 
2015-02-07T18:17:30, 1613.33098592, 0, 0, 0 
2015-02-07T18:22:30, 1613.34736842, 0, 0, 0 
2015-02-07T18:27:30, 1613.61870504, 0, 0, 0 
2015-02-07T18:32:30, 1614.25095057, 0, 0, 0 
2015-02-07T18:37:30, 1613.79642857, 0, 0, 0 
2015-02-07T18:42:30, 1613.49640288, 0, 0, 0 
2015-02-07T18:47:30, 1613.47482014, 0, 0, 0 
2015-02-07T18:52:30, 1613.47183099, 0, 0, 0 
2015-02-07T18:57:30, 1614.66542751, 0, 0, 0 
2015-02-07T19:02:30, 1615.5034965, 0, 0, 0 
2015-02-07T19:07:30, 1614.22916667, 0, 0, 0 
2015-02-07T19:12:30, 1614.63380282, 0, 0, 0 
2015-02-07T19:17:30, 1614.26408451, 0, 0, 0 
2015-02-07T19:22:30, 1614.46402878, 0, 0, 0 
2015-02-07T19:27:30, 1614.07608696, 0, 0, 0 
2015-02-07T19:32:30, 1614.24561404, 0, 0, 0 
2015-02-07T19:37:30, 1614.75704225, 0, 0, 0 
2015-02-07T19:42:30, 1613.22145329, 0, 0, 0 
2015-02-07T19:47:30, 1612.88768116, 0, 0, 0 
2015-02-07T19:52:30, 1612.34722222, 0, 0, 0 
2015-02-07T19:57:30, 1612.34013605, 0, 0, 0 
2015-02-07T20:02:30, 1612.01403509, 0, 0, 0 
2015-02-07T20:07:30, 1611.21201413, 0, 0, 0 
2015-02-07T20:12:30, 1610.79151943, 0, 0, 0 
2015-02-07T20:17:30, 1611.29681979, 0, 0, 0 
2015-02-07T20:22:30, 1609.84482759, 0, 0, 0 
2015-02-07T20:27:30, 1608.96167247, 0, 0, 0 
2015-02-07T20:32:30, 1608.31358885, 0, 0, 0 
2015-02-07T20:37:30, 1606.26923077, 0, 0, 0 
2015-02-07T20:42:30, 1605.56747405, 0, 0, 0 
2015-02-07T20:47:30, 1605.47916667, 0, 0, 0 
2015-02-07T20:52:30, 1606.68661972, 0, 0, 0 
2015-02-07T20:57:30, 1605.02439024, 0, 0, 0 
2015-02-07T21:02:30, 1604.7844523, 0, 0, 0 
2015-02-07T21:07:30, 1601.89273356, 0, 0, 0 
2015-02-07T21:12:30, 1599.23076923, 0, 0, 0 
2015-02-07T21:17:30, 1599.0790378, 0, 0, 0 
2015-02-07T21:22:30, 1600.03202847, 0, 0, 0 
2015-02-07T21:27:30, 1598.47222222, 0, 0, 0 
2015-02-07T21:32:30, 1600.07241379, 0, 0, 0 
2015-02-07T21:37:30, 1600.24264706, 0, 0, 0 
2015-02-07T21:42:30, 1600.97909408, 0, 0, 0 
2015-02-07T21:47:30, 1601.05923345, 0, 0, 0 
2015-02-07T21:52:30, 1600.61724138, 0, 0, 0 
2015-02-07T21:57:30, 1598.67605634, 0, 0, 0 
2015-02-07T22:02:30, 1598.96503497, 0, 0, 0 
2015-02-07T22:07:30, 1597.59574468, 0, 0, 0 
2015-02-07T22:12:30, 1597.8172043, 0, 0, 0 
2015-02-07T22:17:30, 1597.76206897, 0, 0, 0 
2015-02-07T22:22:30, 1599.20557491, 0, 0, 0 
2015-02-07T22:27:30, 1598.93771626, 0, 0, 0 
2015-02-07T22:32:30, 1597.55902778, 0, 0, 0 
2015-02-07T22:37:30, 1599.27430556, 0, 0, 0 
2015-02-07T22:42:30, 1598.6996587, 0, 0, 0 
2015-02-07T22:47:30, 1598.50522648, 0, 0, 0 
2015-02-07T22:52:30, 1598.51034483, 0, 0, 0 
2015-02-07T22:57:30, 1598.41811847, 0, 0, 0 
2015-02-07T23:02:30, 1599.24561404, 0, 0, 0 
2015-02-07T23:07:30, 1598.27816901, 0, 0, 0 
2015-02-07T23:12:30, 1599.63066202, 0, 0, 0 
2015-02-07T23:17:30, 1598.49122807, 0, 0, 0 
2015-02-07T23:22:30, 1597.70748299, 0, 0, 0 
2015-02-07T23:27:30, 1597.20486111, 0, 0, 0 
2015-02-07T23:32:30, 1597.31095406, 0, 0, 0 
2015-02-07T23:37:30, 1597.28421053, 0, 0, 0 
2015-02-07T23:42:30, 1597.30449827, 0, 0, 0 
2015-02-07T23:47:30, 1597.46020761, 0, 0, 0 
2015-02-07T23:52:30, 1597.66323024, 0, 0, 0 
2015-02-07T23:57:30, 1597.72727273, 0, 0, 0 
2015-02-08T00:02:30, 1597.41156463, 0, 0, 0 
2015-02-08T00:07:30, 1597.63345196, 0, 0, 0 
2015-02-08T00:12:30, 1597.97887324, 0, 0, 0 
2015-02-08T00:17:30, 1598.28673835, 0, 0, 0 
2015-02-08T00:22:30, 1597.69791667, 0, 0, 0 
2015-02-08T00:27:30, 1598.07829181, 0, 0, 0 
2015-02-08T00:32:30, 1599.08421053, 0, 0, 0 
2015-02-08T00:37:30, 1597.95017794, 0, 0, 0 
2015-02-08T00:42:30, 1598.09440559, 0, 0, 0 
2015-02-08T00:47:30, 1597.71875, 0, 0, 0 
2015-02-08T00:52:30, 1597.80622837, 0, 0, 0 
2015-02-08T00:57:30, 1598.88395904, 0, 0, 0 
2015-02-08T01:02:30, 1598.47959184, 0, 0, 0 
2015-02-08T01:07:30, 1597.46206897, 0, 0, 0 
2015-02-08T01:12:30, 1597.12765957, 0, 0, 0 
2015-02-08T01:17:30, 1596.67353952, 0, 0, 0 
2015-02-08T01:22:30, 1596.71886121, 0, 0, 0 
2015-02-08T01:27:30, 1596.14634146, 0, 0, 0 
2015-02-08T01:32:30, 1595.23890785, 0, 0, 0 
2015-02-08T01:37:30, 1596.21478873, 0, 0, 0 
2015-02-08T01:42:30, 1595.66666667, 0, 0, 0 
2015-02-08T01:47:30, 1596.0212766, 0, 0, 0 
2015-02-08T01:52:30, 1594.6462585, 0, 0, 0 
2015-02-08T01:57:30, 1594.03448276, 0, 0, 0 
2015-02-08T02:02:30, 1594.17073171, 0, 0, 0 
2015-02-08T02:07:30, 1592.73776224, 0, 0, 0 
2015-02-08T02:12:30, 1591.13879004, 0, 0, 0 
2015-02-08T02:17:30, 1590.68641115, 0, 0, 0 
2015-02-08T02:22:30, 1590.33103448, 0, 0, 0 
2015-02-08T02:27:30, 1586.0, 0, 0, 0 
2015-02-08T02:32:30, 1582.31724138, 0, 0, 0 
2015-02-08T02:37:30, 1582.50176678, 0, 0, 0 
2015-02-08T02:42:30, 1581.66666667, 0, 0, 0 
2015-02-08T02:47:30, 1581.24913495, 0, 0, 0 
2015-02-08T02:52:30, 1580.48951049, 0, 0, 0 
2015-02-08T02:57:30, 1580.5088968, 0, 0, 0 
2015-02-08T03:02:30, 1578.26428571, 0, 0, 0 
2015-02-08T03:07:30, 1578.33098592, 0, 0, 0 
2015-02-08T03:12:30, 1578.00347222, 0, 0, 0 
2015-02-08T03:17:30, 1578.06451613, 0, 0, 0 
2015-02-08T03:22:30, 1578.97508897, 0, 0, 0 
2015-02-08T03:27:30, 1575.73867596, 0, 0, 0 
2015-02-08T03:32:30, 1575.83680556, 0, 0, 0 
2015-02-08T03:37:30, 1574.76124567, 0, 0, 0 
2015-02-08T03:42:30, 1571.60071942, 0, 0, 0 
2015-02-08T03:47:30, 1568.92753623, 0, 0, 0 
2015-02-08T03:52:30, 1569.00358423, 0, 0, 0 
2015-02-08T03:57:30, 1567.63888889, 0, 0, 0 
2015-02-08T04:02:30, 1565.78308824, 0, 0, 0 
2015-02-08T04:07:30, 1564.54385965, 0, 0, 0 
2015-02-08T04:12:30, 1562.86545455, 0, 0, 0 
2015-02-08T04:17:30, 1558.2283737, 0, 0, 0 
2015-02-08T04:22:30, 1556.46453901, 0, 0, 0 
2015-02-08T04:27:30, 1553.70542636, 0, 0, 0 
2015-02-08T04:32:30, 1551.96028881, 0, 0, 0 
2015-02-08T04:37:30, 1551.20437956, 0, 0, 0 
2015-02-08T04:42:30, 1551.17625899, 0, 0, 0 
2015-02-08T04:47:30, 1551.21527778, 0, 0, 0 
2015-02-08T04:52:30, 1551.27586207, 0, 0, 0 
2015-02-08T04:57:30, 1551.15753425, 0, 0, 0 
2015-02-08T05:02:30, 1550.57651246, 0, 0, 0 
2015-02-08T05:07:30, 1547.05594406, 0, 0, 0 
2015-02-08T05:12:30, 1543.23344948, 0, 0, 0 
2015-02-08T05:17:30, 1540.43554007, 0, 0, 0 
2015-02-08T05:22:30, 1537.17770035, 0, 0, 0 
2015-02-08T05:27:30, 1535.71119134, 0, 0, 0 
2015-02-08T05:32:30, 1534.62681159, 0, 0, 0 
2015-02-08T05:37:30, 1532.22743682, 0, 0, 0 
2015-02-08T05:42:30, 1532.57597173, 0, 0, 0 
2015-02-08T05:47:30, 1526.79569892, 0, 0, 0 
2015-02-08T05:52:30, 1526.5, 0, 0, 0 
2015-02-08T05:57:30, 1522.3180212, 0, 0, 0 
2015-02-08T06:02:30, 1519.87636364, 0, 0, 0 
2015-02-08T06:07:30, 1520.11428571, 0, 0, 0 
2015-02-08T06:12:30, 1520.01465201, 0, 0, 0 
2015-02-08T06:17:30, 1519.50519031, 0, 0, 0 
2015-02-08T06:22:30, 1518.70526316, 0, 0, 0 
2015-02-08T06:27:30, 1514.8815331, 0, 0, 0 
2015-02-08T06:32:30, 1509.1799308, 0, 0, 0 
2015-02-08T06:37:30, 1505.65263158, 0, 0, 0 
2015-02-08T06:42:30, 1504.24324324, 0, 0, 0 
2015-02-08T06:47:30, 1503.7972028, 0, 0, 0 
2015-02-08T06:52:30, 1502.87241379, 0, 0, 0 
2015-02-08T06:57:30, 1496.55902778, 0, 0, 0 
2015-02-08T07:02:30, 1495.89583333, 0, 0, 0 
2015-02-08T07:07:30, 1490.74647887, 0, 0, 0 
2015-02-08T07:12:30, 1489.46020761, 0, 0, 0 
2015-02-08T07:17:30, 1488.8556338, 0, 0, 0 
2015-02-08T07:22:30, 1488.77931034, 0, 0, 0 
2015-02-08T07:27:30, 1488.8113879, 0, 0, 0 
2015-02-08T07:32:30, 1488.68531469, 0, 0, 0 
2015-02-08T07:37:30, 1488.21993127, 0, 0, 0 
2015-02-08T07:42:30, 1487.97269625, 0, 0, 0 
2015-02-08T07:47:30, 1483.79020979, 0, 0, 0 
2015-02-08T07:52:30, 1476.68402778, 0, 0, 0 
2015-02-08T07:57:30, 1474.01369863, 0, 0, 0 
2015-02-08T08:02:30, 1472.77319588, 0, 0, 0 
2015-02-08T08:07:30, 1472.65051903, 0, 0, 0 
2015-02-08T08:12:30, 1468.66782007, 0, 0, 0 
2015-02-08T08:17:30, 1462.62857143, 0, 0, 0 
2015-02-08T08:22:30, 1459.02583026, 0, 0, 0 
2015-02-08T08:27:30, 1458.525, 0, 0, 0 
2015-02-08T08:32:30, 1458.37226277, 0, 0, 0 
2015-02-08T08:37:30, 1458.23021583, 0, 0, 0 
2015-02-08T08:42:30, 1458.04961832, 0, 0, 0 
2015-02-08T08:47:30, 1457.37010676, 0, 0, 0 
2015-02-08T08:52:30, 1453.51408451, 0, 0, 0 
2015-02-08T08:57:30, 1449.14590747, 0, 0, 0 
2015-02-08T09:02:30, 1445.05319149, 0, 0, 0 
2015-02-08T09:07:30, 1442.64855072, 0, 0, 0 
2015-02-08T09:12:30, 1442.57243816, 0, 0, 0 
2015-02-08T09:17:30, 1442.61454545, 0, 0, 0 
2015-02-08T09:22:30, 1442.20344828, 0, 0, 0 
2015-02-08T09:27:30, 1439.48409894, 0, 0, 0 
2015-02-08T09:32:30, 1435.15658363, 0, 0, 0 
2015-02-08T09:37:30, 1428.07067138, 0, 0, 0 
2015-02-08T09:42:30, 1427.38194444, 0, 0, 0 
2015-02-08T09:47:30, 1427.54736842, 0, 0, 0 
2015-02-08T09:52:30, 1427.24295775, 0, 0, 0 
2015-02-08T09:57:30, 1426.96830986, 0, 0, 0 
2015-02-08T10:02:30, 1426.74377224, 0, 0, 0 
2015-02-08T10:07:30, 1426.42508711, 0, 0, 0 
2015-02-08T10:12:30, 1423.20774648, 0, 0, 0 
2015-02-08T10:17:30, 1418.51211073, 0, 0, 0 
2015-02-08T10:22:30, 1418.35106383, 0, 0, 0 
2015-02-08T10:27:30, 1417.74733096, 0, 0, 0 
2015-02-08T10:32:30, 1413.22627737, 0, 0, 0 
2015-02-08T10:37:30, 1412.71376812, 0, 0, 0 
2015-02-08T10:42:30, 1412.15789474, 0, 0, 0 
2015-02-08T10:47:30, 1412.25886525, 0, 0, 0 
2015-02-08T10:52:30, 1411.30960854, 0, 0, 0 
2015-02-08T10:57:30, 1411.72363636, 0, 0, 0 
2015-02-08T11:02:30, 1409.73992674, 0, 0, 0 
2015-02-08T11:07:30, 1407.9471831, 0, 0, 0 
2015-02-08T11:12:30, 1405.34408602, 0, 0, 0 
2015-02-08T11:17:30, 1404.5970696, 0, 0, 0 
2015-02-08T11:22:30, 1403.38356164, 0, 0, 0 
2015-02-08T11:27:30, 1403.71378092, 0, 0, 0 
2015-02-08T11:32:30, 1403.65734266, 0, 0, 0 
2015-02-08T11:37:30, 1404.65602837, 0, 0, 0 
2015-02-08T11:42:30, 1405.83032491, 0, 0, 0 
2015-02-08T11:47:30, 1403.89323843, 0, 0, 0 
2015-02-08T11:52:30, 1402.43772242, 0, 0, 0 
2015-02-08T11:57:30, 1402.29390681, 0, 0, 0 
2015-02-08T12:02:30, 1401.65625, 0, 0, 0 
2015-02-08T12:07:30, 1398.51449275, 0, 0, 0 
2015-02-08T12:12:30, 1398.25735294, 0, 0, 0 
2015-02-08T12:17:30, 1398.09824561, 0, 0, 0 
2015-02-08T12:22:30, 1397.84892086, 0, 0, 0 
2015-02-08T12:27:30, 1397.95238095, 0, 0, 0 
2015-02-08T12:32:30, 1398.05818182, 0, 0, 0 
2015-02-08T12:37:30, 1397.89705882, 0, 0, 0 
2015-02-08T12:42:30, 1398.03649635, 0, 0, 0 
2015-02-08T12:47:30, 1397.89473684, 0, 0, 0 
2015-02-08T12:52:30, 1397.93661972, 0, 0, 0 
2015-02-08T12:57:30, 1398.36200717, 0, 0, 0 
2015-02-08T13:02:30, 1398.77083333, 0, 0, 0 
2015-02-08T13:07:30, 1399.04379562, 0, 0, 0 
2015-02-08T13:12:30, 1398.50526316, 0, 0, 0 
2015-02-08T13:17:30, 1398.39145907, 0, 0, 0 
2015-02-08T13:22:30, 1398.1835206, 0, 0, 0 
2015-02-08T13:27:30, 1398.0625, 0, 0, 0 
2015-02-08T13:32:30, 1398.29927007, 0, 0, 0 
2015-02-08T13:37:30, 1398.65427509, 0, 0, 0 
2015-02-08T13:42:30, 1398.9676259, 0, 0, 0 
2015-02-08T13:47:30, 1398.3, 0, 0, 0 
2015-02-08T13:52:30, 1398.10416667, 0, 0, 0 
2015-02-08T13:57:30, 1398.21126761, 0, 0, 0 
2015-02-08T14:02:30, 1398.09782609, 0, 0, 0 
2015-02-08T14:07:30, 1398.11524164, 0, 0, 0 
2015-02-08T14:12:30, 1398.36802974, 0, 0, 0 
2015-02-08T14:17:30, 1398.25951557, 0, 0, 0 
2015-02-08T14:22:30, 1398.27203065, 0, 0, 0 
2015-02-08T14:27:30, 1399.10909091, 0, 0, 0 
2015-02-08T14:32:30, 1400.12, 0, 0, 0 
2015-02-08T14:37:30, 1400.63272727, 0, 0, 0 
2015-02-08T14:42:30, 1402.52363636, 0, 0, 0 
2015-02-08T14:47:30, 1402.70357143, 0, 0, 0 
2015-02-08T14:52:30, 1401.33096085, 0, 0, 0 
2015-02-08T14:57:30, 1400.29181495, 0, 0, 0 
2015-02-08T15:02:30, 1399.69858156, 0, 0, 0 
2015-02-08T15:07:30, 1399.19163763, 0, 0, 0 
2015-02-08T15:12:30, 1401.92727273, 0, 0, 0 
2015-02-08T15:17:30, 1402.65543071, 0, 0, 0 
2015-02-08T15:22:30, 1403.19852941, 0, 0, 0 
2015-02-08T15:27:30, 1403.08214286, 0, 0, 0 
2015-02-08T15:32:30, 1407.69366197, 0, 0, 0 
2015-02-08T15:37:30, 1408.67832168, 0, 0, 0 
2015-02-08T15:42:30, 1408.34275618, 0, 0, 0 
2015-02-08T15:47:30, 1410.09352518, 0, 0, 0 
2015-02-08T15:52:30, 1410.02120141, 0, 0, 0 
2015-02-08T15:57:30, 1412.0, 0, 0, 0 
2015-02-08T16:02:30, 1412.3057554, 0, 0, 0 
2015-02-08T16:07:30, 1413.28057554, 0, 0, 0 
2015-02-08T16:12:30, 1413.575, 0, 0, 0 
2015-02-08T16:17:30, 1413.325, 0, 0, 0 
2015-02-08T16:22:30, 1413.62283737, 0, 0, 0 
2015-02-08T16:27:30, 1413.37979094, 0, 0, 0 
2015-02-08T16:32:30, 1413.3728223, 0, 0, 0 
2015-02-08T16:37:30, 1413.65, 0, 0, 0 
2015-02-08T16:42:30, 1413.31316726, 0, 0, 0 
2015-02-08T16:47:30, 1413.46931408, 0, 0, 0 
2015-02-08T16:52:30, 1413.15073529, 0, 0, 0 
2015-02-08T16:57:30, 1413.113879, 0, 0, 0 
2015-02-08T17:02:30, 1413.34948097, 0, 0, 0 
2015-02-08T17:07:30, 1412.25783972, 0, 0, 0 
2015-02-08T17:12:30, 1412.15957447, 0, 0, 0 
2015-02-08T17:17:30, 1410.76223776, 0, 0, 0 
2015-02-08T17:22:30, 1410.20503597, 0, 0, 0 
2015-02-08T17:27:30, 1410.10211268, 0, 0, 0 
2015-02-08T17:32:30, 1408.93493151, 0, 0, 0 
2015-02-08T17:37:30, 1405.75618375, 0, 0, 0 
2015-02-08T17:42:30, 1404.94623656, 0, 0, 0 
2015-02-08T17:47:30, 1402.20754717, 0, 0, 0 
2015-02-08T17:52:30, 1399.56445993, 0, 0, 0 
2015-02-08T17:57:30, 1398.8975265, 0, 0, 0 
2015-02-08T18:02:30, 1397.93884892, 0, 0, 0 
2015-02-08T18:07:30, 1397.90714286, 0, 0, 0 
2015-02-08T18:12:30, 1397.97826087, 0, 0, 0 
2015-02-08T18:17:30, 1397.2398524, 0, 0, 0 
2015-02-08T18:22:30, 1395.02941176, 0, 0, 0 
2015-02-08T18:27:30, 1391.86315789, 0, 0, 0 
2015-02-08T18:32:30, 1388.36585366, 0, 0, 0 
2015-02-08T18:37:30, 1387.56884058, 0, 0, 0 
2015-02-08T18:42:30, 1383.5106383, 0, 0, 0 
2015-02-08T18:47:30, 1382.5480427, 0, 0, 0 
2015-02-08T18:52:30, 1382.63380282, 0, 0, 0 
2015-02-08T18:57:30, 1382.49823322, 0, 0, 0 
2015-02-08T19:02:30, 1381.95390071, 0, 0, 0 
2015-02-08T19:07:30, 1382.29285714, 0, 0, 0 
2015-02-08T19:12:30, 1382.07746479, 0, 0, 0 
2015-02-08T19:17:30, 1380.16370107, 0, 0, 0 
2015-02-08T19:22:30, 1375.80565371, 0, 0, 0 
2015-02-08T19:27:30, 1375.24912281, 0, 0, 0 
2015-02-08T19:32:30, 1372.74048443, 0, 0, 0 
2015-02-08T19:37:30, 1369.35106383, 0, 0, 0 
2015-02-08T19:42:30, 1367.64846416, 0, 0, 0 
2015-02-08T19:47:30, 1366.60498221, 0, 0, 0 
2015-02-08T19:52:30, 1365.46296296, 0, 0, 0 
2015-02-08T19:57:30, 1363.4467354, 0, 0, 0 
2015-02-08T20:02:30, 1360.55714286, 0, 0, 0 
2015-02-08T20:07:30, 1359.74558304, 0, 0, 0 
2015-02-08T20:12:30, 1353.81944444, 0, 0, 0 
2015-02-08T20:17:30, 1351.94444444, 0, 0, 0 
2015-02-08T20:22:30, 1351.83032491, 0, 0, 0 
2015-02-08T20:27:30, 1351.70422535, 0, 0, 0 
2015-02-08T20:32:30, 1351.55594406, 0, 0, 0 
2015-02-08T20:37:30, 1351.58273381, 0, 0, 0 
2015-02-08T20:42:30, 1351.49637681, 0, 0, 0 
2015-02-08T20:47:30, 1351.72597865, 0, 0, 0 
2015-02-08T20:52:30, 1351.51748252, 0, 0, 0 
2015-02-08T20:57:30, 1351.41791045, 0, 0, 0 
2015-02-08T21:02:30, 1351.23297491, 0, 0, 0 
2015-02-08T21:07:30, 1350.25714286, 0, 0, 0 
2015-02-08T21:12:30, 1349.58974359, 0, 0, 0 
2015-02-08T21:17:30, 1343.78700361, 0, 0, 0 
2015-02-08T21:22:30, 1344.14084507, 0, 0, 0 
2015-02-08T21:27:30, 1339.9330855, 0, 0, 0 
2015-02-08T21:32:30, 1337.23809524, 0, 0, 0 
2015-02-08T21:37:30, 1336.38596491, 0, 0, 0 
2015-02-08T21:42:30, 1335.95588235, 0, 0, 0 
2015-02-08T21:47:30, 1335.68231047, 0, 0, 0 
2015-02-08T21:52:30, 1334.275, 0, 0, 0 
2015-02-08T21:57:30, 1334.13120567, 0, 0, 0 
2015-02-08T22:02:30, 1331.67259786, 0, 0, 0 
2015-02-08T22:07:30, 1332.05166052, 0, 0, 0 
2015-02-08T22:12:30, 1329.01393728, 0, 0, 0 
2015-02-08T22:17:30, 1324.0248227, 0, 0, 0 
2015-02-08T22:22:30, 1324.5, 0, 0, 0 
2015-02-08T22:27:30, 1322.26007326, 0, 0, 0 
2015-02-08T22:32:30, 1321.52836879, 0, 0, 0 
2015-02-08T22:37:30, 1320.73913043, 0, 0, 0 
2015-02-08T22:42:30, 1320.68327402, 0, 0, 0 
2015-02-08T22:47:30, 1320.43772242, 0, 0, 0 
2015-02-08T22:52:30, 1320.39642857, 0, 0, 0 
2015-02-08T22:57:30, 1320.07829181, 0, 0, 0 
2015-02-08T23:02:30, 1319.37769784, 0, 0, 0 
2015-02-08T23:07:30, 1318.88888889, 0, 0, 0 
2015-02-08T23:12:30, 1311.12195122, 0, 0, 0 
2015-02-08T23:17:30, 1307.60363636, 0, 0, 0 
2015-02-08T23:22:30, 1305.98901099, 0, 0, 0 
2015-02-08T23:27:30, 1305.01060071, 0, 0, 0 
2015-02-08T23:32:30, 1305.02166065, 0, 0, 0 
2015-02-08T23:37:30, 1304.17689531, 0, 0, 0 
2015-02-08T23:42:30, 1303.8172043, 0, 0, 0 
2015-02-08T23:47:30, 1302.42142857, 0, 0, 0 
2015-02-08T23:52:30, 1301.84837545, 0, 0, 0 
2015-02-08T23:57:30, 1301.56537102, 0, 0, 0 
2015-02-09T00:02:30, 1301.31868132, 0, 0, 0 
2015-02-09T00:07:30, 1300.25088339, 0, 0, 0 
2015-02-09T00:12:30, 1300.10915493, 0, 0, 0 
2015-02-09T00:17:30, 1300.75347222, 0, 0, 0 
2015-02-09T00:22:30, 1300.44483986, 0, 0, 0 
2015-02-09T00:27:30, 1299.18705036, 0, 0, 0 
2015-02-09T00:32:30, 1299.28, 0, 0, 0 
2015-02-09T00:37:30, 1296.89010989, 0, 0, 0 
2015-02-09T00:42:30, 1293.78754579, 0, 0, 0 
2015-02-09T00:47:30, 1291.06338028, 0, 0, 0 
2015-02-09T00:52:30, 1289.97472924, 0, 0, 0 
2015-02-09T00:57:30, 1289.94117647, 0, 0, 0 
2015-02-09T01:02:30, 1289.8649635, 0, 0, 0 
2015-02-09T01:07:30, 1289.00704225, 0, 0, 0 
2015-02-09T01:12:30, 1287.16725979, 0, 0, 0 
2015-02-09T01:17:30, 1286.84501845, 0, 0, 0 
2015-02-09T01:22:30, 1281.36170213, 0, 0, 0 
2015-02-09T01:27:30, 1280.73776224, 0, 0, 0 
2015-02-09T01:32:30, 1279.32246377, 0, 0, 0 
2015-02-09T01:37:30, 1277.90559441, 0, 0, 0 
2015-02-09T01:42:30, 1277.60553633, 0, 0, 0 
2015-02-09T01:47:30, 1277.5088968, 0, 0, 0 
2015-02-09T01:52:30, 1276.39568345, 0, 0, 0 
2015-02-09T01:57:30, 1275.55670103, 0, 0, 0 
2015-02-09T02:02:30, 1275.57651246, 0, 0, 0 
2015-02-09T02:07:30, 1275.22064057, 0, 0, 0 
2015-02-09T02:12:30, 1275.17192982, 0, 0, 0 
2015-02-09T02:17:30, 1274.26714801, 0, 0, 0 
2015-02-09T02:22:30, 1273.83211679, 0, 0, 0 
2015-02-09T02:27:30, 1267.25087108, 0, 0, 0 
2015-02-09T02:32:30, 1261.01754386, 0, 0, 0 
2015-02-09T02:37:30, 1260.2455516, 0, 0, 0 
2015-02-09T02:42:30, 1259.88929889, 0, 0, 0 
2015-02-09T02:47:30, 1259.57246377, 0, 0, 0 
2015-02-09T02:52:30, 1255.19354839, 0, 0, 0 
2015-02-09T02:57:30, 1247.51219512, 0, 0, 0 
2015-02-09T03:02:30, 1246.54545455, 0, 0, 0 
2015-02-09T03:07:30, 1246.03146853, 0, 0, 0 
2015-02-09T03:12:30, 1244.36363636, 0, 0, 0 
2015-02-09T03:17:30, 1244.35087719, 0, 0, 0 
2015-02-09T03:22:30, 1243.95729537, 0, 0, 0 
2015-02-09T03:27:30, 1243.9965035, 0, 0, 0 
2015-02-09T03:32:30, 1243.47931034, 0, 0, 0 
2015-02-09T03:37:30, 1240.70863309, 0, 0, 0 
2015-02-09T03:42:30, 1238.84587814, 0, 0, 0 
2015-02-09T03:47:30, 1233.99280576, 0, 0, 0 
2015-02-09T03:52:30, 1231.16433566, 0, 0, 0 
2015-02-09T03:57:30, 1228.91726619, 0, 0, 0 
2015-02-09T04:02:30, 1228.30035336, 0, 0, 0 
2015-02-09T04:07:30, 1228.16666667, 0, 0, 0 
2015-02-09T04:12:30, 1219.39583333, 0, 0, 0 
2015-02-09T04:17:30, 1216.50694444, 0, 0, 0 
2015-02-09T04:22:30, 1215.60283688, 0, 0, 0 
2015-02-09T04:27:30, 1214.30344828, 0, 0, 0 
2015-02-09T04:32:30, 1213.63103448, 0, 0, 0 
2015-02-09T04:37:30, 1214.24911032, 0, 0, 0 
2015-02-09T04:42:30, 1213.33576642, 0, 0, 0 
2015-02-09T04:47:30, 1213.29122807, 0, 0, 0 
2015-02-09T04:52:30, 1213.07692308, 0, 0, 0 
2015-02-09T04:57:30, 1212.03180212, 0, 0, 0 
2015-02-09T05:02:30, 1209.31338028, 0, 0, 0 
2015-02-09T05:07:30, 1203.55555556, 0, 0, 0 
2015-02-09T05:12:30, 1199.48717949, 0, 0, 0 
2015-02-09T05:17:30, 1198.36491228, 0, 0, 0 
2015-02-09T05:22:30, 1198.0915493, 0, 0, 0 
2015-02-09T05:27:30, 1197.38571429, 0, 0, 0 
2015-02-09T05:32:30, 1194.28727273, 0, 0, 0 
2015-02-09T05:37:30, 1187.07220217, 0, 0, 0 
2015-02-09T05:42:30, 1185.11678832, 0, 0, 0 
2015-02-09T05:47:30, 1184.53333333, 0, 0, 0 
2015-02-09T05:52:30, 1182.75352113, 0, 0, 0 
2015-02-09T05:57:30, 1182.82978723, 0, 0, 0 
2015-02-09T06:02:30, 1182.18881119, 0, 0, 0 
2015-02-09T06:07:30, 1181.39575972, 0, 0, 0 
2015-02-09T06:12:30, 1181.64041096, 0, 0, 0 
2015-02-09T06:17:30, 1181.0177305, 0, 0, 0 
2015-02-09T06:22:30, 1178.44444444, 0, 0, 0 
2015-02-09T06:27:30, 1172.66077739, 0, 0, 0 
2015-02-09T06:32:30, 1168.59566787, 0, 0, 0 
2015-02-09T06:37:30, 1167.5483871, 0, 0, 0 
2015-02-09T06:42:30, 1167.52280702, 0, 0, 0 
2015-02-09T06:47:30, 1165.26041667, 0, 0, 0 
2015-02-09T06:52:30, 1160.9965035, 0, 0, 0 
2015-02-09T06:57:30, 1158.26480836, 0, 0, 0 
2015-02-09T07:02:30, 1155.37241379, 0, 0, 0 
2015-02-09T07:07:30, 1154.44483986, 0, 0, 0 
2015-02-09T07:12:30, 1153.04270463, 0, 0, 0 
2015-02-09T07:17:30, 1153.06506849, 0, 0, 0 
2015-02-09T07:22:30, 1152.53684211, 0, 0, 0 
2015-02-09T07:27:30, 1152.28214286, 0, 0, 0 
2015-02-09T07:32:30, 1152.03092784, 0, 0, 0 
2015-02-09T07:37:30, 1151.03521127, 0, 0, 0 
2015-02-09T07:42:30, 1145.4028777, 0, 0, 0 
2015-02-09T07:47:30, 1139.78798587, 0, 0, 0 
2015-02-09T07:52:30, 1138.48591549, 0, 0, 0 
2015-02-09T07:57:30, 1137.0729927, 0, 0, 0 
2015-02-09T08:02:30, 1136.79061372, 0, 0, 0 
2015-02-09T08:07:30, 1136.8, 0, 0, 0 
2015-02-09T08:12:30, 1136.55254237, 0, 0, 0 
2015-02-09T08:17:30, 1135.69485294, 0, 0, 0 
2015-02-09T08:22:30, 1134.76618705, 0, 0, 0 
2015-02-09T08:27:30, 1135.99637681, 0, 0, 0 
2015-02-09T08:32:30, 1135.97826087, 0, 0, 0 
2015-02-09T08:37:30, 1136.06896552, 0, 0, 0 
2015-02-09T08:42:30, 1136.07958478, 0, 0, 0 
2015-02-09T08:47:30, 1135.4664311, 0, 0, 0 
2015-02-09T08:52:30, 1131.28873239, 0, 0, 0 
2015-02-09T08:57:30, 1127.80681818, 0, 0, 0 
2015-02-09T09:02:30, 1126.22695035, 0, 0, 0 
2015-02-09T09:07:30, 1125.88808664, 0, 0, 0 
2015-02-09T09:12:30, 1124.75945017, 0, 0, 0 
2015-02-09T09:17:30, 1123.60661765, 0, 0, 0 
2015-02-09T09:22:30, 1122.76, 0, 0, 0 
2015-02-09T09:27:30, 1122.3992674, 0, 0, 0 
2015-02-09T09:32:30, 1121.86466165, 0, 0, 0 
2015-02-09T09:37:30, 1122.1799308, 0, 0, 0 
2015-02-09T09:42:30, 1122.19029851, 0, 0, 0 
2015-02-09T09:47:30, 1123.89084507, 0, 0, 0 
2015-02-09T09:52:30, 1124.93478261, 0, 0, 0 
2015-02-09T09:57:30, 1126.025, 0, 0, 0 
2015-02-09T10:02:30, 1122.93706294, 0, 0, 0 
2015-02-09T10:07:30, 1125.98566308, 0, 0, 0 
2015-02-09T10:12:30, 1125.48387097, 0, 0, 0 
2015-02-09T10:17:30, 1125.92932862, 0, 0, 0 
2015-02-09T10:22:30, 1126.03296703, 0, 0, 0 
2015-02-09T10:27:30, 1126.8, 0, 0, 0 
2015-02-09T10:32:30, 1122.08960573, 0, 0, 0 
2015-02-09T10:37:30, 1122.44290657, 0, 0, 0 
2015-02-09T10:42:30, 1132.07806691, 0, 0, 0 
2015-02-09T10:47:30, 1141.96, 0, 0, 0 
2015-02-09T10:52:30, 1153.47101449, 0, 0, 0 
2015-02-09T10:57:30, 1165.5795053, 0, 0, 0 
2015-02-09T11:02:30, 1170.1584507, 0, 0, 0 
2015-02-09T11:07:30, 1182.18685121, 0, 0, 0 
2015-02-09T11:12:30, 1187.15412186, 0, 0, 0 
2015-02-09T11:17:30, 1198.65090909, 0, 0, 0 
2015-02-09T11:22:30, 1203.57093426, 0, 0, 0 
2015-02-09T11:27:30, 1214.86296296, 0, 0, 0 
2015-02-09T11:32:30, 1221.53521127, 0, 0, 0 
2015-02-09T11:37:30, 1230.59929078, 0, 0, 0 
2015-02-09T11:42:30, 1241.0449827, 0, 0, 0 
2015-02-09T11:47:30, 1247.88194444, 0, 0, 0 
2015-02-09T11:52:30, 1257.42198582, 0, 0, 0 
2015-02-09T11:57:30, 1262.66544118, 0, 0, 0 
2015-02-09T12:02:30, 1267.09187279, 0, 0, 0 
2015-02-09T12:07:30, 1277.05423729, 0, 0, 0 
2015-02-09T12:12:30, 1280.23758865, 0, 0, 0 
2015-02-09T12:17:30, 1290.82720588, 0, 0, 0 
2015-02-09T12:22:30, 1294.60854093, 0, 0, 0 
2015-02-09T12:27:30, 1305.24113475, 0, 0, 0 
2015-02-09T12:32:30, 1309.13986014, 0, 0, 0 
2015-02-09T12:37:30, 1319.4519573, 0, 0, 0 
2015-02-09T12:42:30, 1326.9084507, 0, 0, 0 
2015-02-09T12:47:30, 1335.6993007, 0, 0, 0 
2015-02-09T12:52:30, 1343.15, 0, 0, 0 
2015-02-09T12:57:30, 1354.3745583, 0, 0, 0 
2015-02-09T13:02:30, 1359.05244755, 0, 0, 0 
2015-02-09T13:07:30, 1369.93793103, 0, 0, 0 
2015-02-09T13:12:30, 1374.37234043, 0, 0, 0 
2015-02-09T13:17:30, 1384.13207547, 0, 0, 0 
2015-02-09T13:22:30, 1391.61029412, 0, 0, 0 
2015-02-09T13:27:30, 1400.45054945, 0, 0, 0 
2015-02-09T13:32:30, 1404.38596491, 0, 0, 0 
2015-02-09T13:37:30, 1415.44599303, 0, 0, 0 
2015-02-09T13:42:30, 1420.78947368, 0, 0, 0 
2015-02-09T13:47:30, 1430.80851064, 0, 0, 0 
2015-02-09T13:52:30, 1436.57839721, 0, 0, 0 
2015-02-09T13:57:30, 1446.21501706, 0, 0, 0 
2015-02-09T14:02:30, 1448.46875, 0, 0, 0 
2015-02-09T14:07:30, 1455.62975779, 0, 0, 0 
2015-02-09T14:12:30, 1463.48351648, 0, 0, 0 
2015-02-09T14:17:30, 1474.01056338, 0, 0, 0 
2015-02-09T14:22:30, 1478.26760563, 0, 0, 0 
2015-02-09T14:27:30, 1488.38628159, 0, 0, 0 
2015-02-09T14:32:30, 1493.61245675, 0, 0, 0 
2015-02-09T14:37:30, 1502.31768953, 0, 0, 0 
2015-02-09T14:42:30, 1508.25263158, 0, 0, 0 
2015-02-09T14:47:30, 1514.10839161, 0, 0, 0 
2015-02-09T14:52:30, 1521.75086505, 0, 0, 0 
2015-02-09T14:57:30, 1525.95862069, 0, 0, 0 
2015-02-09T15:02:30, 1535.77241379, 0, 0, 0 
2015-02-09T15:07:30, 1539.60714286, 0, 0, 0 
2015-02-09T15:12:30, 1545.41258741, 0, 0, 0 
2015-02-09T15:17:30, 1550.93189964, 0, 0, 0 
2015-02-09T15:22:30, 1556.98201439, 0, 0, 0 
2015-02-09T15:27:30, 1565.94076655, 0, 0, 0 
2015-02-09T15:32:30, 1568.55633803, 0, 0, 0 
2015-02-09T15:37:30, 1571.70175439, 0, 0, 0 
2015-02-09T15:42:30, 1579.94014085, 0, 0, 0 
2015-02-09T15:47:30, 1584.85106383, 0, 0, 0 
2015-02-09T15:52:30, 1584.93238434, 0, 0, 0 
2015-02-09T15:57:30, 1587.00350877, 0, 0, 0 
2015-02-09T16:02:30, 1598.09642857, 0, 0, 0 
2015-02-09T16:07:30, 1604.4352518, 0, 0, 0 
2015-02-09T16:12:30, 1614.27304965, 0, 0, 0 
2015-02-09T16:17:30, 1616.88659794, 0, 0, 0 
2015-02-09T16:22:30, 1627.10839161, 0, 0, 0 
2015-02-09T16:27:30, 1631.44444444, 0, 0, 0 
2015-02-09T16:32:30, 1638.74729242, 0, 0, 0 
2015-02-09T16:37:30, 1645.4765343, 0, 0, 0 
2015-02-09T16:42:30, 1649.35438596, 0, 0, 0 
2015-02-09T16:47:30, 1655.22887324, 0, 0, 0 
2015-02-09T16:52:30, 1655.77508651, 0, 0, 0 
2015-02-09T16:57:30, 1655.34982332, 0, 0, 0 
2015-02-09T17:02:30, 1651.22222222, 0, 0, 0 
2015-02-09T17:07:30, 1647.17894737, 0, 0, 0 
2015-02-09T17:12:30, 1645.13732394, 0, 0, 0 
2015-02-09T17:17:30, 1644.20408163, 0, 0, 0 
2015-02-09T17:22:30, 1641.96819788, 0, 0, 0 
2015-02-09T17:27:30, 1639.87889273, 0, 0, 0 
2015-02-09T17:32:30, 1637.5, 0, 0, 0 
2015-02-09T17:37:30, 1637.96153846, 0, 0, 0 
2015-02-09T17:42:30, 1634.90070922, 0, 0, 0 
2015-02-09T17:47:30, 1632.62020906, 0, 0, 0 
2015-02-09T17:52:30, 1630.94814815, 0, 0, 0 
2015-02-09T17:57:30, 1631.68661972, 0, 0, 0 
2015-02-09T18:02:30, 1631.18402778, 0, 0, 0 
2015-02-09T18:07:30, 1629.47902098, 0, 0, 0 
2015-02-09T18:12:30, 1628.18661972, 0, 0, 0 
2015-02-09T18:17:30, 1627.90425532, 0, 0, 0 
2015-02-09T18:22:30, 1627.96703297, 0, 0, 0 
2015-02-09T18:27:30, 1626.46268657, 0, 0, 0 
2015-02-09T18:32:30, 1624.33807829, 0, 0, 0 
2015-02-09T18:37:30, 1622.54736842, 0, 0, 0 
2015-02-09T18:42:30, 1622.41754386, 0, 0, 0 
2015-02-09T18:47:30, 1617.16027875, 0, 0, 0 
2015-02-09T18:52:30, 1616.02047782, 0, 0, 0 
2015-02-09T18:57:30, 1614.47222222, 0, 0, 0 
2015-02-09T19:02:30, 1613.07958478, 0, 0, 0 
2015-02-09T19:07:30, 1612.20357143, 0, 0, 0 
2015-02-09T19:12:30, 1611.74204947, 0, 0, 0 
2015-02-09T19:17:30, 1611.31205674, 0, 0, 0 
2015-02-09T19:22:30, 1610.73195876, 0, 0, 0 
2015-02-09T19:27:30, 1607.5467128, 0, 0, 0 
2015-02-09T19:32:30, 1605.56630824, 0, 0, 0 
2015-02-09T19:37:30, 1602.7630662, 0, 0, 0 
2015-02-09T19:42:30, 1598.3442029, 0, 0, 0 
2015-02-09T19:47:30, 1597.02787456, 0, 0, 0 
2015-02-09T19:52:30, 1595.87062937, 0, 0, 0 
2015-02-09T19:57:30, 1594.55072464, 0, 0, 0 
2015-02-09T20:02:30, 1593.18115942, 0, 0, 0 
2015-02-09T20:07:30, 1589.79569892, 0, 0, 0 
2015-02-09T20:12:30, 1584.61538462, 0, 0, 0 
2015-02-09T20:17:30, 1582.56227758, 0, 0, 0 
2015-02-09T20:22:30, 1581.03558719, 0, 0, 0 
2015-02-09T20:27:30, 1580.85314685, 0, 0, 0 
2015-02-09T20:32:30, 1580.16955017, 0, 0, 0 
2015-02-09T20:37:30, 1577.22145329, 0, 0, 0 
2015-02-09T20:42:30, 1572.19133574, 0, 0, 0 
2015-02-09T20:47:30, 1569.6884058, 0, 0, 0 
2015-02-09T20:52:30, 1567.82624113, 0, 0, 0 
2015-02-09T20:57:30, 1567.25899281, 0, 0, 0 
2015-02-09T21:02:30, 1566.70790378, 0, 0, 0 
2015-02-09T21:07:30, 1565.55517241, 0, 0, 0 
2015-02-09T21:12:30, 1565.41319444, 0, 0, 0 
2015-02-09T21:17:30, 1565.0, 0, 0, 0 
2015-02-09T21:22:30, 1565.35125448, 0, 0, 0 
2015-02-09T21:27:30, 1562.45936396, 0, 0, 0 
2015-02-09T21:32:30, 1559.17081851, 0, 0, 0 
2015-02-09T21:37:30, 1552.55017301, 0, 0, 0 
2015-02-09T21:42:30, 1551.25641026, 0, 0, 0 
2015-02-09T21:47:30, 1551.0, 0, 0, 0 
2015-02-09T21:52:30, 1551.01132075, 0, 0, 0 
2015-02-09T21:57:30, 1549.13090909, 0, 0, 0 
2015-02-09T22:02:30, 1546.76655052, 0, 0, 0 
2015-02-09T22:07:30, 1544.78214286, 0, 0, 0 
2015-02-09T22:12:30, 1543.02473498, 0, 0, 0 
2015-02-09T22:17:30, 1541.26618705, 0, 0, 0 
2015-02-09T22:22:30, 1538.94604317, 0, 0, 0 
2015-02-09T22:27:30, 1537.8615917, 0, 0, 0 
2015-02-09T22:32:30, 1535.77338129, 0, 0, 0 
2015-02-09T22:37:30, 1535.54035088, 0, 0, 0 
2015-02-09T22:42:30, 1535.60409556, 0, 0, 0 
2015-02-09T22:47:30, 1535.42198582, 0, 0, 0 
2015-02-09T22:52:30, 1535.38181818, 0, 0, 0 
2015-02-09T22:57:30, 1534.91666667, 0, 0, 0 
2015-02-09T23:02:30, 1533.8877193, 0, 0, 0 
2015-02-09T23:07:30, 1531.64855072, 0, 0, 0 
2015-02-09T23:12:30, 1528.83272727, 0, 0, 0 
2015-02-09T23:17:30, 1525.80072464, 0, 0, 0 
2015-02-09T23:22:30, 1523.45985401, 0, 0, 0 
2015-02-09T23:27:30, 1520.75704225, 0, 0, 0 
2015-02-09T23:32:30, 1520.30072464, 0, 0, 0 
2015-02-09T23:37:30, 1520.20216606, 0, 0, 0 
2015-02-09T23:42:30, 1520.21708185, 0, 0, 0 
2015-02-09T23:47:30, 1520.1048951, 0, 0, 0 
2015-02-09T23:52:30, 1520.0747331, 0, 0, 0 
2015-02-09T23:57:30, 1520.25085911, 0, 0, 0 
2015-02-10T00:02:30, 1520.01384083, 0, 0, 0 
2015-02-10T00:07:30, 1519.87307692, 0, 0, 0 
2015-02-10T00:12:30, 1520.18705036, 0, 0, 0 
2015-02-10T00:17:30, 1519.70462633, 0, 0, 0 
2015-02-10T00:22:30, 1519.40530303, 0, 0, 0 
2015-02-10T00:27:30, 1519.21785714, 0, 0, 0 
2015-02-10T00:32:30, 1519.3297491, 0, 0, 0 
2015-02-10T00:37:30, 1519.15750916, 0, 0, 0 
2015-02-10T00:42:30, 1518.49090909, 0, 0, 0 
2015-02-10T00:47:30, 1516.36842105, 0, 0, 0 
2015-02-10T00:52:30, 1514.44404332, 0, 0, 0 
2015-02-10T00:57:30, 1509.46099291, 0, 0, 0 
2015-02-10T01:02:30, 1508.74216028, 0, 0, 0 
2015-02-10T01:07:30, 1505.87279152, 0, 0, 0 
2015-02-10T01:12:30, 1504.77007299, 0, 0, 0 
2015-02-10T01:17:30, 1504.74385965, 0, 0, 0 
2015-02-10T01:22:30, 1504.89928058, 0, 0, 0 
2015-02-10T01:27:30, 1504.99644128, 0, 0, 0 
2015-02-10T01:32:30, 1504.4676259, 0, 0, 0 
2015-02-10T01:37:30, 1504.53763441, 0, 0, 0 
2015-02-10T01:42:30, 1504.02536232, 0, 0, 0 
2015-02-10T01:47:30, 1504.0326087, 0, 0, 0 
2015-02-10T01:52:30, 1503.74817518, 0, 0, 0 
2015-02-10T01:57:30, 1502.30769231, 0, 0, 0 
2015-02-10T02:02:30, 1501.42657343, 0, 0, 0 
2015-02-10T02:07:30, 1499.5248227, 0, 0, 0 
2015-02-10T02:12:30, 1498.01748252, 0, 0, 0 
2015-02-10T02:17:30, 1497.34057971, 0, 0, 0 
2015-02-10T02:22:30, 1494.66206897, 0, 0, 0 
2015-02-10T02:27:30, 1493.88339223, 0, 0, 0 
2015-02-10T02:32:30, 1491.06737589, 0, 0, 0 
2015-02-10T02:37:30, 1489.90877193, 0, 0, 0 
2015-02-10T02:42:30, 1490.49270073, 0, 0, 0 
2015-02-10T02:47:30, 1490.34519573, 0, 0, 0 
2015-02-10T02:52:30, 1489.66211604, 0, 0, 0 
2015-02-10T02:57:30, 1489.70344828, 0, 0, 0 
2015-02-10T03:02:30, 1489.36619718, 0, 0, 0 
2015-02-10T03:07:30, 1489.46666667, 0, 0, 0 
2015-02-10T03:12:30, 1489.51079137, 0, 0, 0 
2015-02-10T03:17:30, 1489.33561644, 0, 0, 0 
2015-02-10T03:22:30, 1489.27304965, 0, 0, 0 
2015-02-10T03:27:30, 1489.43115942, 0, 0, 0 
2015-02-10T03:32:30, 1488.31707317, 0, 0, 0 
2015-02-10T03:37:30, 1487.9825784, 0, 0, 0 
2015-02-10T03:42:30, 1488.59219858, 0, 0, 0 
2015-02-10T03:47:30, 1487.87762238, 0, 0, 0 
2015-02-10T03:52:30, 1488.27472527, 0, 0, 0 
2015-02-10T03:57:30, 1487.15471698, 0, 0, 0 
2015-02-10T04:02:30, 1484.60689655, 0, 0, 0 
2015-02-10T04:07:30, 1482.67241379, 0, 0, 0 
2015-02-10T04:12:30, 1480.34965035, 0, 0, 0 
2015-02-10T04:17:30, 1479.92439863, 0, 0, 0 
2015-02-10T04:22:30, 1479.57801418, 0, 0, 0 
2015-02-10T04:27:30, 1477.98207885, 0, 0, 0 
2015-02-10T04:32:30, 1478.35314685, 0, 0, 0 
2015-02-10T04:37:30, 1477.76610169, 0, 0, 0 
2015-02-10T04:42:30, 1477.8466899, 0, 0, 0 
2015-02-10T04:47:30, 1477.43928571, 0, 0, 0 
2015-02-10T04:52:30, 1478.55438596, 0, 0, 0 
2015-02-10T04:57:30, 1476.42105263, 0, 0, 0 
2015-02-10T05:02:30, 1476.53736655, 0, 0, 0 
2015-02-10T05:07:30, 1475.36200717, 0, 0, 0 
2015-02-10T05:12:30, 1474.61937716, 0, 0, 0 
2015-02-10T05:17:30, 1474.66784452, 0, 0, 0 
2015-02-10T05:22:30, 1474.32746479, 0, 0, 0 
2015-02-10T05:27:30, 1473.76811594, 0, 0, 0 
2015-02-10T05:32:30, 1473.31071429, 0, 0, 0 
2015-02-10T05:37:30, 1472.76388889, 0, 0, 0 
2015-02-10T05:42:30, 1472.9122807, 0, 0, 0 
2015-02-10T05:47:30, 1473.03460208, 0, 0, 0 
2015-02-10T05:52:30, 1473.27304965, 0, 0, 0 
2015-02-10T05:57:30, 1472.5229682, 0, 0, 0 
2015-02-10T06:02:30, 1472.02517986, 0, 0, 0 
2015-02-10T06:07:30, 1472.66428571, 0, 0, 0 
2015-02-10T06:12:30, 1470.90681004, 0, 0, 0 
2015-02-10T06:17:30, 1471.0212766, 0, 0, 0 
2015-02-10T06:22:30, 1470.04513889, 0, 0, 0 
2015-02-10T06:27:30, 1468.60416667, 0, 0, 0 
2015-02-10T06:32:30, 1466.88421053, 0, 0, 0 
2015-02-10T06:37:30, 1466.39721254, 0, 0, 0 
2015-02-10T06:42:30, 1464.71080139, 0, 0, 0 
2015-02-10T06:47:30, 1461.19163763, 0, 0, 0 
2015-02-10T06:52:30, 1460.06360424, 0, 0, 0 
2015-02-10T06:57:30, 1459.71724138, 0, 0, 0 
2015-02-10T07:02:30, 1459.79649123, 0, 0, 0 
2015-02-10T07:07:30, 1459.02061856, 0, 0, 0 
2015-02-10T07:12:30, 1459.25255973, 0, 0, 0 
2015-02-10T07:17:30, 1459.50176678, 0, 0, 0 
2015-02-10T07:22:30, 1459.2996633, 0, 0, 0 
2015-02-10T07:27:30, 1459.89824561, 0, 0, 0 
2015-02-10T07:32:30, 1460.23367698, 0, 0, 0 
2015-02-10T07:37:30, 1459.77304965, 0, 0, 0 
2015-02-10T07:42:30, 1459.04609929, 0, 0, 0 
2015-02-10T07:47:30, 1458.83802817, 0, 0, 0 
2015-02-10T07:52:30, 1458.57243816, 0, 0, 0 
2015-02-10T07:57:30, 1458.50853242, 0, 0, 0 
2015-02-10T08:02:30, 1458.25899281, 0, 0, 0 
2015-02-10T08:07:30, 1457.04166667, 0, 0, 0 
2015-02-10T08:12:30, 1455.92439863, 0, 0, 0 
2015-02-10T08:17:30, 1456.38790036, 0, 0, 0 
2015-02-10T08:22:30, 1456.12802768, 0, 0, 0 
2015-02-10T08:27:30, 1455.47635135, 0, 0, 0 
2015-02-10T08:32:30, 1454.86330935, 0, 0, 0 
2015-02-10T08:37:30, 1455.84246575, 0, 0, 0 
2015-02-10T08:42:30, 1456.76896552, 0, 0, 0 
2015-02-10T08:47:30, 1456.72696246, 0, 0, 0 
2015-02-10T08:52:30, 1455.96206897, 0, 0, 0 
2015-02-10T08:57:30, 1458.83516484, 0, 0, 0 
2015-02-10T09:02:30, 1460.90559441, 0, 0, 0 
2015-02-10T09:07:30, 1471.08865248, 0, 0, 0 
2015-02-10T09:12:30, 1475.63103448, 0, 0, 0 
2015-02-10T09:17:30, 1486.975, 0, 0, 0 
2015-02-10T09:22:30, 1492.59010601, 0, 0, 0 
2015-02-10T09:27:30, 1502.50359712, 0, 0, 0 
2015-02-10T09:32:30, 1507.12, 0, 0, 0 
2015-02-10T09:37:30, 1515.10452962, 0, 0, 0 
2015-02-10T09:42:30, 1521.34129693, 0, 0, 0 
2015-02-10T09:47:30, 1526.18055556, 0, 0, 0 
2015-02-10T09:52:30, 1535.02473498, 0, 0, 0 
2015-02-10T09:57:30, 1539.24468085, 0, 0, 0 
2015-02-10T10:02:30, 1549.65371025, 0, 0, 0 
2015-02-10T10:07:30, 1553.63763066, 0, 0, 0 
2015-02-10T10:12:30, 1555.33680556, 0, 0, 0 
2015-02-10T10:17:30, 1570.06944444, 0, 0, 0 
2015-02-10T10:22:30, 1642.03135889, 0, 0, 0 
2015-02-10T10:27:30, 1715.61702128, 0, 0, 0 
2015-02-10T10:32:30, 1781.81949458, 0, 0, 0 
2015-02-10T10:37:30, 1848.5942029, 0, 0, 0 
2015-02-10T10:42:30, 1909.7122807, 0, 0, 0 
2015-02-10T10:47:30, 1970.10801394, 0, 0, 0 
2015-02-10T10:52:30, 2032.40780142, 0, 0, 0 
2015-02-10T10:57:30, 2089.66783217, 0, 0, 0 
2015-02-10T11:02:30, 2147.87108014, 0, 0, 0 
2015-02-10T11:07:30, 2204.80555556, 0, 0, 0 
2015-02-10T11:12:30, 2259.10320285, 0, 0, 0 
2015-02-10T11:17:30, 2313.92013889, 0, 0, 0 
2015-02-10T11:22:30, 2384.73943662, 0, 0, 0 
2015-02-10T11:27:30, 2462.85121107, 0, 0, 0 
2015-02-10T11:32:30, 2474.87279152, 0, 0, 0 
2015-02-10T11:37:30, 2521.23674912, 0, 0, 0 
2015-02-10T11:42:30, 2572.92605634, 0, 0, 0 
2015-02-10T11:47:30, 2622.61837456, 0, 0, 0 
2015-02-10T11:52:30, 2669.39575972, 0, 0, 0 
2015-02-10T11:57:30, 2716.14736842, 0, 0, 0 
2015-02-10T12:02:30, 2761.32269504, 0, 0, 0 
2015-02-10T12:07:30, 2791.50519031, 0, 0, 0 
2015-02-10T12:12:30, 2792.23131673, 0, 0, 0 
2015-02-10T12:17:30, 2815.74216028, 0, 0, 0 
2015-02-10T12:22:30, 2851.92041522, 0, 0, 0 
2015-02-10T12:27:30, 2864.29310345, 0, 0, 0 
2015-02-10T12:32:30, 2854.51557093, 0, 0, 0 
2015-02-10T12:37:30, 2840.78596491, 0, 0, 0 
2015-02-10T12:42:30, 2816.61168385, 0, 0, 0 
2015-02-10T12:47:30, 2793.37024221, 0, 0, 0 
2015-02-10T12:52:30, 2774.09215017, 0, 0, 0 
2015-02-10T12:57:30, 2759.71186441, 0, 0, 0 
2015-02-10T13:02:30, 2744.18181818, 0, 0, 0 
2015-02-10T13:07:30, 2728.11231884, 0, 0, 0 
2015-02-10T13:12:30, 2713.87372014, 0, 0, 0 
2015-02-10T13:17:30, 2705.04529617, 0, 0, 0 
2015-02-10T13:22:30, 2695.09756098, 0, 0, 0 
2015-02-10T13:27:30, 2691.28776978, 0, 0, 0 
2015-02-10T13:32:30, 2686.17465753, 0, 0, 0 
2015-02-10T13:37:30, 2685.50511945, 0, 0, 0 
2015-02-10T13:42:30, 2670.62989324, 0, 0, 0 
2015-02-10T13:47:30, 2628.34027778, 0, 0, 0 
2015-02-10T13:52:30, 2606.15972222, 0, 0, 0 
2015-02-10T13:57:30, 2594.35640138, 0, 0, 0 
2015-02-10T14:02:30, 2583.41342756, 0, 0, 0 
2015-02-10T14:07:30, 2576.95486111, 0, 0, 0 
2015-02-10T14:12:30, 2576.22648084, 0, 0, 0 
2015-02-10T14:17:30, 2580.4532872, 0, 0, 0 
2015-02-10T14:22:30, 2588.24221453, 0, 0, 0 
2015-02-10T14:27:30, 2597.29225352, 0, 0, 0 
2015-02-10T14:32:30, 2605.30902778, 0, 0, 0 
2015-02-10T14:37:30, 2615.57142857, 0, 0, 0 
2015-02-10T14:42:30, 2625.21052632, 0, 0, 0 
2015-02-10T14:47:30, 2637.46975089, 0, 0, 0 
2015-02-10T14:52:30, 2643.00687285, 0, 0, 0 
2015-02-10T14:57:30, 2658.4765343, 0, 0, 0 
2015-02-10T15:02:30, 2669.35862069, 0, 0, 0 
2015-02-10T15:07:30, 2682.13978495, 0, 0, 0 
2015-02-10T15:12:30, 2690.60854093, 0, 0, 0 
2015-02-10T15:17:30, 2698.86148649, 0, 0, 0 
2015-02-10T15:22:30, 2710.3041958, 0, 0, 0 
2015-02-10T15:27:30, 2719.22105263, 0, 0, 0 
2015-02-10T15:32:30, 2722.53846154, 0, 0, 0 
2015-02-10T15:37:30, 2729.21830986, 0, 0, 0 
2015-02-10T15:42:30, 2730.68728522, 0, 0, 0 
2015-02-10T15:47:30, 2737.00347222, 0, 0, 0 
2015-02-10T15:52:30, 2736.45964912, 0, 0, 0 
2015-02-10T15:57:30, 2739.57857143, 0, 0, 0 
2015-02-10T16:02:30, 2741.24028269, 0, 0, 0 
2015-02-10T16:07:30, 2733.9352518, 0, 0, 0 
2015-02-10T16:12:30, 2722.08304498, 0, 0, 0 
2015-02-10T16:17:30, 2713.0034965, 0, 0, 0 
2015-02-10T16:22:30, 2707.2455516, 0, 0, 0 
2015-02-10T16:27:30, 2698.6993007, 0, 0, 0 
2015-02-10T16:32:30, 2692.94845361, 0, 0, 0 
2015-02-10T16:37:30, 2692.01038062, 0, 0, 0 
2015-02-10T16:42:30, 2686.8057554, 0, 0, 0 
2015-02-10T16:47:30, 2682.54421769, 0, 0, 0 
2015-02-10T16:52:30, 2678.56491228, 0, 0, 0 
2015-02-10T16:57:30, 2676.19112628, 0, 0, 0 
2015-02-10T17:02:30, 2675.75432526, 0, 0, 0 
2015-02-10T17:07:30, 2681.83391003, 0, 0, 0 
2015-02-10T17:12:30, 2681.73404255, 0, 0, 0 
2015-02-10T17:17:30, 2687.44097222, 0, 0, 0 
2015-02-10T17:22:30, 2691.26712329, 0, 0, 0 
2015-02-10T17:27:30, 2694.14946619, 0, 0, 0 
2015-02-10T17:32:30, 2688.37931034, 0, 0, 0 
2015-02-10T17:37:30, 2679.74482759, 0, 0, 0 
2015-02-10T17:42:30, 2673.63380282, 0, 0, 0 
2015-02-10T17:47:30, 2671.00342466, 0, 0, 0 
2015-02-10T17:52:30, 2668.4765343, 0, 0, 0 
2015-02-10T17:57:30, 2664.75767918, 0, 0, 0 
2015-02-10T18:02:30, 2662.08928571, 0, 0, 0 
2015-02-10T18:07:30, 2658.28668942, 0, 0, 0 
2015-02-10T18:12:30, 2656.30449827, 0, 0, 0 
2015-02-10T18:17:30, 2651.84397163, 0, 0, 0 
2015-02-10T18:22:30, 2644.33450704, 0, 0, 0 
2015-02-10T18:27:30, 2643.65107914, 0, 0, 0 
2015-02-10T18:32:30, 2640.5754386, 0, 0, 0 
2015-02-10T18:37:30, 2640.6245614, 0, 0, 0 
2015-02-10T18:42:30, 2640.03436426, 0, 0, 0 
2015-02-10T18:47:30, 2637.09027778, 0, 0, 0 
2015-02-10T18:52:30, 2634.06620209, 0, 0, 0 
2015-02-10T18:57:30, 2633.30526316, 0, 0, 0 
2015-02-10T19:02:30, 2631.69686411, 0, 0, 0 
2015-02-10T19:07:30, 2631.52901024, 0, 0, 0 
2015-02-10T19:12:30, 2629.79787234, 0, 0, 0 
2015-02-10T19:17:30, 2626.66903915, 0, 0, 0 
2015-02-10T19:22:30, 2624.28671329, 0, 0, 0 
2015-02-10T19:27:30, 2621.8006993, 0, 0, 0 
2015-02-10T19:32:30, 2620.5137931, 0, 0, 0 
2015-02-10T19:37:30, 2617.75874126, 0, 0, 0 
2015-02-10T19:42:30, 2614.70731707, 0, 0, 0 
2015-02-10T19:47:30, 2614.02076125, 0, 0, 0 
2015-02-10T19:52:30, 2611.94265233, 0, 0, 0 
2015-02-10T19:57:30, 2610.51428571, 0, 0, 0 
2015-02-10T20:02:30, 2606.55244755, 0, 0, 0 
2015-02-10T20:07:30, 2604.26736111, 0, 0, 0 
2015-02-10T20:12:30, 2600.9100346, 0, 0, 0 
2015-02-10T20:17:30, 2597.47750865, 0, 0, 0 
2015-02-10T20:22:30, 2594.74216028, 0, 0, 0 
2015-02-10T20:27:30, 2591.5395189, 0, 0, 0 
2015-02-10T20:32:30, 2588.65602837, 0, 0, 0 
2015-02-10T20:37:30, 2587.41342756, 0, 0, 0 
2015-02-10T20:42:30, 2583.94463668, 0, 0, 0 
2015-02-10T20:47:30, 2578.45907473, 0, 0, 0 
2015-02-10T20:52:30, 2575.29896907, 0, 0, 0 
2015-02-10T20:57:30, 2575.9347079, 0, 0, 0 
2015-02-10T21:02:30, 2573.03484321, 0, 0, 0 
2015-02-10T21:07:30, 2571.03914591, 0, 0, 0 
2015-02-10T21:12:30, 2570.23591549, 0, 0, 0 
2015-02-10T21:17:30, 2566.56445993, 0, 0, 0 
2015-02-10T21:22:30, 2565.45454545, 0, 0, 0 
2015-02-10T21:27:30, 2562.55749129, 0, 0, 0 
2015-02-10T21:32:30, 2558.2733564, 0, 0, 0 
2015-02-10T21:37:30, 2557.76896552, 0, 0, 0 
2015-02-10T21:42:30, 2556.2233677, 0, 0, 0 
2015-02-10T21:47:30, 2551.84210526, 0, 0, 0 
2015-02-10T21:52:30, 2549.67383513, 0, 0, 0 
2015-02-10T21:57:30, 2549.88111888, 0, 0, 0 
2015-02-10T22:02:30, 2547.4751773, 0, 0, 0 
2015-02-10T22:07:30, 2544.89198606, 0, 0, 0 
2015-02-10T22:12:30, 2541.25259516, 0, 0, 0 
2015-02-10T22:17:30, 2537.87769784, 0, 0, 0 
2015-02-10T22:22:30, 2536.05172414, 0, 0, 0 
2015-02-10T22:27:30, 2534.52083333, 0, 0, 0 
2015-02-10T22:32:30, 2532.41666667, 0, 0, 0 
2015-02-10T22:37:30, 2528.64893617, 0, 0, 0 
2015-02-10T22:42:30, 2525.74475524, 0, 0, 0 
2015-02-10T22:47:30, 2522.6440678, 0, 0, 0 
2015-02-10T22:52:30, 2519.7862069, 0, 0, 0 
2015-02-10T22:57:30, 2519.55087719, 0, 0, 0 
2015-02-10T23:02:30, 2518.76056338, 0, 0, 0 
2015-02-10T23:07:30, 2515.36785714, 0, 0, 0 
2015-02-10T23:12:30, 2512.91958042, 0, 0, 0 
2015-02-10T23:17:30, 2510.58333333, 0, 0, 0 
2015-02-10T23:22:30, 2507.58718861, 0, 0, 0 
2015-02-10T23:27:30, 2505.1732852, 0, 0, 0 
2015-02-10T23:32:30, 2501.27681661, 0, 0, 0 
2015-02-10T23:37:30, 2498.19512195, 0, 0, 0 
2015-02-10T23:42:30, 2497.14685315, 0, 0, 0 
2015-02-10T23:47:30, 2497.1048951, 0, 0, 0 
2015-02-10T23:52:30, 2497.05964912, 0, 0, 0 
2015-02-10T23:57:30, 2493.70318021, 0, 0, 0 
2015-02-11T00:02:30, 2494.19354839, 0, 0, 0 
2015-02-11T00:07:30, 2493.93103448, 0, 0, 0 
2015-02-11T00:12:30, 2491.44169611, 0, 0, 0 
2015-02-11T00:17:30, 2490.68727273, 0, 0, 0 
2015-02-11T00:22:30, 2487.87804878, 0, 0, 0 
2015-02-11T00:27:30, 2485.5631769, 0, 0, 0 
2015-02-11T00:32:30, 2486.28571429, 0, 0, 0 
2015-02-11T00:37:30, 2482.94097222, 0, 0, 0 
2015-02-11T00:42:30, 2480.46366782, 0, 0, 0 
2015-02-11T00:47:30, 2477.66315789, 0, 0, 0 
2015-02-11T00:52:30, 2474.56071429, 0, 0, 0 
2015-02-11T00:57:30, 2472.43661972, 0, 0, 0 
2015-02-11T01:02:30, 2472.32413793, 0, 0, 0 
2015-02-11T01:07:30, 2470.01748252, 0, 0, 0 
2015-02-11T01:12:30, 2469.31958763, 0, 0, 0 
2015-02-11T01:17:30, 2469.57638889, 0, 0, 0 
2015-02-11T01:22:30, 2468.78546713, 0, 0, 0 
2015-02-11T01:27:30, 2468.60211268, 0, 0, 0 
2015-02-11T01:32:30, 2466.53658537, 0, 0, 0 
2015-02-11T01:37:30, 2465.30107527, 0, 0, 0 
2015-02-11T01:42:30, 2464.32638889, 0, 0, 0 
2015-02-11T01:47:30, 2464.27777778, 0, 0, 0 
2015-02-11T01:52:30, 2463.5, 0, 0, 0 
2015-02-11T01:57:30, 2462.94385965, 0, 0, 0 
2015-02-11T02:02:30, 2463.01034483, 0, 0, 0 
2015-02-11T02:07:30, 2462.6875, 0, 0, 0 
2015-02-11T02:12:30, 2462.51578947, 0, 0, 0 
2015-02-11T02:17:30, 2462.29209622, 0, 0, 0 
2015-02-11T02:22:30, 2461.96875, 0, 0, 0 
2015-02-11T02:27:30, 2461.49140893, 0, 0, 0 
2015-02-11T02:32:30, 2461.50344828, 0, 0, 0 
2015-02-11T02:37:30, 2461.39583333, 0, 0, 0 
2015-02-11T02:42:30, 2461.31785714, 0, 0, 0 
2015-02-11T02:47:30, 2461.23344948, 0, 0, 0 
2015-02-11T02:52:30, 2461.1884058, 0, 0, 0 
2015-02-11T02:57:30, 2461.24305556, 0, 0, 0 
2015-02-11T03:02:30, 2461.26056338, 0, 0, 0 
2015-02-11T03:07:30, 2461.28865979, 0, 0, 0 
2015-02-11T03:12:30, 2461.14982578, 0, 0, 0 
2015-02-11T03:17:30, 2461.34736842, 0, 0, 0 
2015-02-11T03:22:30, 2461.22145329, 0, 0, 0 
2015-02-11T03:27:30, 2461.36111111, 0, 0, 0 
2015-02-11T03:32:30, 2461.21328671, 0, 0, 0 
2015-02-11T03:37:30, 2461.23776224, 0, 0, 0 
2015-02-11T03:42:30, 2461.26760563, 0, 0, 0 
2015-02-11T03:47:30, 2461.21631206, 0, 0, 0 
2015-02-11T03:52:30, 2461.43382353, 0, 0, 0 
2015-02-11T03:57:30, 2461.33451957, 0, 0, 0 
2015-02-11T04:02:30, 2461.30555556, 0, 0, 0 
2015-02-11T04:07:30, 2461.34050179, 0, 0, 0 
2015-02-11T04:12:30, 2461.22743682, 0, 0, 0 
2015-02-11T04:17:30, 2461.22377622, 0, 0, 0 
2015-02-11T04:22:30, 2460.96071429, 0, 0, 0 
2015-02-11T04:27:30, 2460.93971631, 0, 0, 0 
2015-02-11T04:32:30, 2460.90070922, 0, 0, 0 
2015-02-11T04:37:30, 2460.83629893, 0, 0, 0 
2015-02-11T04:42:30, 2460.94014085, 0, 0, 0 
2015-02-11T04:47:30, 2460.79359431, 0, 0, 0 
2015-02-11T04:52:30, 2460.92041522, 0, 0, 0 
2015-02-11T04:57:30, 2460.86330935, 0, 0, 0 
2015-02-11T05:02:30, 2460.74204947, 0, 0, 0 
2015-02-11T05:07:30, 2460.97090909, 0, 0, 0 
2015-02-11T05:12:30, 2461.16254417, 0, 0, 0 
2015-02-11T05:17:30, 2461.07638889, 0, 0, 0 
2015-02-11T05:22:30, 2461.09964413, 0, 0, 0 
2015-02-11T05:27:30, 2461.25964912, 0, 0, 0 
2015-02-11T05:32:30, 2459.21908127, 0, 0, 0 
2015-02-11T05:37:30, 2460.51291513, 0, 0, 0 
2015-02-11T05:42:30, 2459.21276596, 0, 0, 0 
2015-02-11T05:47:30, 2458.62681159, 0, 0, 0 
2015-02-11T05:52:30, 2460.42560554, 0, 0, 0 
2015-02-11T05:57:30, 2460.22968198, 0, 0, 0 
2015-02-11T06:02:30, 2459.69230769, 0, 0, 0 
2015-02-11T06:07:30, 2461.00342466, 0, 0, 0 
2015-02-11T06:12:30, 2460.85159011, 0, 0, 0 
2015-02-11T06:17:30, 2460.98611111, 0, 0, 0 
2015-02-11T06:22:30, 2460.16549296, 0, 0, 0 
2015-02-11T06:27:30, 2448.61937716, 0, 0, 0 
2015-02-11T06:32:30, 2425.09863946, 0, 0, 0 
2015-02-11T06:37:30, 2401.35986159, 0, 0, 0 
2015-02-11T06:42:30, 2384.0877193, 0, 0, 0 
2015-02-11T06:47:30, 2376.46917808, 0, 0, 0 
2015-02-11T06:52:30, 2372.22222222, 0, 0, 0 
2015-02-11T06:57:30, 2366.36236934, 0, 0, 0 
2015-02-11T07:02:30, 2364.44912281, 0, 0, 0 
2015-02-11T07:07:30, 2363.52688172, 0, 0, 0 
2015-02-11T07:12:30, 2363.204947, 0, 0, 0 
2015-02-11T07:17:30, 2360.67820069, 0, 0, 0 
2015-02-11T07:22:30, 2359.46043165, 0, 0, 0 
2015-02-11T07:27:30, 2356.56183746, 0, 0, 0 
2015-02-11T07:32:30, 2354.975, 0, 0, 0 
2015-02-11T07:37:30, 2352.3202847, 0, 0, 0 
2015-02-11T07:42:30, 2351.68309859, 0, 0, 0 
2015-02-11T07:47:30, 2345.97132616, 0, 0, 0 
2015-02-11T07:52:30, 2346.22108844, 0, 0, 0 
2015-02-11T07:57:30, 2342.20141343, 0, 0, 0 
2015-02-11T08:02:30, 2341.66666667, 0, 0, 0 
2015-02-11T08:07:30, 2340.1358885, 0, 0, 0 
2015-02-11T08:12:30, 2337.63286713, 0, 0, 0 
2015-02-11T08:17:30, 2338.41454545, 0, 0, 0 
2015-02-11T08:22:30, 2335.42253521, 0, 0, 0 
2015-02-11T08:27:30, 2335.21678322, 0, 0, 0 
2015-02-11T08:32:30, 2334.795053, 0, 0, 0 
2015-02-11T08:37:30, 2334.8057554, 0, 0, 0 
2015-02-11T08:42:30, 2334.19230769, 0, 0, 0 
2015-02-11T08:47:30, 2333.91843972, 0, 0, 0 
2015-02-11T08:52:30, 2333.64642857, 0, 0, 0 
2015-02-11T08:57:30, 2334.97552448, 0, 0, 0 
2015-02-11T09:02:30, 2330.38675958, 0, 0, 0 
2015-02-11T09:07:30, 2329.27777778, 0, 0, 0 
2015-02-11T09:12:30, 2332.95017794, 0, 0, 0 
2015-02-11T09:17:30, 2336.8409894, 0, 0, 0 
2015-02-11T09:22:30, 2344.49469965, 0, 0, 0 
2015-02-11T09:27:30, 2351.02439024, 0, 0, 0 
2015-02-11T09:32:30, 2356.74652778, 0, 0, 0 
2015-02-11T09:37:30, 2363.91843972, 0, 0, 0 
2015-02-11T09:42:30, 2434.96563574, 0, 0, 0 
2015-02-11T09:47:30, 2479.44982699, 0, 0, 0 
2015-02-11T09:52:30, 2535.96415771, 0, 0, 0 
2015-02-11T09:57:30, 2592.60915493, 0, 0, 0 
2015-02-11T10:02:30, 2645.50526316, 0, 0, 0 
2015-02-11T10:07:30, 2701.08540925, 0, 0, 0 
2015-02-11T10:12:30, 2743.82935154, 0, 0, 0 
2015-02-11T10:17:30, 2780.05633803, 0, 0, 0 
2015-02-11T10:22:30, 2789.02097902, 0, 0, 0 
2015-02-11T10:27:30, 2787.51071429, 0, 0, 0 
2015-02-11T10:32:30, 2800.23188406, 0, 0, 0 
2015-02-11T10:37:30, 2804.29537367, 0, 0, 0 
2015-02-11T10:42:30, 2794.51398601, 0, 0, 0 
2015-02-11T10:47:30, 2786.71532847, 0, 0, 0 
2015-02-11T10:52:30, 2773.44483986, 0, 0, 0 
2015-02-11T10:57:30, 2762.33676976, 0, 0, 0 
2015-02-11T11:02:30, 2753.29929577, 0, 0, 0 
2015-02-11T11:07:30, 2742.99658703, 0, 0, 0 
2015-02-11T11:12:30, 2736.19860627, 0, 0, 0 
2015-02-11T11:17:30, 2732.90243902, 0, 0, 0 
2015-02-11T11:22:30, 2730.75177305, 0, 0, 0 
2015-02-11T11:27:30, 2727.93884892, 0, 0, 0 
2015-02-11T11:32:30, 2723.78169014, 0, 0, 0 
2015-02-11T11:37:30, 2720.82758621, 0, 0, 0 
2015-02-11T11:42:30, 2719.70921986, 0, 0, 0 
2015-02-11T11:47:30, 2713.16783217, 0, 0, 0 
2015-02-11T11:52:30, 2707.43859649, 0, 0, 0 
2015-02-11T11:57:30, 2703.76449275, 0, 0, 0 
2015-02-11T12:02:30, 2704.28070175, 0, 0, 0 
2015-02-11T12:07:30, 2700.28222997, 0, 0, 0 
2015-02-11T12:12:30, 2701.21403509, 0, 0, 0 
2015-02-11T12:17:30, 2702.41901408, 0, 0, 0 
2015-02-11T12:22:30, 2704.29285714, 0, 0, 0 
2015-02-11T12:27:30, 2705.05902778, 0, 0, 0 
2015-02-11T12:32:30, 2704.74912892, 0, 0, 0 
2015-02-11T12:37:30, 2706.30612245, 0, 0, 0 
2015-02-11T12:42:30, 2706.80968858, 0, 0, 0 
2015-02-11T12:47:30, 2706.44250871, 0, 0, 0 
2015-02-11T12:52:30, 2706.5658363, 0, 0, 0 
2015-02-11T12:57:30, 2706.95683453, 0, 0, 0 
2015-02-11T13:02:30, 2705.94366197, 0, 0, 0 
2015-02-11T13:07:30, 2706.17021277, 0, 0, 0 
2015-02-11T13:12:30, 2706.91608392, 0, 0, 0 
2015-02-11T13:17:30, 2709.13745704, 0, 0, 0 
2015-02-11T13:22:30, 2708.70068027, 0, 0, 0 
2015-02-11T13:27:30, 2705.81481481, 0, 0, 0 
2015-02-11T13:32:30, 2703.1443299, 0, 0, 0 
2015-02-11T13:37:30, 2703.86148649, 0, 0, 0 
2015-02-11T13:42:30, 2704.91864407, 0, 0, 0 
2015-02-11T13:47:30, 2701.0777027, 0, 0, 0 
2015-02-11T13:52:30, 2700.70863309, 0, 0, 0 
2015-02-11T13:57:30, 2699.60899654, 0, 0, 0 
2015-02-11T14:02:30, 2699.5229682, 0, 0, 0 
2015-02-11T14:07:30, 2698.71186441, 0, 0, 0 
2015-02-11T14:12:30, 2698.15140845, 0, 0, 0 
2015-02-11T14:17:30, 2699.9430605, 0, 0, 0 
2015-02-11T14:22:30, 2700.40701754, 0, 0, 0 
2015-02-11T14:27:30, 2701.46441948, 0, 0, 0 
2015-02-11T14:32:30, 2701.85273973, 0, 0, 0 
2015-02-11T14:37:30, 2702.8442029, 0, 0, 0 
2015-02-11T14:42:30, 2702.57509158, 0, 0, 0 
2015-02-11T14:47:30, 2703.37716263, 0, 0, 0 
2015-02-11T14:52:30, 2706.04827586, 0, 0, 0 
2015-02-11T14:57:30, 2702.79725086, 0, 0, 0 
2015-02-11T15:02:30, 2696.2414966, 0, 0, 0 
2015-02-11T15:07:30, 2691.76632302, 0, 0, 0 
2015-02-11T15:12:30, 2690.87030717, 0, 0, 0 
2015-02-11T15:17:30, 2694.26164875, 0, 0, 0 
2015-02-11T15:22:30, 2700.21917808, 0, 0, 0 
2015-02-11T15:27:30, 2705.32142857, 0, 0, 0 
2015-02-11T15:32:30, 2705.30449827, 0, 0, 0 
2015-02-11T15:37:30, 2709.07986111, 0, 0, 0 
2015-02-11T15:42:30, 2710.04181185, 0, 0, 0 
2015-02-11T15:47:30, 2707.20629371, 0, 0, 0 
2015-02-11T15:52:30, 2707.00696864, 0, 0, 0 
2015-02-11T15:57:30, 2705.09594096, 0, 0, 0 
2015-02-11T16:02:30, 2704.4471831, 0, 0, 0 
2015-02-11T16:07:30, 2702.37800687, 0, 0, 0 
2015-02-11T16:12:30, 2702.54121864, 0, 0, 0 
2015-02-11T16:17:30, 2704.48432056, 0, 0, 0 
2015-02-11T16:22:30, 2707.0652921, 0, 0, 0 
2015-02-11T16:27:30, 2708.4929078, 0, 0, 0 
2015-02-11T16:32:30, 2710.83972125, 0, 0, 0 
2015-02-11T16:37:30, 2707.83859649, 0, 0, 0 
2015-02-11T16:42:30, 2701.65397924, 0, 0, 0 
2015-02-11T16:47:30, 2696.82291667, 0, 0, 0 
2015-02-11T16:52:30, 2694.49828179, 0, 0, 0 
2015-02-11T16:57:30, 2695.53472222, 0, 0, 0 
2015-02-11T17:02:30, 2694.39930556, 0, 0, 0 
2015-02-11T17:07:30, 2692.47719298, 0, 0, 0 
2015-02-11T17:12:30, 2691.70212766, 0, 0, 0 
2015-02-11T17:17:30, 2693.13684211, 0, 0, 0 
2015-02-11T17:22:30, 2690.75524476, 0, 0, 0 
2015-02-11T17:27:30, 2688.15972222, 0, 0, 0 
2015-02-11T17:32:30, 2673.9100346, 0, 0, 0 
2015-02-11T17:37:30, 2663.68243243, 0, 0, 0 
2015-02-11T17:42:30, 2656.58823529, 0, 0, 0 
2015-02-11T17:47:30, 2652.36111111, 0, 0, 0 
2015-02-11T17:52:30, 2650.26573427, 0, 0, 0 
2015-02-11T17:57:30, 2650.65306122, 0, 0, 0 
2015-02-11T18:02:30, 2653.61458333, 0, 0, 0 
2015-02-11T18:07:30, 2656.46779661, 0, 0, 0 
2015-02-11T18:12:30, 2659.87017544, 0, 0, 0 
2015-02-11T18:17:30, 2663.6109215, 0, 0, 0 
2015-02-11T18:22:30, 2666.08710801, 0, 0, 0 
2015-02-11T18:27:30, 2668.48263889, 0, 0, 0 
2015-02-11T18:32:30, 2670.52233677, 0, 0, 0 
2015-02-11T18:37:30, 2673.97931034, 0, 0, 0 
2015-02-11T18:42:30, 2677.18685121, 0, 0, 0 
2015-02-11T18:47:30, 2677.78321678, 0, 0, 0 
2015-02-11T18:52:30, 2680.71875, 0, 0, 0 
2015-02-11T18:57:30, 2682.38487973, 0, 0, 0 
2015-02-11T19:02:30, 2684.68858131, 0, 0, 0 
2015-02-11T19:07:30, 2687.83157895, 0, 0, 0 
2015-02-11T19:12:30, 2690.17241379, 0, 0, 0 
2015-02-11T19:17:30, 2692.55017301, 0, 0, 0 
2015-02-11T19:22:30, 2694.03180212, 0, 0, 0 
2015-02-11T19:27:30, 2694.34722222, 0, 0, 0 
2015-02-11T19:32:30, 2696.64620939, 0, 0, 0 
2015-02-11T19:37:30, 2696.02097902, 0, 0, 0 
2015-02-11T19:42:30, 2696.47349823, 0, 0, 0 
2015-02-11T19:47:30, 2697.4982699, 0, 0, 0 
2015-02-11T19:52:30, 2696.77978339, 0, 0, 0 
2015-02-11T19:57:30, 2697.44599303, 0, 0, 0 
2015-02-11T20:02:30, 2695.66089965, 0, 0, 0 
2015-02-11T20:07:30, 2696.87197232, 0, 0, 0 
2015-02-11T20:12:30, 2694.93478261, 0, 0, 0 
2015-02-11T20:17:30, 2693.27598566, 0, 0, 0 
2015-02-11T20:22:30, 2693.59722222, 0, 0, 0 
2015-02-11T20:27:30, 2693.09824561, 0, 0, 0 
2015-02-11T20:32:30, 2693.30357143, 0, 0, 0 
2015-02-11T20:37:30, 2695.66551724, 0, 0, 0 
2015-02-11T20:42:30, 2695.89824561, 0, 0, 0 
2015-02-11T20:47:30, 2697.87017544, 0, 0, 0 
2015-02-11T20:52:30, 2698.96819788, 0, 0, 0 
2015-02-11T20:57:30, 2698.87241379, 0, 0, 0 
2015-02-11T21:02:30, 2699.64084507, 0, 0, 0 
2015-02-11T21:07:30, 2698.54295533, 0, 0, 0 
2015-02-11T21:12:30, 2697.97931034, 0, 0, 0 
2015-02-11T21:17:30, 2697.74825175, 0, 0, 0 
2015-02-11T21:22:30, 2695.88928571, 0, 0, 0 
2015-02-11T21:27:30, 2694.1533101, 0, 0, 0 
2015-02-11T21:32:30, 2692.92446043, 0, 0, 0 
2015-02-11T21:37:30, 2691.89824561, 0, 0, 0 
2015-02-11T21:42:30, 2691.56569343, 0, 0, 0 
2015-02-11T21:47:30, 2690.88316151, 0, 0, 0 
2015-02-11T21:52:30, 2692.0248227, 0, 0, 0 
2015-02-11T21:57:30, 2691.55709343, 0, 0, 0 
2015-02-11T22:02:30, 2692.7754386, 0, 0, 0 
2015-02-11T22:07:30, 2696.15053763, 0, 0, 0 
2015-02-11T22:12:30, 2697.42957746, 0, 0, 0 
2015-02-11T22:17:30, 2697.78521127, 0, 0, 0 
2015-02-11T22:22:30, 2698.91724138, 0, 0, 0 
2015-02-11T22:27:30, 2700.22419929, 0, 0, 0 
2015-02-11T22:32:30, 2699.21875, 0, 0, 0 
2015-02-11T22:37:30, 2701.12891986, 0, 0, 0 
2015-02-11T22:42:30, 2701.55902778, 0, 0, 0 
2015-02-11T22:47:30, 2702.56097561, 0, 0, 0 
2015-02-11T22:52:30, 2701.39372822, 0, 0, 0 
2015-02-11T22:57:30, 2696.80985915, 0, 0, 0 
2015-02-11T23:02:30, 2695.59385666, 0, 0, 0 
2015-02-11T23:07:30, 2695.67708333, 0, 0, 0 
2015-02-11T23:12:30, 2695.33333333, 0, 0, 0 
2015-02-11T23:17:30, 2695.70790378, 0, 0, 0 
2015-02-11T23:22:30, 2695.53448276, 0, 0, 0 
2015-02-11T23:27:30, 2695.89160839, 0, 0, 0 
2015-02-11T23:32:30, 2697.20486111, 0, 0, 0 
2015-02-11T23:37:30, 2697.65034965, 0, 0, 0 
2015-02-11T23:42:30, 2698.29078014, 0, 0, 0 
2015-02-11T23:47:30, 2698.71578947, 0, 0, 0 
2015-02-11T23:52:30, 2700.29411765, 0, 0, 0 
2015-02-11T23:57:30, 2701.91608392, 0, 0, 0 
2015-02-12T00:02:30, 2702.08710801, 0, 0, 0 
2015-02-12T00:07:30, 2702.96875, 0, 0, 0 
2015-02-12T00:12:30, 2703.02857143, 0, 0, 0 
2015-02-12T00:17:30, 2701.32978723, 0, 0, 0 
2015-02-12T00:22:30, 2699.4874552, 0, 0, 0 
2015-02-12T00:27:30, 2700.94463668, 0, 0, 0 
2015-02-12T00:32:30, 2699.47122302, 0, 0, 0 
2015-02-12T00:37:30, 2696.8200692, 0, 0, 0 
2015-02-12T00:42:30, 2694.07042254, 0, 0, 0 
2015-02-12T00:47:30, 2691.92605634, 0, 0, 0 
2015-02-12T00:52:30, 2690.36431227, 0, 0, 0 
2015-02-12T00:57:30, 2688.82191781, 0, 0, 0 
2015-02-12T01:02:30, 2688.58928571, 0, 0, 0 
2015-02-12T01:07:30, 2688.61111111, 0, 0, 0 
2015-02-12T01:12:30, 2691.16607774, 0, 0, 0 
2015-02-12T01:17:30, 2694.27561837, 0, 0, 0 
2015-02-12T01:22:30, 2696.99655172, 0, 0, 0 
2015-02-12T01:27:30, 2699.20748299, 0, 0, 0 
2015-02-12T01:32:30, 2702.15438596, 0, 0, 0 
2015-02-12T01:37:30, 2704.40143369, 0, 0, 0 
2015-02-12T01:42:30, 2702.76678445, 0, 0, 0 
2015-02-12T01:47:30, 2701.42268041, 0, 0, 0 
2015-02-12T01:52:30, 2698.68794326, 0, 0, 0 
2015-02-12T01:57:30, 2697.98932384, 0, 0, 0 
2015-02-12T02:02:30, 2698.69550173, 0, 0, 0 
2015-02-12T02:07:30, 2696.53571429, 0, 0, 0 
2015-02-12T02:12:30, 2695.37894737, 0, 0, 0 
2015-02-12T02:17:30, 2694.37586207, 0, 0, 0 
2015-02-12T02:22:30, 2693.63508772, 0, 0, 0 
2015-02-12T02:27:30, 2691.35738832, 0, 0, 0 
2015-02-12T02:32:30, 2689.34736842, 0, 0, 0 
2015-02-12T02:37:30, 2689.5122807, 0, 0, 0 
2015-02-12T02:42:30, 2688.63194444, 0, 0, 0 
2015-02-12T02:47:30, 2687.73170732, 0, 0, 0 
2015-02-12T02:52:30, 2688.43902439, 0, 0, 0 
2015-02-12T02:57:30, 2689.6048951, 0, 0, 0 
2015-02-12T03:02:30, 2691.93706294, 0, 0, 0 
2015-02-12T03:07:30, 2694.71985816, 0, 0, 0 
2015-02-12T03:12:30, 2694.88811189, 0, 0, 0 
2015-02-12T03:17:30, 2697.96864111, 0, 0, 0 
2015-02-12T03:22:30, 2697.35815603, 0, 0, 0 
2015-02-12T03:27:30, 2697.28469751, 0, 0, 0 
2015-02-12T03:32:30, 2697.20069204, 0, 0, 0 
2015-02-12T03:37:30, 2698.27526132, 0, 0, 0 
2015-02-12T03:42:30, 2696.7311828, 0, 0, 0 
2015-02-12T03:47:30, 2697.13074205, 0, 0, 0 
2015-02-12T03:52:30, 2696.43157895, 0, 0, 0 
2015-02-12T03:57:30, 2697.22105263, 0, 0, 0 
2015-02-12T04:02:30, 2699.37062937, 0, 0, 0 
2015-02-12T04:07:30, 2699.86851211, 0, 0, 0 
2015-02-12T04:12:30, 2699.20069204, 0, 0, 0 
2015-02-12T04:17:30, 2697.75945017, 0, 0, 0 
2015-02-12T04:22:30, 2696.78694158, 0, 0, 0 
2015-02-12T04:27:30, 2696.99300699, 0, 0, 0 
2015-02-12T04:32:30, 2696.24295775, 0, 0, 0 
2015-02-12T04:37:30, 2695.85314685, 0, 0, 0 
2015-02-12T04:42:30, 2695.21527778, 0, 0, 0 
2015-02-12T04:47:30, 2695.63321799, 0, 0, 0 
2015-02-12T04:52:30, 2697.02083333, 0, 0, 0 
2015-02-12T04:57:30, 2696.80902778, 0, 0, 0 
2015-02-12T05:02:30, 2696.17525773, 0, 0, 0 
2015-02-12T05:07:30, 2694.60142349, 0, 0, 0 
2015-02-12T05:12:30, 2693.16783217, 0, 0, 0 
2015-02-12T05:17:30, 2693.64726027, 0, 0, 0 
2015-02-12T05:22:30, 2693.37102473, 0, 0, 0 
2015-02-12T05:27:30, 2694.03180212, 0, 0, 0 
2015-02-12T05:32:30, 2696.26223776, 0, 0, 0 
2015-02-12T05:37:30, 2697.93425606, 0, 0, 0 
2015-02-12T05:42:30, 2700.78819444, 0, 0, 0 
2015-02-12T05:47:30, 2700.3943662, 0, 0, 0 
2015-02-12T05:52:30, 2701.30545455, 0, 0, 0 
2015-02-12T05:57:30, 2702.32179931, 0, 0, 0 
2015-02-12T06:02:30, 2701.99659864, 0, 0, 0 
2015-02-12T06:07:30, 2701.31010453, 0, 0, 0 
2015-02-12T06:12:30, 2697.86206897, 0, 0, 0 
2015-02-12T06:17:30, 2696.84482759, 0, 0, 0 
2015-02-12T06:22:30, 2696.29929577, 0, 0, 0 
2015-02-12T06:27:30, 2692.23776224, 0, 0, 0 
2015-02-12T06:32:30, 2692.95454545, 0, 0, 0 
2015-02-12T06:37:30, 2692.28819444, 0, 0, 0 
2015-02-12T06:42:30, 2693.16546763, 0, 0, 0 
2015-02-12T06:47:30, 2694.03859649, 0, 0, 0 
2015-02-12T06:52:30, 2695.02730375, 0, 0, 0 
2015-02-12T06:57:30, 2694.13523132, 0, 0, 0 
2015-02-12T07:02:30, 2695.62975779, 0, 0, 0 
2015-02-12T07:07:30, 2699.46232877, 0, 0, 0 
2015-02-12T07:12:30, 2701.50865052, 0, 0, 0 
2015-02-12T07:17:30, 2701.87544484, 0, 0, 0 
2015-02-12T07:22:30, 2702.79787234, 0, 0, 0 
2015-02-12T07:27:30, 2702.37234043, 0, 0, 0 
2015-02-12T07:32:30, 2699.70629371, 0, 0, 0 
2015-02-12T07:37:30, 2699.11418685, 0, 0, 0 
2015-02-12T07:42:30, 2697.27017544, 0, 0, 0 
2015-02-12T07:47:30, 2696.37762238, 0, 0, 0 
2015-02-12T07:52:30, 2696.8556338, 0, 0, 0 
2015-02-12T07:57:30, 2699.08540925, 0, 0, 0 
2015-02-12T08:02:30, 2697.28474576, 0, 0, 0 
2015-02-12T08:07:30, 2695.08070175, 0, 0, 0 
2015-02-12T08:12:30, 2696.03071672, 0, 0, 0 
2015-02-12T08:17:30, 2698.06690141, 0, 0, 0 
2015-02-12T08:22:30, 2700.92682927, 0, 0, 0 
2015-02-12T08:27:30, 2702.53496503, 0, 0, 0 
2015-02-12T08:32:30, 2706.1884058, 0, 0, 0 
2015-02-12T08:37:30, 2706.8419244, 0, 0, 0 
2015-02-12T08:42:30, 2707.06993007, 0, 0, 0 
2015-02-12T08:47:30, 2704.22299652, 0, 0, 0 
2015-02-12T08:52:30, 2701.44827586, 0, 0, 0 
2015-02-12T08:57:30, 2699.58245614, 0, 0, 0 
2015-02-12T09:02:30, 2698.89788732, 0, 0, 0 
2015-02-12T09:07:30, 2697.30479452, 0, 0, 0 
2015-02-12T09:12:30, 2698.21724138, 0, 0, 0 
2015-02-12T09:17:30, 2696.70588235, 0, 0, 0 
2015-02-12T09:22:30, 2695.9122807, 0, 0, 0 
2015-02-12T09:27:30, 2695.24221453, 0, 0, 0 
2015-02-12T09:32:30, 2694.63822526, 0, 0, 0 
2015-02-12T09:37:30, 2695.16376307, 0, 0, 0 
2015-02-12T09:42:30, 2695.81881533, 0, 0, 0 
2015-02-12T09:47:30, 2695.70921986, 0, 0, 0 
2015-02-12T09:52:30, 2698.2155477, 0, 0, 0 
2015-02-12T09:57:30, 2700.34812287, 0, 0, 0 
2015-02-12T10:02:30, 2700.8877193, 0, 0, 0 
2015-02-12T10:07:30, 2703.05902778, 0, 0, 0 
2015-02-12T10:12:30, 2704.83793103, 0, 0, 0 
2015-02-12T10:17:30, 2702.4471831, 0, 0, 0 
2015-02-12T10:22:30, 2701.98245614, 0, 0, 0 
2015-02-12T10:27:30, 2700.18815331, 0, 0, 0 
2015-02-12T10:32:30, 2701.07986111, 0, 0, 0 
2015-02-12T10:37:30, 2699.62676056, 0, 0, 0 
2015-02-12T10:42:30, 2700.90747331, 0, 0, 0 
2015-02-12T10:47:30, 2700.63157895, 0, 0, 0 
2015-02-12T10:52:30, 2702.57291667, 0, 0, 0 
2015-02-12T10:57:30, 2702.24489796, 0, 0, 0 
2015-02-12T11:02:30, 2702.96830986, 0, 0, 0 
2015-02-12T11:07:30, 2700.27797834, 0, 0, 0 
2015-02-12T11:12:30, 2699.6445993, 0, 0, 0 
2015-02-12T11:17:30, 2698.00716846, 0, 0, 0 
2015-02-12T11:22:30, 2696.01724138, 0, 0, 0 
2015-02-12T11:27:30, 2696.67944251, 0, 0, 0 
2015-02-12T11:32:30, 2697.07913669, 0, 0, 0 
2015-02-12T11:37:30, 2699.20350877, 0, 0, 0 
2015-02-12T11:42:30, 2699.38245614, 0, 0, 0 
2015-02-12T11:47:30, 2698.87318841, 0, 0, 0 
2015-02-12T11:52:30, 2698.12195122, 0, 0, 0 
2015-02-12T11:57:30, 2699.20761246, 0, 0, 0 
2015-02-12T12:02:30, 2697.31034483, 0, 0, 0 
2015-02-12T12:07:30, 2695.82374101, 0, 0, 0 
2015-02-12T12:12:30, 2696.87588652, 0, 0, 0 
2015-02-12T12:17:30, 2697.19163763, 0, 0, 0 
2015-02-12T12:22:30, 2697.04482759, 0, 0, 0 
2015-02-12T12:27:30, 2697.57839721, 0, 0, 0 
2015-02-12T12:32:30, 2698.55821918, 0, 0, 0 
2015-02-12T12:37:30, 2700.07446809, 0, 0, 0 
2015-02-12T12:42:30, 2700.52595156, 0, 0, 0 
2015-02-12T12:47:30, 2702.43508772, 0, 0, 0 
2015-02-12T12:52:30, 2701.43205575, 0, 0, 0 
2015-02-12T12:57:30, 2703.2078853, 0, 0, 0 
2015-02-12T13:02:30, 2702.92657343, 0, 0, 0 
2015-02-12T13:07:30, 2702.78472222, 0, 0, 0 
2015-02-12T13:12:30, 2701.22419929, 0, 0, 0 
2015-02-12T13:17:30, 2699.97173145, 0, 0, 0 
2015-02-12T13:22:30, 2701.41134752, 0, 0, 0 
2015-02-12T13:27:30, 2702.44802867, 0, 0, 0 
2015-02-12T13:32:30, 2701.37630662, 0, 0, 0 
2015-02-12T13:37:30, 2703.18181818, 0, 0, 0 
2015-02-12T13:42:30, 2704.36363636, 0, 0, 0 
2015-02-12T13:47:30, 2702.91197183, 0, 0, 0 
2015-02-12T13:52:30, 2703.36042403, 0, 0, 0 
2015-02-12T13:57:30, 2704.16723549, 0, 0, 0 
2015-02-12T14:02:30, 2703.54063604, 0, 0, 0 
2015-02-12T14:07:30, 2703.09440559, 0, 0, 0 
2015-02-12T14:12:30, 2703.9122807, 0, 0, 0 
2015-02-12T14:17:30, 2703.34256055, 0, 0, 0 
2015-02-12T14:22:30, 2702.70877193, 0, 0, 0 
2015-02-12T14:27:30, 2703.49652778, 0, 0, 0 
2015-02-12T14:32:30, 2703.22866894, 0, 0, 0 
2015-02-12T14:37:30, 2706.38869258, 0, 0, 0 
2015-02-12T14:42:30, 2707.53684211, 0, 0, 0 
2015-02-12T14:47:30, 2705.12891986, 0, 0, 0 
2015-02-12T14:52:30, 2703.56537102, 0, 0, 0 
2015-02-12T14:57:30, 2702.10652921, 0, 0, 0 
2015-02-12T15:02:30, 2702.15172414, 0, 0, 0 
2015-02-12T15:07:30, 2701.41463415, 0, 0, 0 
2015-02-12T15:12:30, 2699.64912281, 0, 0, 0 
2015-02-12T15:17:30, 2702.46718147, 0, 0, 0 
2015-02-12T15:22:30, 2704.35172414, 0, 0, 0 
2015-02-12T15:27:30, 2703.09375, 0, 0, 0 
2015-02-12T15:32:30, 2703.00353357, 0, 0, 0 
2015-02-12T15:37:30, 2702.48972603, 0, 0, 0 
2015-02-12T15:42:30, 2702.54137931, 0, 0, 0 
2015-02-12T15:47:30, 2703.04529617, 0, 0, 0 
2015-02-12T15:52:30, 2702.37152778, 0, 0, 0 
2015-02-12T15:57:30, 2699.03082192, 0, 0, 0 
2015-02-12T16:02:30, 2698.68367347, 0, 0, 0 
2015-02-12T16:07:30, 2695.2155477, 0, 0, 0 
2015-02-12T16:12:30, 2696.53941909, 0, 0, 0 
2015-02-12T16:17:30, 2696.53941909, 0, 0, 0 
2015-02-12T16:22:30, 2696.53941909, 0, 0, 0 
2015-02-12T16:27:30, 2702.95175439, 0, 0, 0 
2015-02-12T16:32:30, 2702.87725632, 0, 0, 0 
2015-02-12T16:37:30, 2704.27430556, 0, 0, 0 
2015-02-12T16:42:30, 2703.68551237, 0, 0, 0 
2015-02-12T16:47:30, 2704.09964413, 0, 0, 0 
2015-02-12T16:52:30, 2704.71080139, 0, 0, 0 
2015-02-12T16:57:30, 2702.20996441, 0, 0, 0 
2015-02-12T17:02:30, 2704.08391608, 0, 0, 0 
2015-02-12T17:07:30, 2703.62116041, 0, 0, 0 
2015-02-12T17:12:30, 2701.18088737, 0, 0, 0 
2015-02-12T17:17:30, 2700.37234043, 0, 0, 0 
2015-02-12T17:22:30, 2699.51890034, 0, 0, 0 
2015-02-12T17:27:30, 2698.57839721, 0, 0, 0 
2015-02-12T17:32:30, 2696.97945205, 0, 0, 0 
2015-02-12T17:37:30, 2697.13829787, 0, 0, 0 
2015-02-12T17:42:30, 2699.19863014, 0, 0, 0 
2015-02-12T17:47:30, 2698.68402778, 0, 0, 0 
2015-02-12T17:52:30, 2697.05821918, 0, 0, 0 
2015-02-12T17:57:30, 2694.51748252, 0, 0, 0 
2015-02-12T18:02:30, 2690.62758621, 0, 0, 0 
2015-02-12T18:07:30, 2693.11347518, 0, 0, 0 
2015-02-12T18:12:30, 2692.44522968, 0, 0, 0 
2015-02-12T18:17:30, 2691.12681159, 0, 0, 0 
2015-02-12T18:22:30, 2688.85616438, 0, 0, 0 
2015-02-12T18:27:30, 2691.64359862, 0, 0, 0 
2015-02-12T18:32:30, 2692.69343066, 0, 0, 0 
2015-02-12T18:37:30, 2696.20141343, 0, 0, 0 
2015-02-12T18:42:30, 2697.0, 0, 0, 0 
2015-02-12T18:47:30, 2697.84507042, 0, 0, 0 
2015-02-12T18:52:30, 2698.11805556, 0, 0, 0 
2015-02-12T18:57:30, 2701.18815331, 0, 0, 0 
2015-02-12T19:02:30, 2700.89583333, 0, 0, 0 
2015-02-12T19:07:30, 2700.3041958, 0, 0, 0 
2015-02-12T19:12:30, 2696.73776224, 0, 0, 0 
2015-02-12T19:17:30, 2695.36933798, 0, 0, 0 
2015-02-12T19:22:30, 2695.08480565, 0, 0, 0 
2015-02-12T19:27:30, 2695.15358362, 0, 0, 0 
2015-02-12T19:32:30, 2694.09722222, 0, 0, 0 
2015-02-12T19:37:30, 2694.52430556, 0, 0, 0 
2015-02-12T19:42:30, 2692.76896552, 0, 0, 0 
2015-02-12T19:47:30, 2693.10877193, 0, 0, 0 
2015-02-12T19:52:30, 2694.17985612, 0, 0, 0 
2015-02-12T19:57:30, 2693.03157895, 0, 0, 0 
2015-02-12T20:02:30, 2691.68345324, 0, 0, 0 
2015-02-12T20:07:30, 2690.46689895, 0, 0, 0 
2015-02-12T20:12:30, 2691.20905923, 0, 0, 0 
2015-02-12T20:17:30, 2691.68402778, 0, 0, 0 
2015-02-12T20:22:30, 2693.76491228, 0, 0, 0 
2015-02-12T20:27:30, 2693.18309859, 0, 0, 0 
2015-02-12T20:32:30, 2694.12455516, 0, 0, 0 
2015-02-12T20:37:30, 2696.54063604, 0, 0, 0 
2015-02-12T20:42:30, 2698.21724138, 0, 0, 0 
2015-02-12T20:47:30, 2698.54255319, 0, 0, 0 
2015-02-12T20:52:30, 2701.17090909, 0, 0, 0 
2015-02-12T20:57:30, 2700.0070922, 0, 0, 0 
2015-02-12T21:02:30, 2700.16961131, 0, 0, 0 
2015-02-12T21:07:30, 2698.68600683, 0, 0, 0 
2015-02-12T21:12:30, 2698.00682594, 0, 0, 0 
2015-02-12T21:17:30, 2697.92882562, 0, 0, 0 
2015-02-12T21:22:30, 2695.62758621, 0, 0, 0 
2015-02-12T21:27:30, 2691.68728522, 0, 0, 0 
2015-02-12T21:32:30, 2689.06382979, 0, 0, 0 
2015-02-12T21:37:30, 2689.62068966, 0, 0, 0 
2015-02-12T21:42:30, 2690.73333333, 0, 0, 0 
2015-02-12T21:47:30, 2691.5467128, 0, 0, 0 
2015-02-12T21:52:30, 2692.50526316, 0, 0, 0 
2015-02-12T21:57:30, 2692.37152778, 0, 0, 0 
2015-02-12T22:02:30, 2695.4567474, 0, 0, 0 
2015-02-12T22:07:30, 2697.25886525, 0, 0, 0 
2015-02-12T22:12:30, 2699.14186851, 0, 0, 0 
2015-02-12T22:17:30, 2701.68965517, 0, 0, 0 
2015-02-12T22:22:30, 2700.92808219, 0, 0, 0 
2015-02-12T22:27:30, 2700.31724138, 0, 0, 0 
2015-02-12T22:32:30, 2699.85, 0, 0, 0 
2015-02-12T22:37:30, 2701.35842294, 0, 0, 0 
2015-02-12T22:42:30, 2698.31468531, 0, 0, 0 
2015-02-12T22:47:30, 2700.62671233, 0, 0, 0 
2015-02-12T22:52:30, 2699.3105802, 0, 0, 0 
2015-02-12T22:57:30, 2697.63508772, 0, 0, 0 
2015-02-12T23:02:30, 2694.08450704, 0, 0, 0 
2015-02-12T23:07:30, 2693.61245675, 0, 0, 0 
2015-02-12T23:12:30, 2690.48096886, 0, 0, 0 
2015-02-12T23:17:30, 2692.08650519, 0, 0, 0 
2015-02-12T23:22:30, 2693.61371841, 0, 0, 0 
2015-02-12T23:27:30, 2694.25762712, 0, 0, 0 
2015-02-12T23:32:30, 2693.92605634, 0, 0, 0 
2015-02-12T23:37:30, 2696.19031142, 0, 0, 0 
2015-02-12T23:42:30, 2697.44947735, 0, 0, 0 
2015-02-12T23:47:30, 2701.30795848, 0, 0, 0 
2015-02-12T23:52:30, 2702.83561644, 0, 0, 0 
2015-02-12T23:57:30, 2703.70526316, 0, 0, 0 
2015-02-13T00:02:30, 2704.13793103, 0, 0, 0 
2015-02-13T00:07:30, 2703.10175439, 0, 0, 0 
2015-02-13T00:12:30, 2704.27777778, 0, 0, 0 
2015-02-13T00:17:30, 2701.83916084, 0, 0, 0 
2015-02-13T00:22:30, 2701.27112676, 0, 0, 0 
2015-02-13T00:27:30, 2701.84027778, 0, 0, 0 
2015-02-13T00:32:30, 2700.46453901, 0, 0, 0 
2015-02-13T00:37:30, 2699.76895307, 0, 0, 0 
2015-02-13T00:42:30, 2700.49300699, 0, 0, 0 
2015-02-13T00:47:30, 2696.58098592, 0, 0, 0 
2015-02-13T00:52:30, 2696.4567474, 0, 0, 0 
2015-02-13T00:57:30, 2694.08362369, 0, 0, 0 
2015-02-13T01:02:30, 2693.87279152, 0, 0, 0 
2015-02-13T01:07:30, 2692.6101083, 0, 0, 0 
2015-02-13T01:12:30, 2691.97902098, 0, 0, 0 
2015-02-13T01:17:30, 2693.2972028, 0, 0, 0 
2015-02-13T01:22:30, 2694.60283688, 0, 0, 0 
2015-02-13T01:27:30, 2697.66089965, 0, 0, 0 
2015-02-13T01:32:30, 2697.81560284, 0, 0, 0 
2015-02-13T01:37:30, 2697.6271777, 0, 0, 0 
2015-02-13T01:42:30, 2699.06228374, 0, 0, 0 
2015-02-13T01:47:30, 2699.13333333, 0, 0, 0 
2015-02-13T01:52:30, 2699.68085106, 0, 0, 0 
2015-02-13T01:57:30, 2699.25694444, 0, 0, 0 
2015-02-13T02:02:30, 2698.01041667, 0, 0, 0 
2015-02-13T02:07:30, 2698.54195804, 0, 0, 0 
2015-02-13T02:12:30, 2698.57291667, 0, 0, 0 
2015-02-13T02:17:30, 2700.08561644, 0, 0, 0 
2015-02-13T02:22:30, 2700.24390244, 0, 0, 0 
2015-02-13T02:27:30, 2699.31271478, 0, 0, 0 
2015-02-13T02:32:30, 2698.06185567, 0, 0, 0 
2015-02-13T02:37:30, 2695.20905923, 0, 0, 0 
2015-02-13T02:42:30, 2692.9556314, 0, 0, 0 
2015-02-13T02:47:30, 2692.8390411, 0, 0, 0 
2015-02-13T02:52:30, 2691.54513889, 0, 0, 0 
2015-02-13T02:57:30, 2691.37979094, 0, 0, 0 
2015-02-13T03:02:30, 2693.43859649, 0, 0, 0 
2015-02-13T03:07:30, 2694.35438596, 0, 0, 0 
2015-02-13T03:12:30, 2698.10714286, 0, 0, 0 
2015-02-13T03:17:30, 2699.69337979, 0, 0, 0 
2015-02-13T03:22:30, 2701.63286713, 0, 0, 0 
2015-02-13T03:27:30, 2701.10909091, 0, 0, 0 
2015-02-13T03:32:30, 2702.64685315, 0, 0, 0 
2015-02-13T03:37:30, 2701.28178694, 0, 0, 0 
2015-02-13T03:42:30, 2701.58965517, 0, 0, 0 
2015-02-13T03:47:30, 2702.83508772, 0, 0, 0 
2015-02-13T03:52:30, 2702.3639576, 0, 0, 0 
2015-02-13T03:57:30, 2701.61324042, 0, 0, 0 
2015-02-13T04:02:30, 2699.97569444, 0, 0, 0 
2015-02-13T04:07:30, 2696.4532872, 0, 0, 0 
2015-02-13T04:12:30, 2694.9965035, 0, 0, 0 
2015-02-13T04:17:30, 2693.13013699, 0, 0, 0 
2015-02-13T04:22:30, 2692.34027778, 0, 0, 0 
2015-02-13T04:27:30, 2696.03114187, 0, 0, 0 
2015-02-13T04:32:30, 2699.54982818, 0, 0, 0 
2015-02-13T04:37:30, 2701.26989619, 0, 0, 0 
2015-02-13T04:42:30, 2701.95847751, 0, 0, 0 
2015-02-13T04:47:30, 2704.23287671, 0, 0, 0 
2015-02-13T04:52:30, 2702.99647887, 0, 0, 0 
2015-02-13T04:57:30, 2701.61267606, 0, 0, 0 
2015-02-13T05:02:30, 2700.02447552, 0, 0, 0 
2015-02-13T05:07:30, 2697.10211268, 0, 0, 0 
2015-02-13T05:12:30, 2692.33216783, 0, 0, 0 
2015-02-13T05:17:30, 2691.95104895, 0, 0, 0 
2015-02-13T05:22:30, 2692.05734767, 0, 0, 0 
2015-02-13T05:27:30, 2691.95087719, 0, 0, 0 
2015-02-13T05:32:30, 2695.11888112, 0, 0, 0 
2015-02-13T05:37:30, 2700.48951049, 0, 0, 0 
2015-02-13T05:42:30, 2701.37192982, 0, 0, 0 
2015-02-13T05:47:30, 2700.17832168, 0, 0, 0 
2015-02-13T05:52:30, 2700.68881119, 0, 0, 0 
2015-02-13T05:57:30, 2700.68661972, 0, 0, 0 
2015-02-13T06:02:30, 2702.72260274, 0, 0, 0 
2015-02-13T06:07:30, 2702.27054795, 0, 0, 0 
2015-02-13T06:12:30, 2701.06944444, 0, 0, 0 
2015-02-13T06:17:30, 2701.29452055, 0, 0, 0 
2015-02-13T06:22:30, 2699.90344828, 0, 0, 0 
2015-02-13T06:27:30, 2698.8415493, 0, 0, 0 
2015-02-13T06:32:30, 2694.5034965, 0, 0, 0 
2015-02-13T06:37:30, 2693.39222615, 0, 0, 0 
2015-02-13T06:42:30, 2694.76678445, 0, 0, 0 
2015-02-13T06:47:30, 2698.70357143, 0, 0, 0 
2015-02-13T06:52:30, 2697.56944444, 0, 0, 0 
2015-02-13T06:57:30, 2699.60638298, 0, 0, 0 
2015-02-13T07:02:30, 2702.29136691, 0, 0, 0 
2015-02-13T07:07:30, 2705.07692308, 0, 0, 0 
2015-02-13T07:12:30, 2703.84859155, 0, 0, 0 
2015-02-13T07:17:30, 2705.5862069, 0, 0, 0 
2015-02-13T07:22:30, 2706.80645161, 0, 0, 0 
2015-02-13T07:27:30, 2703.66192171, 0, 0, 0 
2015-02-13T07:32:30, 2701.9965035, 0, 0, 0 
2015-02-13T07:37:30, 2698.78571429, 0, 0, 0 
2015-02-13T07:42:30, 2697.26573427, 0, 0, 0 
2015-02-13T07:47:30, 2696.40282686, 0, 0, 0 
2015-02-13T07:52:30, 2698.6996587, 0, 0, 0 
2015-02-13T07:57:30, 2696.11498258, 0, 0, 0 
2015-02-13T08:02:30, 2700.64768683, 0, 0, 0 
2015-02-13T08:07:30, 2700.35587189, 0, 0, 0 
2015-02-13T08:12:30, 2701.204947, 0, 0, 0 
2015-02-13T08:17:30, 2704.17808219, 0, 0, 0 
2015-02-13T08:22:30, 2703.91197183, 0, 0, 0 
2015-02-13T08:27:30, 2703.94463668, 0, 0, 0 
2015-02-13T08:32:30, 2704.61538462, 0, 0, 0 
2015-02-13T08:37:30, 2704.61538462, 0, 0, 0 
2015-02-13T08:42:30, 2704.61538462, 0, 0, 0 
2015-02-13T08:47:30, 2704.61538462, 0, 0, 0 
2015-02-13T08:52:30, 2704.61538462, 0, 0, 0 
2015-02-13T08:57:30, 2704.61538462, 0, 0, 0 
2015-02-13T09:02:30, 2704.61538462, 0, 0, 0 
2015-02-13T09:07:30, 2704.61538462, 0, 0, 0 
2015-02-13T09:12:30, 2704.61538462, 0, 0, 0 
2015-02-13T09:17:30, 2704.61538462, 0, 0, 0 
2015-02-13T09:22:30, 2704.61538462, 0, 0, 0 
2015-02-13T09:27:30, 2704.61538462, 0, 0, 0 
2015-02-13T09:32:30, 2704.61538462, 0, 0, 0 
2015-02-13T09:37:30, 2704.61538462, 0, 0, 0 
2015-02-13T09:42:30, 2704.61538462, 0, 0, 0 
2015-02-13T09:47:30, 2704.61538462, 0, 0, 0 
2015-02-13T09:52:30, 2704.61538462, 0, 0, 0 
2015-02-13T09:57:30, 2704.61538462, 0, 0, 0 
2015-02-13T10:02:30, 2704.61538462, 0, 0, 0 
2015-02-13T10:07:30, 2704.61538462, 0, 0, 0 
2015-02-13T10:12:30, 2704.61538462, 0, 0, 0 
2015-02-13T10:17:30, 2704.61538462, 0, 0, 0 
2015-02-13T10:22:30, 2704.61538462, 0, 0, 0 
2015-02-13T10:27:30, 2704.61538462, 0, 0, 0 
2015-02-13T10:32:30, 2704.61538462, 0, 0, 0 
2015-02-13T10:37:30, 2704.61538462, 0, 0, 0 
2015-02-13T10:42:30, 2704.61538462, 0, 0, 0 
2015-02-13T10:47:30, 2704.5, 0, 0, 0 
2015-02-13T10:52:30, 2701.85862069, 0, 0, 0 
2015-02-13T10:57:30, 2700.31929825, 0, 0, 0 
2015-02-13T11:02:30, 2699.23741007, 0, 0, 0 
2015-02-13T11:07:30, 2696.30526316, 0, 0, 0 
2015-02-13T11:12:30, 2696.13986014, 0, 0, 0 
2015-02-13T11:17:30, 2698.82986111, 0, 0, 0 
2015-02-13T11:22:30, 2699.79930796, 0, 0, 0 
2015-02-13T11:27:30, 2700.52595156, 0, 0, 0 
2015-02-13T11:32:30, 2701.10996564, 0, 0, 0 
2015-02-13T11:37:30, 2702.00687285, 0, 0, 0 
2015-02-13T11:42:30, 2703.84172662, 0, 0, 0 
2015-02-13T11:47:30, 2703.73381295, 0, 0, 0 
2015-02-13T11:52:30, 2702.71768707, 0, 0, 0 
2015-02-13T11:57:30, 2701.96309963, 0, 0, 0 
2015-02-13T12:02:30, 2703.25088339, 0, 0, 0 
2015-02-13T12:07:30, 2704.11034483, 0, 0, 0 
2015-02-13T12:12:30, 2701.56028369, 0, 0, 0 
2015-02-13T12:17:30, 2701.32, 0, 0, 0 
2015-02-13T12:22:30, 2700.86071429, 0, 0, 0 
2015-02-13T12:27:30, 2700.06007067, 0, 0, 0 
2015-02-13T12:32:30, 2700.58657244, 0, 0, 0 
2015-02-13T12:37:30, 2700.30208333, 0, 0, 0 
2015-02-13T12:42:30, 2699.22648084, 0, 0, 0 
2015-02-13T12:47:30, 2700.79584775, 0, 0, 0 
2015-02-13T12:52:30, 2702.5631769, 0, 0, 0 
2015-02-13T12:57:30, 2703.87943262, 0, 0, 0 
2015-02-13T13:02:30, 2707.09722222, 0, 0, 0 
2015-02-13T13:07:30, 2708.29824561, 0, 0, 0 
2015-02-13T13:12:30, 2709.39792388, 0, 0, 0 
2015-02-13T13:17:30, 2709.3006993, 0, 0, 0 
2015-02-13T13:22:30, 2712.23426573, 0, 0, 0 
2015-02-13T13:27:30, 2711.02389078, 0, 0, 0 
2015-02-13T13:32:30, 2709.84827586, 0, 0, 0 
2015-02-13T13:37:30, 2710.16428571, 0, 0, 0 
2015-02-13T13:42:30, 2706.95876289, 0, 0, 0 
2015-02-13T13:47:30, 2703.91071429, 0, 0, 0 
2015-02-13T13:52:30, 2699.87543253, 0, 0, 0 
2015-02-13T13:57:30, 2697.9893617, 0, 0, 0 
2015-02-13T14:02:30, 2696.26315789, 0, 0, 0 
2015-02-13T14:07:30, 2696.26666667, 0, 0, 0 
2015-02-13T14:12:30, 2696.61209964, 0, 0, 0 
2015-02-13T14:17:30, 2699.08571429, 0, 0, 0 
2015-02-13T14:22:30, 2699.74035088, 0, 0, 0 
2015-02-13T14:27:30, 2696.59233449, 0, 0, 0 
2015-02-13T14:32:30, 2696.28919861, 0, 0, 0 
2015-02-13T14:37:30, 2700.04240283, 0, 0, 0 
2015-02-13T14:42:30, 2700.47552448, 0, 0, 0 
2015-02-13T14:47:30, 2702.27240143, 0, 0, 0 
2015-02-13T14:52:30, 2700.6, 0, 0, 0 
2015-02-13T14:57:30, 2698.95620438, 0, 0, 0 
2015-02-13T15:02:30, 2699.51428571, 0, 0, 0 
2015-02-13T15:07:30, 2698.80782918, 0, 0, 0 
2015-02-13T15:12:30, 2699.40418118, 0, 0, 0 
2015-02-13T15:17:30, 2701.07246377, 0, 0, 0 
2015-02-13T15:22:30, 2704.52919708, 0, 0, 0 
2015-02-13T15:27:30, 2687.73591549, 0, 0, 0 
2015-02-13T15:32:30, 2587.87777778, 0, 0, 0 
2015-02-13T15:37:30, 2512.80344828, 0, 0, 0 
2015-02-13T15:42:30, 2469.9047619, 0, 0, 0 
2015-02-13T15:47:30, 2462.41696113, 0, 0, 0 
2015-02-13T15:52:30, 2462.33088235, 0, 0, 0 
2015-02-13T15:57:30, 2391.63537906, 0, 0, 0 
2015-02-13T16:02:30, 2340.099631, 0, 0, 0 
2015-02-13T16:07:30, 2309.21138211, 0, 0, 0 
2015-02-13T16:12:30, 2278.06696429, 0, 0, 0 
2015-02-13T16:17:30, 2246.32751092, 0, 0, 0 
2015-02-13T16:22:30, 2214.68584071, 0, 0, 0 
2015-02-13T16:27:30, 2184.47596154, 0, 0, 0 
2015-02-13T16:32:30, 2152.31050228, 0, 0, 0 
2015-02-13T16:37:30, 2126.15789474, 0, 0, 0 
2015-02-13T16:42:30, 2090.71287129, 0, 0, 0 
2015-02-13T16:47:30, 2072.5, 0, 0, 0 
