# 
# Filename    : /tmp/rfq_tt_h03_ai_in.txt
# PV name     : RFQ:TT:H03:AI_IN
# From        : 2015-02-06T16:45:01.158839
# To          : 2015-02-13T16:45:01.158839
# queryString : ?pv=mean_300(RFQ:TT:H03:AI_IN)&from=2015-02-06T16%3A45%3A01.158839%2B09%3A00&to=2015-02-13T16%3A45%3A01.158839%2B09%3A00
# hostname    : munjipc0
# host IP     : 127.0.1.1
# 
# time, val, nanos, status, severity
2015-02-06T16:47:30, 243.491803279, 0, 0, 0 
2015-02-06T16:52:30, 243.5, 0, 0, 0 
2015-02-06T16:57:30, 242.492307692, 0, 0, 0 
2015-02-06T17:02:30, 241.5, 0, 0, 0 
2015-02-06T17:07:30, 241.473684211, 0, 0, 0 
2015-02-06T17:12:30, 240.490566038, 0, 0, 0 
2015-02-06T17:17:30, 239.491525424, 0, 0, 0 
2015-02-06T17:22:30, 238.5, 0, 0, 0 
2015-02-06T17:27:30, 238.333333333, 0, 0, 0 
2015-02-06T17:32:30, 237.490909091, 0, 0, 0 
2015-02-06T17:37:30, 236.5, 0, 0, 0 
2015-02-06T17:42:30, 236.090909091, 0, 0, 0 
2015-02-06T17:47:30, 235.492537313, 0, 0, 0 
2015-02-06T17:52:30, 234.493333333, 0, 0, 0 
2015-02-06T17:57:30, 233.5, 0, 0, 0 
2015-02-06T18:02:30, 233.489795918, 0, 0, 0 
2015-02-06T18:07:30, 232.492307692, 0, 0, 0 
2015-02-06T18:12:30, 231.5, 0, 0, 0 
2015-02-06T18:17:30, 231.491525424, 0, 0, 0 
2015-02-06T18:22:30, 230.492307692, 0, 0, 0 
2015-02-06T18:27:30, 230.5, 0, 0, 0 
2015-02-06T18:32:30, 229.492957746, 0, 0, 0 
2015-02-06T18:37:30, 228.5, 0, 0, 0 
2015-02-06T18:42:30, 228.481481481, 0, 0, 0 
2015-02-06T18:47:30, 227.492957746, 0, 0, 0 
2015-02-06T18:52:30, 226.5, 0, 0, 0 
2015-02-06T18:57:30, 226.490909091, 0, 0, 0 
2015-02-06T19:02:30, 225.490196078, 0, 0, 0 
2015-02-06T19:07:30, 225.25, 0, 0, 0 
2015-02-06T19:12:30, 224.493150685, 0, 0, 0 
2015-02-06T19:17:30, 223.5, 0, 0, 0 
2015-02-06T19:22:30, 223.481481481, 0, 0, 0 
2015-02-06T19:27:30, 222.490909091, 0, 0, 0 
2015-02-06T19:32:30, 221.0, 0, 0, 0 
2015-02-06T19:37:30, 221.5, 0, 0, 0 
2015-02-06T19:42:30, 220.486486486, 0, 0, 0 
2015-02-06T19:47:30, 220.5, 0, 0, 0 
2015-02-06T19:52:30, 219.494252874, 0, 0, 0 
2015-02-06T19:57:30, 218.5, 0, 0, 0 
2015-02-06T20:02:30, 218.49382716, 0, 0, 0 
2015-02-06T20:07:30, 217.5, 0, 0, 0 
2015-02-06T20:12:30, 217.492063492, 0, 0, 0 
2015-02-06T20:17:30, 216.5, 0, 0, 0 
2015-02-06T20:22:30, 216.47826087, 0, 0, 0 
2015-02-06T20:27:30, 215.493670886, 0, 0, 0 
2015-02-06T20:32:30, 215.5, 0, 0, 0 
2015-02-06T20:37:30, 214.493333333, 0, 0, 0 
2015-02-06T20:42:30, 213.0, 0, 0, 0 
2015-02-06T20:47:30, 213.5, 0, 0, 0 
2015-02-06T20:52:30, 212.5, 0, 0, 0 
2015-02-06T20:57:30, 212.494252874, 0, 0, 0 
2015-02-06T21:02:30, 211.5, 0, 0, 0 
2015-02-06T21:07:30, 211.492957746, 0, 0, 0 
2015-02-06T21:12:30, 210.461538462, 0, 0, 0 
2015-02-06T21:17:30, 210.5, 0, 0, 0 
2015-02-06T21:22:30, 209.5, 0, 0, 0 
2015-02-06T21:27:30, 209.492957746, 0, 0, 0 
2015-02-06T21:32:30, 208.5, 0, 0, 0 
2015-02-06T21:37:30, 208.494117647, 0, 0, 0 
2015-02-06T21:42:30, 207.5, 0, 0, 0 
2015-02-06T21:47:30, 207.492307692, 0, 0, 0 
2015-02-06T21:52:30, 206.454545455, 0, 0, 0 
2015-02-06T21:57:30, 206.5, 0, 0, 0 
2015-02-06T22:02:30, 205.5, 0, 0, 0 
2015-02-06T22:07:30, 205.493333333, 0, 0, 0 
2015-02-06T22:12:30, 204.5, 0, 0, 0 
2015-02-06T22:17:30, 204.494623656, 0, 0, 0 
2015-02-06T22:22:30, 204.494623656, 0, 0, 0 
2015-02-06T22:27:30, 203.493670886, 0, 0, 0 
2015-02-06T22:32:30, 203.493670886, 0, 0, 0 
2015-02-06T22:37:30, 202.494505495, 0, 0, 0 
2015-02-06T22:42:30, 202.5, 0, 0, 0 
2015-02-06T22:47:30, 201.5, 0, 0, 0 
2015-02-06T22:52:30, 201.491525424, 0, 0, 0 
2015-02-06T22:57:30, 200.5, 0, 0, 0 
2015-02-06T23:02:30, 200.495049505, 0, 0, 0 
2015-02-06T23:07:30, 200.495049505, 0, 0, 0 
2015-02-06T23:12:30, 199.494736842, 0, 0, 0 
2015-02-06T23:17:30, 199.5, 0, 0, 0 
2015-02-06T23:22:30, 198.494382022, 0, 0, 0 
2015-02-06T23:27:30, 198.5, 0, 0, 0 
2015-02-06T23:32:30, 197.493150685, 0, 0, 0 
2015-02-06T23:37:30, 197.5, 0, 0, 0 
2015-02-06T23:42:30, 196.483870968, 0, 0, 0 
2015-02-06T23:47:30, 196.5, 0, 0, 0 
2015-02-06T23:52:30, 196.5, 0, 0, 0 
2015-02-06T23:57:30, 195.495238095, 0, 0, 0 
2015-02-07T00:02:30, 195.5, 0, 0, 0 
2015-02-07T00:07:30, 194.5, 0, 0, 0 
2015-02-07T00:12:30, 194.494382022, 0, 0, 0 
2015-02-07T00:17:30, 194.494382022, 0, 0, 0 
2015-02-07T00:22:30, 193.5, 0, 0, 0 
2015-02-07T00:27:30, 193.485714286, 0, 0, 0 
2015-02-07T00:32:30, 193.485714286, 0, 0, 0 
2015-02-07T00:37:30, 192.495412844, 0, 0, 0 
2015-02-07T00:42:30, 192.5, 0, 0, 0 
2015-02-07T00:47:30, 191.482758621, 0, 0, 0 
2015-02-07T00:52:30, 191.5, 0, 0, 0 
2015-02-07T00:57:30, 191.5, 0, 0, 0 
2015-02-07T01:02:30, 190.493670886, 0, 0, 0 
2015-02-07T01:07:30, 190.5, 0, 0, 0 
2015-02-07T01:12:30, 190.5, 0, 0, 0 
2015-02-07T01:17:30, 189.495798319, 0, 0, 0 
2015-02-07T01:22:30, 189.495798319, 0, 0, 0 
2015-02-07T01:27:30, 188.5, 0, 0, 0 
2015-02-07T01:32:30, 188.496240602, 0, 0, 0 
2015-02-07T01:37:30, 188.496240602, 0, 0, 0 
2015-02-07T01:42:30, 187.5, 0, 0, 0 
2015-02-07T01:47:30, 187.494845361, 0, 0, 0 
2015-02-07T01:52:30, 187.494845361, 0, 0, 0 
2015-02-07T01:57:30, 186.483870968, 0, 0, 0 
2015-02-07T02:02:30, 186.5, 0, 0, 0 
2015-02-07T02:07:30, 186.5, 0, 0, 0 
2015-02-07T02:12:30, 185.5, 0, 0, 0 
2015-02-07T02:17:30, 185.495652174, 0, 0, 0 
2015-02-07T02:22:30, 185.495652174, 0, 0, 0 
2015-02-07T02:27:30, 184.5, 0, 0, 0 
2015-02-07T02:32:30, 184.496062992, 0, 0, 0 
2015-02-07T02:37:30, 184.5, 0, 0, 0 
2015-02-07T02:42:30, 183.5, 0, 0, 0 
2015-02-07T02:47:30, 183.495867769, 0, 0, 0 
2015-02-07T02:52:30, 183.495867769, 0, 0, 0 
2015-02-07T02:57:30, 182.5, 0, 0, 0 
2015-02-07T03:02:30, 182.495495495, 0, 0, 0 
2015-02-07T03:07:30, 182.495495495, 0, 0, 0 
2015-02-07T03:12:30, 181.5, 0, 0, 0 
2015-02-07T03:17:30, 181.495867769, 0, 0, 0 
2015-02-07T03:22:30, 181.5, 0, 0, 0 
2015-02-07T03:27:30, 181.5, 0, 0, 0 
2015-02-07T03:32:30, 180.5, 0, 0, 0 
2015-02-07T03:37:30, 180.495145631, 0, 0, 0 
2015-02-07T03:42:30, 180.495145631, 0, 0, 0 
2015-02-07T03:47:30, 180.495145631, 0, 0, 0 
2015-02-07T03:52:30, 179.494949495, 0, 0, 0 
2015-02-07T03:57:30, 179.5, 0, 0, 0 
2015-02-07T04:02:30, 179.5, 0, 0, 0 
2015-02-07T04:07:30, 178.5, 0, 0, 0 
2015-02-07T04:12:30, 178.495575221, 0, 0, 0 
2015-02-07T04:17:30, 178.5, 0, 0, 0 
2015-02-07T04:22:30, 177.5, 0, 0, 0 
2015-02-07T04:27:30, 177.496503497, 0, 0, 0 
2015-02-07T04:32:30, 177.5, 0, 0, 0 
2015-02-07T04:37:30, 177.5, 0, 0, 0 
2015-02-07T04:42:30, 177.5, 0, 0, 0 
2015-02-07T04:47:30, 176.5, 0, 0, 0 
2015-02-07T04:52:30, 176.486486486, 0, 0, 0 
2015-02-07T04:57:30, 176.486486486, 0, 0, 0 
2015-02-07T05:02:30, 176.486486486, 0, 0, 0 
2015-02-07T05:07:30, 175.496350365, 0, 0, 0 
2015-02-07T05:12:30, 175.5, 0, 0, 0 
2015-02-07T05:17:30, 175.5, 0, 0, 0 
2015-02-07T05:22:30, 174.5, 0, 0, 0 
2015-02-07T05:27:30, 174.496855346, 0, 0, 0 
2015-02-07T05:32:30, 174.5, 0, 0, 0 
2015-02-07T05:37:30, 174.5, 0, 0, 0 
2015-02-07T05:42:30, 174.5, 0, 0, 0 
2015-02-07T05:47:30, 173.5, 0, 0, 0 
2015-02-07T05:52:30, 173.495934959, 0, 0, 0 
2015-02-07T05:57:30, 173.5, 0, 0, 0 
2015-02-07T06:02:30, 173.5, 0, 0, 0 
2015-02-07T06:07:30, 172.5, 0, 0, 0 
2015-02-07T06:12:30, 172.5, 0, 0, 0 
2015-02-07T06:17:30, 172.494505495, 0, 0, 0 
2015-02-07T06:22:30, 172.494505495, 0, 0, 0 
2015-02-07T06:27:30, 172.494505495, 0, 0, 0 
2015-02-07T06:32:30, 171.473684211, 0, 0, 0 
2015-02-07T06:37:30, 171.5, 0, 0, 0 
2015-02-07T06:42:30, 171.5, 0, 0, 0 
2015-02-07T06:47:30, 171.5, 0, 0, 0 
2015-02-07T06:52:30, 170.5, 0, 0, 0 
2015-02-07T06:57:30, 170.5, 0, 0, 0 
2015-02-07T07:02:30, 170.493975904, 0, 0, 0 
2015-02-07T07:07:30, 170.493975904, 0, 0, 0 
2015-02-07T07:12:30, 170.493975904, 0, 0, 0 
2015-02-07T07:17:30, 169.444444444, 0, 0, 0 
2015-02-07T07:22:30, 169.503401361, 0, 0, 0 
2015-02-07T07:27:30, 169.496124031, 0, 0, 0 
2015-02-07T07:32:30, 169.5, 0, 0, 0 
2015-02-07T07:37:30, 169.5, 0, 0, 0 
2015-02-07T07:42:30, 168.5, 0, 0, 0 
2015-02-07T07:47:30, 168.494949495, 0, 0, 0 
2015-02-07T07:52:30, 168.5, 0, 0, 0 
2015-02-07T07:57:30, 168.5, 0, 0, 0 
2015-02-07T08:02:30, 168.5, 0, 0, 0 
2015-02-07T08:07:30, 167.5, 0, 0, 0 
2015-02-07T08:12:30, 167.5, 0, 0, 0 
2015-02-07T08:17:30, 167.496688742, 0, 0, 0 
2015-02-07T08:22:30, 167.5, 0, 0, 0 
2015-02-07T08:27:30, 167.5, 0, 0, 0 
2015-02-07T08:32:30, 167.5, 0, 0, 0 
2015-02-07T08:37:30, 166.5, 0, 0, 0 
2015-02-07T08:42:30, 166.5, 0, 0, 0 
2015-02-07T08:47:30, 166.496774194, 0, 0, 0 
2015-02-07T08:52:30, 166.511111111, 0, 0, 0 
2015-02-07T08:57:30, 166.428571429, 0, 0, 0 
2015-02-07T09:02:30, 166.428571429, 0, 0, 0 
2015-02-07T09:07:30, 166.428571429, 0, 0, 0 
2015-02-07T09:12:30, 166.428571429, 0, 0, 0 
2015-02-07T09:17:30, 165.5, 0, 0, 0 
2015-02-07T09:22:30, 165.5, 0, 0, 0 
2015-02-07T09:27:30, 165.492753623, 0, 0, 0 
2015-02-07T09:32:30, 165.506329114, 0, 0, 0 
2015-02-07T09:37:30, 165.496503497, 0, 0, 0 
2015-02-07T09:42:30, 165.503067485, 0, 0, 0 
2015-02-07T09:47:30, 165.494949495, 0, 0, 0 
2015-02-07T09:52:30, 165.5, 0, 0, 0 
2015-02-07T09:57:30, 165.5, 0, 0, 0 
2015-02-07T10:02:30, 165.5, 0, 0, 0 
2015-02-07T10:07:30, 165.5, 0, 0, 0 
2015-02-07T10:12:30, 165.5, 0, 0, 0 
2015-02-07T10:17:30, 165.5, 0, 0, 0 
2015-02-07T10:22:30, 165.5, 0, 0, 0 
2015-02-07T10:27:30, 165.5, 0, 0, 0 
2015-02-07T10:32:30, 165.5, 0, 0, 0 
2015-02-07T10:37:30, 165.5, 0, 0, 0 
2015-02-07T10:42:30, 165.5, 0, 0, 0 
2015-02-07T10:47:30, 165.5, 0, 0, 0 
2015-02-07T10:52:30, 165.5, 0, 0, 0 
2015-02-07T10:57:30, 165.5, 0, 0, 0 
2015-02-07T11:02:30, 165.5, 0, 0, 0 
2015-02-07T11:07:30, 165.5, 0, 0, 0 
2015-02-07T11:12:30, 165.5, 0, 0, 0 
2015-02-07T11:17:30, 165.5, 0, 0, 0 
2015-02-07T11:22:30, 165.5, 0, 0, 0 
2015-02-07T11:27:30, 165.5, 0, 0, 0 
2015-02-07T11:32:30, 165.5, 0, 0, 0 
2015-02-07T11:37:30, 165.5, 0, 0, 0 
2015-02-07T11:42:30, 165.5, 0, 0, 0 
2015-02-07T11:47:30, 165.5, 0, 0, 0 
2015-02-07T11:52:30, 165.5, 0, 0, 0 
2015-02-07T11:57:30, 165.5, 0, 0, 0 
2015-02-07T12:02:30, 165.5, 0, 0, 0 
2015-02-07T12:07:30, 165.5, 0, 0, 0 
2015-02-07T12:12:30, 165.5, 0, 0, 0 
2015-02-07T12:17:30, 165.502762431, 0, 0, 0 
2015-02-07T12:22:30, 165.5, 0, 0, 0 
2015-02-07T12:27:30, 165.5, 0, 0, 0 
2015-02-07T12:32:30, 165.5, 0, 0, 0 
2015-02-07T12:37:30, 165.5, 0, 0, 0 
2015-02-07T12:42:30, 165.5, 0, 0, 0 
2015-02-07T12:47:30, 165.5, 0, 0, 0 
2015-02-07T12:52:30, 165.5, 0, 0, 0 
2015-02-07T12:57:30, 165.5, 0, 0, 0 
2015-02-07T13:02:30, 166.5, 0, 0, 0 
2015-02-07T13:07:30, 166.5, 0, 0, 0 
2015-02-07T13:12:30, 166.5, 0, 0, 0 
2015-02-07T13:17:30, 166.5, 0, 0, 0 
2015-02-07T13:22:30, 166.502890173, 0, 0, 0 
2015-02-07T13:27:30, 166.5, 0, 0, 0 
2015-02-07T13:32:30, 166.5, 0, 0, 0 
2015-02-07T13:37:30, 166.5, 0, 0, 0 
2015-02-07T13:42:30, 166.5, 0, 0, 0 
2015-02-07T13:47:30, 166.5, 0, 0, 0 
2015-02-07T13:52:30, 166.5, 0, 0, 0 
2015-02-07T13:57:30, 166.5, 0, 0, 0 
2015-02-07T14:02:30, 166.5, 0, 0, 0 
2015-02-07T14:07:30, 167.5, 0, 0, 0 
2015-02-07T14:12:30, 167.505376344, 0, 0, 0 
2015-02-07T14:17:30, 167.497109827, 0, 0, 0 
2015-02-07T14:22:30, 167.5, 0, 0, 0 
2015-02-07T14:27:30, 167.506849315, 0, 0, 0 
2015-02-07T14:32:30, 167.5, 0, 0, 0 
2015-02-07T14:37:30, 167.5, 0, 0, 0 
2015-02-07T14:42:30, 167.5, 0, 0, 0 
2015-02-07T14:47:30, 167.5, 0, 0, 0 
2015-02-07T14:52:30, 167.5, 0, 0, 0 
2015-02-07T14:57:30, 168.5, 0, 0, 0 
2015-02-07T15:02:30, 168.515151515, 0, 0, 0 
2015-02-07T15:07:30, 168.5, 0, 0, 0 
2015-02-07T15:12:30, 168.5, 0, 0, 0 
2015-02-07T15:17:30, 168.496598639, 0, 0, 0 
2015-02-07T15:22:30, 168.510638298, 0, 0, 0 
2015-02-07T15:27:30, 168.5, 0, 0, 0 
2015-02-07T15:32:30, 168.5, 0, 0, 0 
2015-02-07T15:37:30, 168.5, 0, 0, 0 
2015-02-07T15:42:30, 168.5, 0, 0, 0 
2015-02-07T15:47:30, 168.5, 0, 0, 0 
2015-02-07T15:52:30, 169.5, 0, 0, 0 
2015-02-07T15:57:30, 169.5, 0, 0, 0 
2015-02-07T16:02:30, 169.503546099, 0, 0, 0 
2015-02-07T16:07:30, 169.497142857, 0, 0, 0 
2015-02-07T16:12:30, 169.504, 0, 0, 0 
2015-02-07T16:17:30, 169.5, 0, 0, 0 
2015-02-07T16:22:30, 169.5, 0, 0, 0 
2015-02-07T16:27:30, 169.5, 0, 0, 0 
2015-02-07T16:32:30, 169.5, 0, 0, 0 
2015-02-07T16:37:30, 169.5, 0, 0, 0 
2015-02-07T16:42:30, 169.5, 0, 0, 0 
2015-02-07T16:47:30, 170.5, 0, 0, 0 
2015-02-07T16:52:30, 170.5, 0, 0, 0 
2015-02-07T16:57:30, 170.5, 0, 0, 0 
2015-02-07T17:02:30, 170.50273224, 0, 0, 0 
2015-02-07T17:07:30, 170.5, 0, 0, 0 
2015-02-07T17:12:30, 170.495575221, 0, 0, 0 
2015-02-07T17:17:30, 170.509090909, 0, 0, 0 
2015-02-07T17:22:30, 170.5, 0, 0, 0 
2015-02-07T17:27:30, 170.5, 0, 0, 0 
2015-02-07T17:32:30, 170.5, 0, 0, 0 
2015-02-07T17:37:30, 170.5, 0, 0, 0 
2015-02-07T17:42:30, 170.5, 0, 0, 0 
2015-02-07T17:47:30, 170.5, 0, 0, 0 
2015-02-07T17:52:30, 170.5, 0, 0, 0 
2015-02-07T17:57:30, 170.5, 0, 0, 0 
2015-02-07T18:02:30, 170.5, 0, 0, 0 
2015-02-07T18:07:30, 170.5, 0, 0, 0 
2015-02-07T18:12:30, 171.5, 0, 0, 0 
2015-02-07T18:17:30, 171.5, 0, 0, 0 
2015-02-07T18:22:30, 171.5, 0, 0, 0 
2015-02-07T18:27:30, 171.5, 0, 0, 0 
2015-02-07T18:32:30, 171.5, 0, 0, 0 
2015-02-07T18:37:30, 171.5, 0, 0, 0 
2015-02-07T18:42:30, 171.5, 0, 0, 0 
2015-02-07T18:47:30, 171.502645503, 0, 0, 0 
2015-02-07T18:52:30, 171.5, 0, 0, 0 
2015-02-07T18:57:30, 171.5, 0, 0, 0 
2015-02-07T19:02:30, 171.495934959, 0, 0, 0 
2015-02-07T19:07:30, 171.505154639, 0, 0, 0 
2015-02-07T19:12:30, 171.5, 0, 0, 0 
2015-02-07T19:17:30, 171.5, 0, 0, 0 
2015-02-07T19:22:30, 171.5, 0, 0, 0 
2015-02-07T19:27:30, 171.496688742, 0, 0, 0 
2015-02-07T19:32:30, 171.503067485, 0, 0, 0 
2015-02-07T19:37:30, 171.49689441, 0, 0, 0 
2015-02-07T19:42:30, 171.502793296, 0, 0, 0 
2015-02-07T19:47:30, 171.497175141, 0, 0, 0 
2015-02-07T19:52:30, 171.503030303, 0, 0, 0 
2015-02-07T19:57:30, 171.5, 0, 0, 0 
2015-02-07T20:02:30, 171.496402878, 0, 0, 0 
2015-02-07T20:07:30, 171.5, 0, 0, 0 
2015-02-07T20:12:30, 171.5, 0, 0, 0 
2015-02-07T20:17:30, 171.5, 0, 0, 0 
2015-02-07T20:22:30, 171.5, 0, 0, 0 
2015-02-07T20:27:30, 171.5, 0, 0, 0 
2015-02-07T20:32:30, 171.5, 0, 0, 0 
2015-02-07T20:37:30, 171.5, 0, 0, 0 
2015-02-07T20:42:30, 171.5, 0, 0, 0 
2015-02-07T20:47:30, 171.5, 0, 0, 0 
2015-02-07T20:52:30, 171.5, 0, 0, 0 
2015-02-07T20:57:30, 171.5, 0, 0, 0 
2015-02-07T21:02:30, 171.5, 0, 0, 0 
2015-02-07T21:07:30, 171.5, 0, 0, 0 
2015-02-07T21:12:30, 171.5, 0, 0, 0 
2015-02-07T21:17:30, 171.5, 0, 0, 0 
2015-02-07T21:22:30, 171.5, 0, 0, 0 
2015-02-07T21:27:30, 171.5, 0, 0, 0 
2015-02-07T21:32:30, 171.5, 0, 0, 0 
2015-02-07T21:37:30, 170.5, 0, 0, 0 
2015-02-07T21:42:30, 170.5, 0, 0, 0 
2015-02-07T21:47:30, 170.5, 0, 0, 0 
2015-02-07T21:52:30, 170.5, 0, 0, 0 
2015-02-07T21:57:30, 170.5, 0, 0, 0 
2015-02-07T22:02:30, 170.496183206, 0, 0, 0 
2015-02-07T22:07:30, 170.5, 0, 0, 0 
2015-02-07T22:12:30, 170.502923977, 0, 0, 0 
2015-02-07T22:17:30, 170.496732026, 0, 0, 0 
2015-02-07T22:22:30, 170.5, 0, 0, 0 
2015-02-07T22:27:30, 170.5, 0, 0, 0 
2015-02-07T22:32:30, 170.5, 0, 0, 0 
2015-02-07T22:37:30, 170.5, 0, 0, 0 
2015-02-07T22:42:30, 170.5, 0, 0, 0 
2015-02-07T22:47:30, 170.5, 0, 0, 0 
2015-02-07T22:52:30, 170.5, 0, 0, 0 
2015-02-07T22:57:30, 170.5, 0, 0, 0 
2015-02-07T23:02:30, 170.5, 0, 0, 0 
2015-02-07T23:07:30, 170.5, 0, 0, 0 
2015-02-07T23:12:30, 170.5, 0, 0, 0 
2015-02-07T23:17:30, 170.5, 0, 0, 0 
2015-02-07T23:22:30, 170.5, 0, 0, 0 
2015-02-07T23:27:30, 170.5, 0, 0, 0 
2015-02-07T23:32:30, 170.5, 0, 0, 0 
2015-02-07T23:37:30, 170.5, 0, 0, 0 
2015-02-07T23:42:30, 170.5, 0, 0, 0 
2015-02-07T23:47:30, 170.5, 0, 0, 0 
2015-02-07T23:52:30, 170.5, 0, 0, 0 
2015-02-07T23:57:30, 170.5, 0, 0, 0 
2015-02-08T00:02:30, 170.5, 0, 0, 0 
2015-02-08T00:07:30, 170.5, 0, 0, 0 
2015-02-08T00:12:30, 170.5, 0, 0, 0 
2015-02-08T00:17:30, 170.5, 0, 0, 0 
2015-02-08T00:22:30, 170.5, 0, 0, 0 
2015-02-08T00:27:30, 170.5, 0, 0, 0 
2015-02-08T00:32:30, 170.5, 0, 0, 0 
2015-02-08T00:37:30, 170.5, 0, 0, 0 
2015-02-08T00:42:30, 170.5, 0, 0, 0 
2015-02-08T00:47:30, 170.5, 0, 0, 0 
2015-02-08T00:52:30, 170.5, 0, 0, 0 
2015-02-08T00:57:30, 170.5, 0, 0, 0 
2015-02-08T01:02:30, 170.5, 0, 0, 0 
2015-02-08T01:07:30, 170.5, 0, 0, 0 
2015-02-08T01:12:30, 170.5, 0, 0, 0 
2015-02-08T01:17:30, 170.5, 0, 0, 0 
2015-02-08T01:22:30, 170.5, 0, 0, 0 
2015-02-08T01:27:30, 170.5, 0, 0, 0 
2015-02-08T01:32:30, 170.5, 0, 0, 0 
2015-02-08T01:37:30, 170.5, 0, 0, 0 
2015-02-08T01:42:30, 170.5, 0, 0, 0 
2015-02-08T01:47:30, 170.5, 0, 0, 0 
2015-02-08T01:52:30, 170.5, 0, 0, 0 
2015-02-08T01:57:30, 169.5, 0, 0, 0 
2015-02-08T02:02:30, 169.5, 0, 0, 0 
2015-02-08T02:07:30, 169.5, 0, 0, 0 
2015-02-08T02:12:30, 169.5, 0, 0, 0 
2015-02-08T02:17:30, 169.5, 0, 0, 0 
2015-02-08T02:22:30, 169.5, 0, 0, 0 
2015-02-08T02:27:30, 169.5, 0, 0, 0 
2015-02-08T02:32:30, 169.496598639, 0, 0, 0 
2015-02-08T02:37:30, 169.502793296, 0, 0, 0 
2015-02-08T02:42:30, 169.496774194, 0, 0, 0 
2015-02-08T02:47:30, 169.5, 0, 0, 0 
2015-02-08T02:52:30, 169.5, 0, 0, 0 
2015-02-08T02:57:30, 169.5, 0, 0, 0 
2015-02-08T03:02:30, 169.5, 0, 0, 0 
2015-02-08T03:07:30, 169.5, 0, 0, 0 
2015-02-08T03:12:30, 169.5, 0, 0, 0 
2015-02-08T03:17:30, 169.5, 0, 0, 0 
2015-02-08T03:22:30, 169.5, 0, 0, 0 
2015-02-08T03:27:30, 169.5, 0, 0, 0 
2015-02-08T03:32:30, 168.5, 0, 0, 0 
2015-02-08T03:37:30, 168.5, 0, 0, 0 
2015-02-08T03:42:30, 168.496453901, 0, 0, 0 
2015-02-08T03:47:30, 168.502824859, 0, 0, 0 
2015-02-08T03:52:30, 168.497382199, 0, 0, 0 
2015-02-08T03:57:30, 168.5, 0, 0, 0 
2015-02-08T04:02:30, 168.5, 0, 0, 0 
2015-02-08T04:07:30, 168.5, 0, 0, 0 
2015-02-08T04:12:30, 168.5, 0, 0, 0 
2015-02-08T04:17:30, 168.5, 0, 0, 0 
2015-02-08T04:22:30, 167.5, 0, 0, 0 
2015-02-08T04:27:30, 167.5, 0, 0, 0 
2015-02-08T04:32:30, 167.5, 0, 0, 0 
2015-02-08T04:37:30, 167.49122807, 0, 0, 0 
2015-02-08T04:42:30, 167.5, 0, 0, 0 
2015-02-08T04:47:30, 167.5, 0, 0, 0 
2015-02-08T04:52:30, 167.5, 0, 0, 0 
2015-02-08T04:57:30, 167.5, 0, 0, 0 
2015-02-08T05:02:30, 167.5, 0, 0, 0 
2015-02-08T05:07:30, 166.5, 0, 0, 0 
2015-02-08T05:12:30, 166.496598639, 0, 0, 0 
2015-02-08T05:17:30, 166.5, 0, 0, 0 
2015-02-08T05:22:30, 166.5, 0, 0, 0 
2015-02-08T05:27:30, 166.5, 0, 0, 0 
2015-02-08T05:32:30, 166.5, 0, 0, 0 
2015-02-08T05:37:30, 165.5, 0, 0, 0 
2015-02-08T05:42:30, 165.5, 0, 0, 0 
2015-02-08T05:47:30, 165.496932515, 0, 0, 0 
2015-02-08T05:52:30, 165.5, 0, 0, 0 
2015-02-08T05:57:30, 165.5, 0, 0, 0 
2015-02-08T06:02:30, 165.5, 0, 0, 0 
2015-02-08T06:07:30, 165.5, 0, 0, 0 
2015-02-08T06:12:30, 164.5, 0, 0, 0 
2015-02-08T06:17:30, 164.493670886, 0, 0, 0 
2015-02-08T06:22:30, 164.5, 0, 0, 0 
2015-02-08T06:27:30, 164.5, 0, 0, 0 
2015-02-08T06:32:30, 164.5, 0, 0, 0 
2015-02-08T06:37:30, 164.5, 0, 0, 0 
2015-02-08T06:42:30, 163.5, 0, 0, 0 
2015-02-08T06:47:30, 163.5, 0, 0, 0 
2015-02-08T06:52:30, 163.491525424, 0, 0, 0 
2015-02-08T06:57:30, 163.491525424, 0, 0, 0 
2015-02-08T07:02:30, 163.491525424, 0, 0, 0 
2015-02-08T07:07:30, 162.5, 0, 0, 0 
2015-02-08T07:12:30, 162.496969697, 0, 0, 0 
2015-02-08T07:17:30, 162.5, 0, 0, 0 
2015-02-08T07:22:30, 162.5, 0, 0, 0 
2015-02-08T07:27:30, 162.5, 0, 0, 0 
2015-02-08T07:32:30, 161.5, 0, 0, 0 
2015-02-08T07:37:30, 161.495327103, 0, 0, 0 
2015-02-08T07:42:30, 161.5, 0, 0, 0 
2015-02-08T07:47:30, 161.5, 0, 0, 0 
2015-02-08T07:52:30, 161.5, 0, 0, 0 
2015-02-08T07:57:30, 160.490196078, 0, 0, 0 
2015-02-08T08:02:30, 160.5, 0, 0, 0 
2015-02-08T08:07:30, 160.5, 0, 0, 0 
2015-02-08T08:12:30, 160.5, 0, 0, 0 
2015-02-08T08:17:30, 159.5, 0, 0, 0 
2015-02-08T08:22:30, 159.496855346, 0, 0, 0 
2015-02-08T08:27:30, 159.5, 0, 0, 0 
2015-02-08T08:32:30, 159.5, 0, 0, 0 
2015-02-08T08:37:30, 159.5, 0, 0, 0 
2015-02-08T08:42:30, 158.5, 0, 0, 0 
2015-02-08T08:47:30, 158.5, 0, 0, 0 
2015-02-08T08:52:30, 158.495798319, 0, 0, 0 
2015-02-08T08:57:30, 158.495798319, 0, 0, 0 
2015-02-08T09:02:30, 158.495798319, 0, 0, 0 
2015-02-08T09:07:30, 157.5, 0, 0, 0 
2015-02-08T09:12:30, 157.496183206, 0, 0, 0 
2015-02-08T09:17:30, 157.5, 0, 0, 0 
2015-02-08T09:22:30, 157.5, 0, 0, 0 
2015-02-08T09:27:30, 156.5, 0, 0, 0 
2015-02-08T09:32:30, 156.5, 0, 0, 0 
2015-02-08T09:37:30, 156.496598639, 0, 0, 0 
2015-02-08T09:42:30, 156.5, 0, 0, 0 
2015-02-08T09:47:30, 156.5, 0, 0, 0 
2015-02-08T09:52:30, 156.5, 0, 0, 0 
2015-02-08T09:57:30, 155.5, 0, 0, 0 
2015-02-08T10:02:30, 155.5, 0, 0, 0 
2015-02-08T10:07:30, 155.490909091, 0, 0, 0 
2015-02-08T10:12:30, 155.5, 0, 0, 0 
2015-02-08T10:17:30, 155.5, 0, 0, 0 
2015-02-08T10:22:30, 155.5, 0, 0, 0 
2015-02-08T10:27:30, 154.5, 0, 0, 0 
2015-02-08T10:32:30, 154.496688742, 0, 0, 0 
2015-02-08T10:37:30, 154.5, 0, 0, 0 
2015-02-08T10:42:30, 154.5, 0, 0, 0 
2015-02-08T10:47:30, 154.5, 0, 0, 0 
2015-02-08T10:52:30, 154.5, 0, 0, 0 
2015-02-08T10:57:30, 153.466666667, 0, 0, 0 
2015-02-08T11:02:30, 153.504587156, 0, 0, 0 
2015-02-08T11:07:30, 153.5, 0, 0, 0 
2015-02-08T11:12:30, 153.481481481, 0, 0, 0 
2015-02-08T11:17:30, 153.5, 0, 0, 0 
2015-02-08T11:22:30, 153.5, 0, 0, 0 
2015-02-08T11:27:30, 153.5, 0, 0, 0 
2015-02-08T11:32:30, 153.5, 0, 0, 0 
2015-02-08T11:37:30, 152.5, 0, 0, 0 
2015-02-08T11:42:30, 152.5, 0, 0, 0 
2015-02-08T11:47:30, 152.5, 0, 0, 0 
2015-02-08T11:52:30, 152.497175141, 0, 0, 0 
2015-02-08T11:57:30, 152.5, 0, 0, 0 
2015-02-08T12:02:30, 152.5, 0, 0, 0 
2015-02-08T12:07:30, 152.5, 0, 0, 0 
2015-02-08T12:12:30, 152.5, 0, 0, 0 
2015-02-08T12:17:30, 152.5, 0, 0, 0 
2015-02-08T12:22:30, 152.5, 0, 0, 0 
2015-02-08T12:27:30, 152.5, 0, 0, 0 
2015-02-08T12:32:30, 152.5, 0, 0, 0 
2015-02-08T12:37:30, 151.5, 0, 0, 0 
2015-02-08T12:42:30, 151.5, 0, 0, 0 
2015-02-08T12:47:30, 151.495867769, 0, 0, 0 
2015-02-08T12:52:30, 151.50295858, 0, 0, 0 
2015-02-08T12:57:30, 151.497326203, 0, 0, 0 
2015-02-08T13:02:30, 151.502538071, 0, 0, 0 
2015-02-08T13:07:30, 151.496969697, 0, 0, 0 
2015-02-08T13:12:30, 151.5, 0, 0, 0 
2015-02-08T13:17:30, 151.5, 0, 0, 0 
2015-02-08T13:22:30, 151.5, 0, 0, 0 
2015-02-08T13:27:30, 151.5, 0, 0, 0 
2015-02-08T13:32:30, 151.5, 0, 0, 0 
2015-02-08T13:37:30, 151.5, 0, 0, 0 
2015-02-08T13:42:30, 151.5, 0, 0, 0 
2015-02-08T13:47:30, 151.5, 0, 0, 0 
2015-02-08T13:52:30, 151.5, 0, 0, 0 
2015-02-08T13:57:30, 151.5, 0, 0, 0 
2015-02-08T14:02:30, 151.5, 0, 0, 0 
2015-02-08T14:07:30, 151.5, 0, 0, 0 
2015-02-08T14:12:30, 151.5, 0, 0, 0 
2015-02-08T14:17:30, 151.5, 0, 0, 0 
2015-02-08T14:22:30, 151.5, 0, 0, 0 
2015-02-08T14:27:30, 151.5, 0, 0, 0 
2015-02-08T14:32:30, 151.5, 0, 0, 0 
2015-02-08T14:37:30, 151.5, 0, 0, 0 
2015-02-08T14:42:30, 151.5, 0, 0, 0 
2015-02-08T14:47:30, 151.5, 0, 0, 0 
2015-02-08T14:52:30, 151.5, 0, 0, 0 
2015-02-08T14:57:30, 151.5, 0, 0, 0 
2015-02-08T15:02:30, 151.5, 0, 0, 0 
2015-02-08T15:07:30, 151.5, 0, 0, 0 
2015-02-08T15:12:30, 151.5, 0, 0, 0 
2015-02-08T15:17:30, 151.5, 0, 0, 0 
2015-02-08T15:22:30, 151.5, 0, 0, 0 
2015-02-08T15:27:30, 151.5, 0, 0, 0 
2015-02-08T15:32:30, 151.5, 0, 0, 0 
2015-02-08T15:37:30, 151.5, 0, 0, 0 
2015-02-08T15:42:30, 151.5, 0, 0, 0 
2015-02-08T15:47:30, 151.5, 0, 0, 0 
2015-02-08T15:52:30, 151.5, 0, 0, 0 
2015-02-08T15:57:30, 151.5, 0, 0, 0 
2015-02-08T16:02:30, 151.5, 0, 0, 0 
2015-02-08T16:07:30, 151.5, 0, 0, 0 
2015-02-08T16:12:30, 151.506666667, 0, 0, 0 
2015-02-08T16:17:30, 151.490909091, 0, 0, 0 
2015-02-08T16:22:30, 151.504273504, 0, 0, 0 
2015-02-08T16:27:30, 151.496551724, 0, 0, 0 
2015-02-08T16:32:30, 151.5, 0, 0, 0 
2015-02-08T16:37:30, 151.504761905, 0, 0, 0 
2015-02-08T16:42:30, 151.495049505, 0, 0, 0 
2015-02-08T16:47:30, 151.5, 0, 0, 0 
2015-02-08T16:52:30, 151.5, 0, 0, 0 
2015-02-08T16:57:30, 151.5, 0, 0, 0 
2015-02-08T17:02:30, 151.5, 0, 0, 0 
2015-02-08T17:07:30, 151.5, 0, 0, 0 
2015-02-08T17:12:30, 151.5, 0, 0, 0 
2015-02-08T17:17:30, 151.5, 0, 0, 0 
2015-02-08T17:22:30, 151.5, 0, 0, 0 
2015-02-08T17:27:30, 151.5, 0, 0, 0 
2015-02-08T17:32:30, 151.5, 0, 0, 0 
2015-02-08T17:37:30, 151.5, 0, 0, 0 
2015-02-08T17:42:30, 151.5, 0, 0, 0 
2015-02-08T17:47:30, 151.5, 0, 0, 0 
2015-02-08T17:52:30, 151.5, 0, 0, 0 
2015-02-08T17:57:30, 151.5, 0, 0, 0 
2015-02-08T18:02:30, 151.5, 0, 0, 0 
2015-02-08T18:07:30, 151.5, 0, 0, 0 
2015-02-08T18:12:30, 150.5, 0, 0, 0 
2015-02-08T18:17:30, 150.5, 0, 0, 0 
2015-02-08T18:22:30, 150.497142857, 0, 0, 0 
2015-02-08T18:27:30, 150.504, 0, 0, 0 
2015-02-08T18:32:30, 150.487804878, 0, 0, 0 
2015-02-08T18:37:30, 150.487804878, 0, 0, 0 
2015-02-08T18:42:30, 150.487804878, 0, 0, 0 
2015-02-08T18:47:30, 150.487804878, 0, 0, 0 
2015-02-08T18:52:30, 150.487804878, 0, 0, 0 
2015-02-08T18:57:30, 150.487804878, 0, 0, 0 
2015-02-08T19:02:30, 149.5, 0, 0, 0 
2015-02-08T19:07:30, 149.493150685, 0, 0, 0 
2015-02-08T19:12:30, 149.5, 0, 0, 0 
2015-02-08T19:17:30, 149.5, 0, 0, 0 
2015-02-08T19:22:30, 149.5, 0, 0, 0 
2015-02-08T19:27:30, 149.5, 0, 0, 0 
2015-02-08T19:32:30, 149.5, 0, 0, 0 
2015-02-08T19:37:30, 149.5, 0, 0, 0 
2015-02-08T19:42:30, 149.5, 0, 0, 0 
2015-02-08T19:47:30, 148.5, 0, 0, 0 
2015-02-08T19:52:30, 148.497354497, 0, 0, 0 
2015-02-08T19:57:30, 148.5, 0, 0, 0 
2015-02-08T20:02:30, 148.5, 0, 0, 0 
2015-02-08T20:07:30, 148.5, 0, 0, 0 
2015-02-08T20:12:30, 148.5, 0, 0, 0 
2015-02-08T20:17:30, 148.5, 0, 0, 0 
2015-02-08T20:22:30, 147.5, 0, 0, 0 
2015-02-08T20:27:30, 147.5, 0, 0, 0 
2015-02-08T20:32:30, 147.496350365, 0, 0, 0 
2015-02-08T20:37:30, 147.5, 0, 0, 0 
2015-02-08T20:42:30, 147.5, 0, 0, 0 
2015-02-08T20:47:30, 147.5, 0, 0, 0 
2015-02-08T20:52:30, 147.5, 0, 0, 0 
2015-02-08T20:57:30, 147.5, 0, 0, 0 
2015-02-08T21:02:30, 146.5, 0, 0, 0 
2015-02-08T21:07:30, 146.5, 0, 0, 0 
2015-02-08T21:12:30, 146.5, 0, 0, 0 
2015-02-08T21:17:30, 146.495726496, 0, 0, 0 
2015-02-08T21:22:30, 146.5, 0, 0, 0 
2015-02-08T21:27:30, 146.5, 0, 0, 0 
2015-02-08T21:32:30, 146.5, 0, 0, 0 
2015-02-08T21:37:30, 146.5, 0, 0, 0 
2015-02-08T21:42:30, 145.5, 0, 0, 0 
2015-02-08T21:47:30, 145.496124031, 0, 0, 0 
2015-02-08T21:52:30, 145.5, 0, 0, 0 
2015-02-08T21:57:30, 145.5, 0, 0, 0 
2015-02-08T22:02:30, 145.5, 0, 0, 0 
2015-02-08T22:07:30, 145.5, 0, 0, 0 
2015-02-08T22:12:30, 145.5, 0, 0, 0 
2015-02-08T22:17:30, 144.5, 0, 0, 0 
2015-02-08T22:22:30, 144.5, 0, 0, 0 
2015-02-08T22:27:30, 144.49704142, 0, 0, 0 
2015-02-08T22:32:30, 144.5, 0, 0, 0 
2015-02-08T22:37:30, 144.5, 0, 0, 0 
2015-02-08T22:42:30, 144.5, 0, 0, 0 
2015-02-08T22:47:30, 144.5, 0, 0, 0 
2015-02-08T22:52:30, 144.5, 0, 0, 0 
2015-02-08T22:57:30, 143.5, 0, 0, 0 
2015-02-08T23:02:30, 143.5, 0, 0, 0 
2015-02-08T23:07:30, 143.5, 0, 0, 0 
2015-02-08T23:12:30, 143.495726496, 0, 0, 0 
2015-02-08T23:17:30, 143.5, 0, 0, 0 
2015-02-08T23:22:30, 143.5, 0, 0, 0 
2015-02-08T23:27:30, 143.5, 0, 0, 0 
2015-02-08T23:32:30, 143.5, 0, 0, 0 
2015-02-08T23:37:30, 142.5, 0, 0, 0 
2015-02-08T23:42:30, 142.5, 0, 0, 0 
2015-02-08T23:47:30, 142.495495495, 0, 0, 0 
2015-02-08T23:52:30, 142.5, 0, 0, 0 
2015-02-08T23:57:30, 142.5, 0, 0, 0 
2015-02-09T00:02:30, 142.5, 0, 0, 0 
2015-02-09T00:07:30, 142.5, 0, 0, 0 
2015-02-09T00:12:30, 141.5, 0, 0, 0 
2015-02-09T00:17:30, 141.5, 0, 0, 0 
2015-02-09T00:22:30, 141.5, 0, 0, 0 
2015-02-09T00:27:30, 141.5, 0, 0, 0 
2015-02-09T00:32:30, 141.488372093, 0, 0, 0 
2015-02-09T00:37:30, 141.5, 0, 0, 0 
2015-02-09T00:42:30, 141.5, 0, 0, 0 
2015-02-09T00:47:30, 141.5, 0, 0, 0 
2015-02-09T00:52:30, 140.5, 0, 0, 0 
2015-02-09T00:57:30, 140.5, 0, 0, 0 
2015-02-09T01:02:30, 140.497109827, 0, 0, 0 
2015-02-09T01:07:30, 140.5, 0, 0, 0 
2015-02-09T01:12:30, 140.5, 0, 0, 0 
2015-02-09T01:17:30, 140.5, 0, 0, 0 
2015-02-09T01:22:30, 140.5, 0, 0, 0 
2015-02-09T01:27:30, 140.5, 0, 0, 0 
2015-02-09T01:32:30, 139.5, 0, 0, 0 
2015-02-09T01:37:30, 139.5, 0, 0, 0 
2015-02-09T01:42:30, 139.5, 0, 0, 0 
2015-02-09T01:47:30, 139.496503497, 0, 0, 0 
2015-02-09T01:52:30, 139.5, 0, 0, 0 
2015-02-09T01:57:30, 139.5, 0, 0, 0 
2015-02-09T02:02:30, 139.5, 0, 0, 0 
2015-02-09T02:07:30, 139.5, 0, 0, 0 
2015-02-09T02:12:30, 139.5, 0, 0, 0 
2015-02-09T02:17:30, 139.5, 0, 0, 0 
2015-02-09T02:22:30, 138.5, 0, 0, 0 
2015-02-09T02:27:30, 138.496774194, 0, 0, 0 
2015-02-09T02:32:30, 138.5, 0, 0, 0 
2015-02-09T02:37:30, 138.5, 0, 0, 0 
2015-02-09T02:42:30, 138.5, 0, 0, 0 
2015-02-09T02:47:30, 138.5, 0, 0, 0 
2015-02-09T02:52:30, 137.5, 0, 0, 0 
2015-02-09T02:57:30, 137.496240602, 0, 0, 0 
2015-02-09T03:02:30, 137.5, 0, 0, 0 
2015-02-09T03:07:30, 137.5, 0, 0, 0 
2015-02-09T03:12:30, 137.5, 0, 0, 0 
2015-02-09T03:17:30, 137.5, 0, 0, 0 
2015-02-09T03:22:30, 136.5, 0, 0, 0 
2015-02-09T03:27:30, 136.5, 0, 0, 0 
2015-02-09T03:32:30, 136.496598639, 0, 0, 0 
2015-02-09T03:37:30, 136.5, 0, 0, 0 
2015-02-09T03:42:30, 136.5, 0, 0, 0 
2015-02-09T03:47:30, 136.5, 0, 0, 0 
2015-02-09T03:52:30, 136.5, 0, 0, 0 
2015-02-09T03:57:30, 135.484848485, 0, 0, 0 
2015-02-09T04:02:30, 135.5, 0, 0, 0 
2015-02-09T04:07:30, 135.5, 0, 0, 0 
2015-02-09T04:12:30, 135.5, 0, 0, 0 
2015-02-09T04:17:30, 135.5, 0, 0, 0 
2015-02-09T04:22:30, 134.490909091, 0, 0, 0 
2015-02-09T04:27:30, 134.5, 0, 0, 0 
2015-02-09T04:32:30, 134.5, 0, 0, 0 
2015-02-09T04:37:30, 134.5, 0, 0, 0 
2015-02-09T04:42:30, 134.5, 0, 0, 0 
2015-02-09T04:47:30, 134.5, 0, 0, 0 
2015-02-09T04:52:30, 133.466666667, 0, 0, 0 
2015-02-09T04:57:30, 133.5, 0, 0, 0 
2015-02-09T05:02:30, 133.5, 0, 0, 0 
2015-02-09T05:07:30, 133.5, 0, 0, 0 
2015-02-09T05:12:30, 133.5, 0, 0, 0 
2015-02-09T05:17:30, 132.454545455, 0, 0, 0 
2015-02-09T05:22:30, 132.503448276, 0, 0, 0 
2015-02-09T05:27:30, 132.490566038, 0, 0, 0 
2015-02-09T05:32:30, 132.490566038, 0, 0, 0 
2015-02-09T05:37:30, 132.490566038, 0, 0, 0 
2015-02-09T05:42:30, 131.5, 0, 0, 0 
2015-02-09T05:47:30, 131.493670886, 0, 0, 0 
2015-02-09T05:52:30, 131.5, 0, 0, 0 
2015-02-09T05:57:30, 131.5, 0, 0, 0 
2015-02-09T06:02:30, 131.5, 0, 0, 0 
2015-02-09T06:07:30, 131.5, 0, 0, 0 
2015-02-09T06:12:30, 130.5, 0, 0, 0 
2015-02-09T06:17:30, 130.496, 0, 0, 0 
2015-02-09T06:22:30, 130.5, 0, 0, 0 
2015-02-09T06:27:30, 130.5, 0, 0, 0 
2015-02-09T06:32:30, 130.5, 0, 0, 0 
2015-02-09T06:37:30, 130.5, 0, 0, 0 
2015-02-09T06:42:30, 129.5, 0, 0, 0 
2015-02-09T06:47:30, 129.495238095, 0, 0, 0 
2015-02-09T06:52:30, 129.5, 0, 0, 0 
2015-02-09T06:57:30, 129.5, 0, 0, 0 
2015-02-09T07:02:30, 128.5, 0, 0, 0 
2015-02-09T07:07:30, 128.496240602, 0, 0, 0 
2015-02-09T07:12:30, 128.5, 0, 0, 0 
2015-02-09T07:17:30, 128.5, 0, 0, 0 
2015-02-09T07:22:30, 128.5, 0, 0, 0 
2015-02-09T07:27:30, 128.5, 0, 0, 0 
2015-02-09T07:32:30, 127.5, 0, 0, 0 
2015-02-09T07:37:30, 127.5, 0, 0, 0 
2015-02-09T07:42:30, 127.492753623, 0, 0, 0 
2015-02-09T07:47:30, 127.5, 0, 0, 0 
2015-02-09T07:52:30, 127.5, 0, 0, 0 
2015-02-09T07:57:30, 126.5, 0, 0, 0 
2015-02-09T08:02:30, 126.496062992, 0, 0, 0 
2015-02-09T08:07:30, 126.5, 0, 0, 0 
2015-02-09T08:12:30, 126.5, 0, 0, 0 
2015-02-09T08:17:30, 126.5, 0, 0, 0 
2015-02-09T08:22:30, 125.5, 0, 0, 0 
2015-02-09T08:27:30, 125.489361702, 0, 0, 0 
2015-02-09T08:32:30, 125.5, 0, 0, 0 
2015-02-09T08:37:30, 125.5, 0, 0, 0 
2015-02-09T08:42:30, 125.5, 0, 0, 0 
2015-02-09T08:47:30, 125.5, 0, 0, 0 
2015-02-09T08:52:30, 125.5, 0, 0, 0 
2015-02-09T08:57:30, 125.5, 0, 0, 0 
2015-02-09T09:02:30, 124.5, 0, 0, 0 
2015-02-09T09:07:30, 124.496350365, 0, 0, 0 
2015-02-09T09:12:30, 124.5, 0, 0, 0 
2015-02-09T09:17:30, 124.5, 0, 0, 0 
2015-02-09T09:22:30, 124.5, 0, 0, 0 
2015-02-09T09:27:30, 124.5, 0, 0, 0 
2015-02-09T09:32:30, 124.5, 0, 0, 0 
2015-02-09T09:37:30, 124.5, 0, 0, 0 
2015-02-09T09:42:30, 123.5, 0, 0, 0 
2015-02-09T09:47:30, 123.5, 0, 0, 0 
2015-02-09T09:52:30, 123.5, 0, 0, 0 
2015-02-09T09:57:30, 123.5, 0, 0, 0 
2015-02-09T10:02:30, 123.5, 0, 0, 0 
2015-02-09T10:07:30, 123.497297297, 0, 0, 0 
2015-02-09T10:12:30, 123.5, 0, 0, 0 
2015-02-09T10:17:30, 123.5, 0, 0, 0 
2015-02-09T10:22:30, 123.5, 0, 0, 0 
2015-02-09T10:27:30, 123.5, 0, 0, 0 
2015-02-09T10:32:30, 123.5, 0, 0, 0 
2015-02-09T10:37:30, 123.503448276, 0, 0, 0 
2015-02-09T10:42:30, 123.5, 0, 0, 0 
2015-02-09T10:47:30, 123.5, 0, 0, 0 
2015-02-09T10:52:30, 124.506493506, 0, 0, 0 
2015-02-09T10:57:30, 124.5, 0, 0, 0 
2015-02-09T11:02:30, 125.506024096, 0, 0, 0 
2015-02-09T11:07:30, 125.5, 0, 0, 0 
2015-02-09T11:12:30, 126.506329114, 0, 0, 0 
2015-02-09T11:17:30, 126.5, 0, 0, 0 
2015-02-09T11:22:30, 127.507692308, 0, 0, 0 
2015-02-09T11:27:30, 128.5, 0, 0, 0 
2015-02-09T11:32:30, 128.507462687, 0, 0, 0 
2015-02-09T11:37:30, 129.509803922, 0, 0, 0 
2015-02-09T11:42:30, 129.5, 0, 0, 0 
2015-02-09T11:47:30, 130.50877193, 0, 0, 0 
2015-02-09T11:52:30, 131.512820513, 0, 0, 0 
2015-02-09T11:57:30, 131.5, 0, 0, 0 
2015-02-09T12:02:30, 132.508196721, 0, 0, 0 
2015-02-09T12:07:30, 133.5, 0, 0, 0 
2015-02-09T12:12:30, 133.516129032, 0, 0, 0 
2015-02-09T12:17:30, 134.50877193, 0, 0, 0 
2015-02-09T12:22:30, 135.5, 0, 0, 0 
2015-02-09T12:27:30, 135.508196721, 0, 0, 0 
2015-02-09T12:32:30, 136.509433962, 0, 0, 0 
2015-02-09T12:37:30, 137.5, 0, 0, 0 
2015-02-09T12:42:30, 137.52, 0, 0, 0 
2015-02-09T12:47:30, 138.511111111, 0, 0, 0 
2015-02-09T12:52:30, 139.508196721, 0, 0, 0 
2015-02-09T12:57:30, 140.333333333, 0, 0, 0 
2015-02-09T13:02:30, 140.510638298, 0, 0, 0 
2015-02-09T13:07:30, 141.509090909, 0, 0, 0 
2015-02-09T13:12:30, 142.511111111, 0, 0, 0 
2015-02-09T13:17:30, 143.5, 0, 0, 0 
2015-02-09T13:22:30, 143.515151515, 0, 0, 0 
2015-02-09T13:27:30, 144.507936508, 0, 0, 0 
2015-02-09T13:32:30, 145.50877193, 0, 0, 0 
2015-02-09T13:37:30, 146.5, 0, 0, 0 
2015-02-09T13:42:30, 146.512195122, 0, 0, 0 
2015-02-09T13:47:30, 147.508474576, 0, 0, 0 
2015-02-09T13:52:30, 148.508474576, 0, 0, 0 
2015-02-09T13:57:30, 149.366666667, 0, 0, 0 
2015-02-09T14:02:30, 149.52173913, 0, 0, 0 
2015-02-09T14:07:30, 150.506666667, 0, 0, 0 
2015-02-09T14:12:30, 151.50877193, 0, 0, 0 
2015-02-09T14:17:30, 152.514285714, 0, 0, 0 
2015-02-09T14:22:30, 152.5, 0, 0, 0 
2015-02-09T14:27:30, 153.506849315, 0, 0, 0 
2015-02-09T14:32:30, 154.509803922, 0, 0, 0 
2015-02-09T14:37:30, 155.514285714, 0, 0, 0 
2015-02-09T14:42:30, 155.5, 0, 0, 0 
2015-02-09T14:47:30, 156.507462687, 0, 0, 0 
2015-02-09T14:52:30, 157.507246377, 0, 0, 0 
2015-02-09T14:57:30, 158.285714286, 0, 0, 0 
2015-02-09T15:02:30, 158.5, 0, 0, 0 
2015-02-09T15:07:30, 159.506666667, 0, 0, 0 
2015-02-09T15:12:30, 160.5, 0, 0, 0 
2015-02-09T15:17:30, 160.507936508, 0, 0, 0 
2015-02-09T15:22:30, 161.507462687, 0, 0, 0 
2015-02-09T15:27:30, 162.5, 0, 0, 0 
2015-02-09T15:32:30, 162.507462687, 0, 0, 0 
2015-02-09T15:37:30, 163.506849315, 0, 0, 0 
2015-02-09T15:42:30, 163.5, 0, 0, 0 
2015-02-09T15:47:30, 164.508196721, 0, 0, 0 
2015-02-09T15:52:30, 165.5, 0, 0, 0 
2015-02-09T15:57:30, 165.506666667, 0, 0, 0 
2015-02-09T16:02:30, 166.5, 0, 0, 0 
2015-02-09T16:07:30, 166.509803922, 0, 0, 0 
2015-02-09T16:12:30, 167.506666667, 0, 0, 0 
2015-02-09T16:17:30, 168.5, 0, 0, 0 
2015-02-09T16:22:30, 168.507042254, 0, 0, 0 
2015-02-09T16:27:30, 169.509433962, 0, 0, 0 
2015-02-09T16:32:30, 169.5, 0, 0, 0 
2015-02-09T16:37:30, 170.5, 0, 0, 0 
2015-02-09T16:42:30, 171.0, 0, 0, 0 
2015-02-09T16:47:30, 171.504854369, 0, 0, 0 
2015-02-09T16:52:30, 171.5, 0, 0, 0 
2015-02-09T16:57:30, 172.545454545, 0, 0, 0 
2015-02-09T17:02:30, 172.5, 0, 0, 0 
2015-02-09T17:07:30, 172.5, 0, 0, 0 
2015-02-09T17:12:30, 172.5, 0, 0, 0 
2015-02-09T17:17:30, 172.5, 0, 0, 0 
2015-02-09T17:22:30, 173.5, 0, 0, 0 
2015-02-09T17:27:30, 173.504273504, 0, 0, 0 
2015-02-09T17:32:30, 173.5, 0, 0, 0 
2015-02-09T17:37:30, 173.5, 0, 0, 0 
2015-02-09T17:42:30, 173.5, 0, 0, 0 
2015-02-09T17:47:30, 173.5, 0, 0, 0 
2015-02-09T17:52:30, 173.5, 0, 0, 0 
2015-02-09T17:57:30, 173.5, 0, 0, 0 
2015-02-09T18:02:30, 173.5, 0, 0, 0 
2015-02-09T18:07:30, 173.5, 0, 0, 0 
2015-02-09T18:12:30, 173.5, 0, 0, 0 
2015-02-09T18:17:30, 173.5, 0, 0, 0 
2015-02-09T18:22:30, 173.5, 0, 0, 0 
2015-02-09T18:27:30, 173.5, 0, 0, 0 
2015-02-09T18:32:30, 173.5, 0, 0, 0 
2015-02-09T18:37:30, 173.5, 0, 0, 0 
2015-02-09T18:42:30, 173.5, 0, 0, 0 
2015-02-09T18:47:30, 173.5, 0, 0, 0 
2015-02-09T18:52:30, 173.496969697, 0, 0, 0 
2015-02-09T18:57:30, 173.5, 0, 0, 0 
2015-02-09T19:02:30, 173.5, 0, 0, 0 
2015-02-09T19:07:30, 173.5, 0, 0, 0 
2015-02-09T19:12:30, 173.5, 0, 0, 0 
2015-02-09T19:17:30, 173.5, 0, 0, 0 
2015-02-09T19:22:30, 173.5, 0, 0, 0 
2015-02-09T19:27:30, 172.5, 0, 0, 0 
2015-02-09T19:32:30, 172.492063492, 0, 0, 0 
2015-02-09T19:37:30, 172.5, 0, 0, 0 
2015-02-09T19:42:30, 172.5, 0, 0, 0 
2015-02-09T19:47:30, 172.5, 0, 0, 0 
2015-02-09T19:52:30, 172.5, 0, 0, 0 
2015-02-09T19:57:30, 171.5, 0, 0, 0 
2015-02-09T20:02:30, 171.495412844, 0, 0, 0 
2015-02-09T20:07:30, 171.503937008, 0, 0, 0 
2015-02-09T20:12:30, 171.461538462, 0, 0, 0 
2015-02-09T20:17:30, 171.461538462, 0, 0, 0 
2015-02-09T20:22:30, 170.5, 0, 0, 0 
2015-02-09T20:27:30, 170.5, 0, 0, 0 
2015-02-09T20:32:30, 170.493670886, 0, 0, 0 
2015-02-09T20:37:30, 170.5, 0, 0, 0 
2015-02-09T20:42:30, 170.5, 0, 0, 0 
2015-02-09T20:47:30, 170.5, 0, 0, 0 
2015-02-09T20:52:30, 169.5, 0, 0, 0 
2015-02-09T20:57:30, 169.497005988, 0, 0, 0 
2015-02-09T21:02:30, 169.5, 0, 0, 0 
2015-02-09T21:07:30, 169.5, 0, 0, 0 
2015-02-09T21:12:30, 169.5, 0, 0, 0 
2015-02-09T21:17:30, 169.5, 0, 0, 0 
2015-02-09T21:22:30, 168.5, 0, 0, 0 
2015-02-09T21:27:30, 168.496598639, 0, 0, 0 
2015-02-09T21:32:30, 168.5, 0, 0, 0 
2015-02-09T21:37:30, 168.5, 0, 0, 0 
2015-02-09T21:42:30, 167.5, 0, 0, 0 
2015-02-09T21:47:30, 167.5, 0, 0, 0 
2015-02-09T21:52:30, 167.496, 0, 0, 0 
2015-02-09T21:57:30, 167.5, 0, 0, 0 
2015-02-09T22:02:30, 167.5, 0, 0, 0 
2015-02-09T22:07:30, 167.5, 0, 0, 0 
2015-02-09T22:12:30, 166.5, 0, 0, 0 
2015-02-09T22:17:30, 166.496969697, 0, 0, 0 
2015-02-09T22:22:30, 166.5, 0, 0, 0 
2015-02-09T22:27:30, 166.5, 0, 0, 0 
2015-02-09T22:32:30, 166.5, 0, 0, 0 
2015-02-09T22:37:30, 166.5, 0, 0, 0 
2015-02-09T22:42:30, 165.47826087, 0, 0, 0 
2015-02-09T22:47:30, 165.5, 0, 0, 0 
2015-02-09T22:52:30, 165.5, 0, 0, 0 
2015-02-09T22:57:30, 165.5, 0, 0, 0 
2015-02-09T23:02:30, 165.5, 0, 0, 0 
2015-02-09T23:07:30, 165.5, 0, 0, 0 
2015-02-09T23:12:30, 164.5, 0, 0, 0 
2015-02-09T23:17:30, 164.5, 0, 0, 0 
2015-02-09T23:22:30, 164.496815287, 0, 0, 0 
2015-02-09T23:27:30, 164.5, 0, 0, 0 
2015-02-09T23:32:30, 164.5, 0, 0, 0 
2015-02-09T23:37:30, 164.5, 0, 0, 0 
2015-02-09T23:42:30, 164.5, 0, 0, 0 
2015-02-09T23:47:30, 164.5, 0, 0, 0 
2015-02-09T23:52:30, 163.5, 0, 0, 0 
2015-02-09T23:57:30, 163.5, 0, 0, 0 
2015-02-10T00:02:30, 163.496969697, 0, 0, 0 
2015-02-10T00:07:30, 163.5, 0, 0, 0 
2015-02-10T00:12:30, 163.5, 0, 0, 0 
2015-02-10T00:17:30, 163.5, 0, 0, 0 
2015-02-10T00:22:30, 163.5, 0, 0, 0 
2015-02-10T00:27:30, 163.5, 0, 0, 0 
2015-02-10T00:32:30, 163.5, 0, 0, 0 
2015-02-10T00:37:30, 163.5, 0, 0, 0 
2015-02-10T00:42:30, 163.5, 0, 0, 0 
2015-02-10T00:47:30, 163.5, 0, 0, 0 
2015-02-10T00:52:30, 162.5, 0, 0, 0 
2015-02-10T00:57:30, 162.5, 0, 0, 0 
2015-02-10T01:02:30, 162.5, 0, 0, 0 
2015-02-10T01:07:30, 162.5, 0, 0, 0 
2015-02-10T01:12:30, 162.454545455, 0, 0, 0 
2015-02-10T01:17:30, 162.5, 0, 0, 0 
2015-02-10T01:22:30, 162.5, 0, 0, 0 
2015-02-10T01:27:30, 162.5, 0, 0, 0 
2015-02-10T01:32:30, 162.5, 0, 0, 0 
2015-02-10T01:37:30, 162.5, 0, 0, 0 
2015-02-10T01:42:30, 161.5, 0, 0, 0 
2015-02-10T01:47:30, 161.5, 0, 0, 0 
2015-02-10T01:52:30, 161.5, 0, 0, 0 
2015-02-10T01:57:30, 161.497297297, 0, 0, 0 
2015-02-10T02:02:30, 161.504065041, 0, 0, 0 
2015-02-10T02:07:30, 161.491803279, 0, 0, 0 
2015-02-10T02:12:30, 161.5, 0, 0, 0 
2015-02-10T02:17:30, 161.5, 0, 0, 0 
2015-02-10T02:22:30, 161.5, 0, 0, 0 
2015-02-10T02:27:30, 161.5, 0, 0, 0 
2015-02-10T02:32:30, 161.5, 0, 0, 0 
2015-02-10T02:37:30, 160.5, 0, 0, 0 
2015-02-10T02:42:30, 160.5, 0, 0, 0 
2015-02-10T02:47:30, 160.496350365, 0, 0, 0 
2015-02-10T02:52:30, 160.5, 0, 0, 0 
2015-02-10T02:57:30, 160.5, 0, 0, 0 
2015-02-10T03:02:30, 160.5, 0, 0, 0 
2015-02-10T03:07:30, 160.5, 0, 0, 0 
2015-02-10T03:12:30, 160.5, 0, 0, 0 
2015-02-10T03:17:30, 160.5, 0, 0, 0 
2015-02-10T03:22:30, 160.5, 0, 0, 0 
2015-02-10T03:27:30, 160.5, 0, 0, 0 
2015-02-10T03:32:30, 160.5, 0, 0, 0 
2015-02-10T03:37:30, 159.5, 0, 0, 0 
2015-02-10T03:42:30, 159.5, 0, 0, 0 
2015-02-10T03:47:30, 159.5, 0, 0, 0 
2015-02-10T03:52:30, 159.5, 0, 0, 0 
2015-02-10T03:57:30, 159.5, 0, 0, 0 
2015-02-10T04:02:30, 159.496551724, 0, 0, 0 
2015-02-10T04:07:30, 159.5, 0, 0, 0 
2015-02-10T04:12:30, 159.5, 0, 0, 0 
2015-02-10T04:17:30, 159.5, 0, 0, 0 
2015-02-10T04:22:30, 159.5, 0, 0, 0 
2015-02-10T04:27:30, 159.5, 0, 0, 0 
2015-02-10T04:32:30, 159.5, 0, 0, 0 
2015-02-10T04:37:30, 159.5, 0, 0, 0 
2015-02-10T04:42:30, 159.5, 0, 0, 0 
2015-02-10T04:47:30, 159.5, 0, 0, 0 
2015-02-10T04:52:30, 158.5, 0, 0, 0 
2015-02-10T04:57:30, 158.5, 0, 0, 0 
2015-02-10T05:02:30, 158.5, 0, 0, 0 
2015-02-10T05:07:30, 158.5, 0, 0, 0 
2015-02-10T05:12:30, 158.496183206, 0, 0, 0 
2015-02-10T05:17:30, 158.502762431, 0, 0, 0 
2015-02-10T05:22:30, 158.496183206, 0, 0, 0 
2015-02-10T05:27:30, 158.5, 0, 0, 0 
2015-02-10T05:32:30, 158.5, 0, 0, 0 
2015-02-10T05:37:30, 158.5, 0, 0, 0 
2015-02-10T05:42:30, 158.5, 0, 0, 0 
2015-02-10T05:47:30, 158.5, 0, 0, 0 
2015-02-10T05:52:30, 158.5, 0, 0, 0 
2015-02-10T05:57:30, 158.5, 0, 0, 0 
2015-02-10T06:02:30, 158.5, 0, 0, 0 
2015-02-10T06:07:30, 158.5, 0, 0, 0 
2015-02-10T06:12:30, 158.5, 0, 0, 0 
2015-02-10T06:17:30, 158.5, 0, 0, 0 
2015-02-10T06:22:30, 158.5, 0, 0, 0 
2015-02-10T06:27:30, 157.5, 0, 0, 0 
2015-02-10T06:32:30, 157.5, 0, 0, 0 
2015-02-10T06:37:30, 157.495049505, 0, 0, 0 
2015-02-10T06:42:30, 157.5, 0, 0, 0 
2015-02-10T06:47:30, 157.5, 0, 0, 0 
2015-02-10T06:52:30, 157.5, 0, 0, 0 
2015-02-10T06:57:30, 157.5, 0, 0, 0 
2015-02-10T07:02:30, 157.5, 0, 0, 0 
2015-02-10T07:07:30, 157.5, 0, 0, 0 
2015-02-10T07:12:30, 157.5, 0, 0, 0 
2015-02-10T07:17:30, 157.5, 0, 0, 0 
2015-02-10T07:22:30, 157.5, 0, 0, 0 
2015-02-10T07:27:30, 157.5, 0, 0, 0 
2015-02-10T07:32:30, 157.5, 0, 0, 0 
2015-02-10T07:37:30, 157.5, 0, 0, 0 
2015-02-10T07:42:30, 157.5, 0, 0, 0 
2015-02-10T07:47:30, 157.5, 0, 0, 0 
2015-02-10T07:52:30, 156.5, 0, 0, 0 
2015-02-10T07:57:30, 156.5, 0, 0, 0 
2015-02-10T08:02:30, 156.5, 0, 0, 0 
2015-02-10T08:07:30, 156.497297297, 0, 0, 0 
2015-02-10T08:12:30, 156.502824859, 0, 0, 0 
2015-02-10T08:17:30, 156.496402878, 0, 0, 0 
2015-02-10T08:22:30, 156.5, 0, 0, 0 
2015-02-10T08:27:30, 156.5, 0, 0, 0 
2015-02-10T08:32:30, 156.5, 0, 0, 0 
2015-02-10T08:37:30, 156.5, 0, 0, 0 
2015-02-10T08:42:30, 156.5, 0, 0, 0 
2015-02-10T08:47:30, 156.5, 0, 0, 0 
2015-02-10T08:52:30, 156.5, 0, 0, 0 
2015-02-10T08:57:30, 156.5, 0, 0, 0 
2015-02-10T09:02:30, 156.5, 0, 0, 0 
2015-02-10T09:07:30, 156.538461538, 0, 0, 0 
2015-02-10T09:12:30, 156.538461538, 0, 0, 0 
2015-02-10T09:17:30, 157.505617978, 0, 0, 0 
2015-02-10T09:22:30, 157.5, 0, 0, 0 
2015-02-10T09:27:30, 158.5, 0, 0, 0 
2015-02-10T09:32:30, 158.512195122, 0, 0, 0 
2015-02-10T09:37:30, 159.5, 0, 0, 0 
2015-02-10T09:42:30, 159.505263158, 0, 0, 0 
2015-02-10T09:47:30, 161.0, 0, 0, 0 
2015-02-10T09:52:30, 160.5, 0, 0, 0 
2015-02-10T09:57:30, 161.5, 0, 0, 0 
2015-02-10T10:02:30, 161.506329114, 0, 0, 0 
2015-02-10T10:07:30, 162.5, 0, 0, 0 
2015-02-10T10:12:30, 162.505747126, 0, 0, 0 
2015-02-10T10:17:30, 191.174418605, 0, 0, 0 
2015-02-10T10:22:30, 222.177083333, 0, 0, 0 
2015-02-10T10:27:30, 230.31, 0, 0, 0 
2015-02-10T10:32:30, 237.366197183, 0, 0, 0 
2015-02-10T10:37:30, 244.66, 0, 0, 0 
2015-02-10T10:42:30, 251.622641509, 0, 0, 0 
2015-02-10T10:47:30, 257.961722488, 0, 0, 0 
2015-02-10T10:52:30, 264.769230769, 0, 0, 0 
2015-02-10T10:57:30, 270.893719807, 0, 0, 0 
2015-02-10T11:02:30, 277.072916667, 0, 0, 0 
2015-02-10T11:07:30, 283.25, 0, 0, 0 
2015-02-10T11:12:30, 289.287128713, 0, 0, 0 
2015-02-10T11:17:30, 295.633165829, 0, 0, 0 
2015-02-10T11:22:30, 301.831683168, 0, 0, 0 
2015-02-10T11:27:30, 307.323232323, 0, 0, 0 
2015-02-10T11:32:30, 313.173076923, 0, 0, 0 
2015-02-10T11:37:30, 318.663461538, 0, 0, 0 
2015-02-10T11:42:30, 324.25, 0, 0, 0 
2015-02-10T11:47:30, 329.903669725, 0, 0, 0 
2015-02-10T11:52:30, 334.984771574, 0, 0, 0 
2015-02-10T11:57:30, 340.081730769, 0, 0, 0 
2015-02-10T12:02:30, 344.927835052, 0, 0, 0 
2015-02-10T12:07:30, 347.330143541, 0, 0, 0 
2015-02-10T12:12:30, 346.285, 0, 0, 0 
2015-02-10T12:17:30, 350.791666667, 0, 0, 0 
2015-02-10T12:22:30, 353.147783251, 0, 0, 0 
2015-02-10T12:27:30, 353.058536585, 0, 0, 0 
2015-02-10T12:32:30, 353.693467337, 0, 0, 0 
2015-02-10T12:37:30, 349.661764706, 0, 0, 0 
2015-02-10T12:42:30, 342.802955665, 0, 0, 0 
2015-02-10T12:47:30, 338.61928934, 0, 0, 0 
2015-02-10T12:52:30, 336.353233831, 0, 0, 0 
2015-02-10T12:57:30, 334.453608247, 0, 0, 0 
2015-02-10T13:02:30, 333.374331551, 0, 0, 0 
2015-02-10T13:07:30, 333.488372093, 0, 0, 0 
2015-02-10T13:12:30, 332.975728155, 0, 0, 0 
2015-02-10T13:17:30, 332.588832487, 0, 0, 0 
2015-02-10T13:22:30, 332.16751269, 0, 0, 0 
2015-02-10T13:27:30, 332.274111675, 0, 0, 0 
2015-02-10T13:32:30, 331.926701571, 0, 0, 0 
2015-02-10T13:37:30, 332.823834197, 0, 0, 0 
2015-02-10T13:42:30, 310.447368421, 0, 0, 0 
2015-02-10T13:47:30, 303.144444444, 0, 0, 0 
2015-02-10T13:52:30, 302.504347826, 0, 0, 0 
2015-02-10T13:57:30, 302.5, 0, 0, 0 
2015-02-10T14:02:30, 302.096153846, 0, 0, 0 
2015-02-10T14:07:30, 301.076271186, 0, 0, 0 
2015-02-10T14:12:30, 301.452991453, 0, 0, 0 
2015-02-10T14:17:30, 301.775193798, 0, 0, 0 
2015-02-10T14:22:30, 303.137931034, 0, 0, 0 
2015-02-10T14:27:30, 304.5, 0, 0, 0 
2015-02-10T14:32:30, 305.144444444, 0, 0, 0 
2015-02-10T14:37:30, 306.126213592, 0, 0, 0 
2015-02-10T14:42:30, 307.0, 0, 0, 0 
2015-02-10T14:47:30, 308.343137255, 0, 0, 0 
2015-02-10T14:52:30, 309.718181818, 0, 0, 0 
2015-02-10T14:57:30, 310.823943662, 0, 0, 0 
2015-02-10T15:02:30, 312.175257732, 0, 0, 0 
2015-02-10T15:07:30, 313.552941176, 0, 0, 0 
2015-02-10T15:12:30, 314.505050505, 0, 0, 0 
2015-02-10T15:17:30, 315.858974359, 0, 0, 0 
2015-02-10T15:22:30, 316.908396947, 0, 0, 0 
2015-02-10T15:27:30, 318.025423729, 0, 0, 0 
2015-02-10T15:32:30, 318.5, 0, 0, 0 
2015-02-10T15:37:30, 318.567567568, 0, 0, 0 
2015-02-10T15:42:30, 319.50877193, 0, 0, 0 
2015-02-10T15:47:30, 319.497297297, 0, 0, 0 
2015-02-10T15:52:30, 319.503759398, 0, 0, 0 
2015-02-10T15:57:30, 319.5, 0, 0, 0 
2015-02-10T16:02:30, 319.775862069, 0, 0, 0 
2015-02-10T16:07:30, 319.273972603, 0, 0, 0 
2015-02-10T16:12:30, 317.805309735, 0, 0, 0 
2015-02-10T16:17:30, 316.555555556, 0, 0, 0 
2015-02-10T16:22:30, 316.315789474, 0, 0, 0 
2015-02-10T16:27:30, 315.624, 0, 0, 0 
2015-02-10T16:32:30, 315.066666667, 0, 0, 0 
2015-02-10T16:37:30, 314.861386139, 0, 0, 0 
2015-02-10T16:42:30, 314.385321101, 0, 0, 0 
2015-02-10T16:47:30, 314.365384615, 0, 0, 0 
2015-02-10T16:52:30, 313.554794521, 0, 0, 0 
2015-02-10T16:57:30, 314.157142857, 0, 0, 0 
2015-02-10T17:02:30, 313.991452991, 0, 0, 0 
2015-02-10T17:07:30, 314.5, 0, 0, 0 
2015-02-10T17:12:30, 314.5, 0, 0, 0 
2015-02-10T17:17:30, 315.441176471, 0, 0, 0 
2015-02-10T17:22:30, 315.503759398, 0, 0, 0 
2015-02-10T17:27:30, 311.915492958, 0, 0, 0 
2015-02-10T17:32:30, 305.87755102, 0, 0, 0 
2015-02-10T17:37:30, 305.481481481, 0, 0, 0 
2015-02-10T17:42:30, 305.5, 0, 0, 0 
2015-02-10T17:47:30, 305.5, 0, 0, 0 
2015-02-10T17:52:30, 304.5, 0, 0, 0 
2015-02-10T17:57:30, 304.5, 0, 0, 0 
2015-02-10T18:02:30, 304.5, 0, 0, 0 
2015-02-10T18:07:30, 304.493333333, 0, 0, 0 
2015-02-10T18:12:30, 304.5, 0, 0, 0 
2015-02-10T18:17:30, 303.492307692, 0, 0, 0 
2015-02-10T18:22:30, 303.0, 0, 0, 0 
2015-02-10T18:27:30, 302.5, 0, 0, 0 
2015-02-10T18:32:30, 302.496062992, 0, 0, 0 
2015-02-10T18:37:30, 302.5, 0, 0, 0 
2015-02-10T18:42:30, 301.5, 0, 0, 0 
2015-02-10T18:47:30, 301.495049505, 0, 0, 0 
2015-02-10T18:52:30, 301.5, 0, 0, 0 
2015-02-10T18:57:30, 301.5, 0, 0, 0 
2015-02-10T19:02:30, 301.5, 0, 0, 0 
2015-02-10T19:07:30, 300.5, 0, 0, 0 
2015-02-10T19:12:30, 300.496183206, 0, 0, 0 
2015-02-10T19:17:30, 300.5, 0, 0, 0 
2015-02-10T19:22:30, 299.454545455, 0, 0, 0 
2015-02-10T19:27:30, 299.5, 0, 0, 0 
2015-02-10T19:32:30, 299.5, 0, 0, 0 
2015-02-10T19:37:30, 299.5, 0, 0, 0 
2015-02-10T19:42:30, 298.5, 0, 0, 0 
2015-02-10T19:47:30, 298.496551724, 0, 0, 0 
2015-02-10T19:52:30, 298.5, 0, 0, 0 
2015-02-10T19:57:30, 297.5, 0, 0, 0 
2015-02-10T20:02:30, 297.495049505, 0, 0, 0 
2015-02-10T20:07:30, 297.5, 0, 0, 0 
2015-02-10T20:12:30, 297.5, 0, 0, 0 
2015-02-10T20:17:30, 296.47826087, 0, 0, 0 
2015-02-10T20:22:30, 296.5, 0, 0, 0 
2015-02-10T20:27:30, 296.5, 0, 0, 0 
2015-02-10T20:32:30, 296.3, 0, 0, 0 
2015-02-10T20:37:30, 295.5, 0, 0, 0 
2015-02-10T20:42:30, 295.490566038, 0, 0, 0 
2015-02-10T20:47:30, 295.490566038, 0, 0, 0 
2015-02-10T20:52:30, 294.5, 0, 0, 0 
2015-02-10T20:57:30, 294.5, 0, 0, 0 
2015-02-10T21:02:30, 294.495412844, 0, 0, 0 
2015-02-10T21:07:30, 294.5, 0, 0, 0 
2015-02-10T21:12:30, 294.5, 0, 0, 0 
2015-02-10T21:17:30, 293.488372093, 0, 0, 0 
2015-02-10T21:22:30, 293.5, 0, 0, 0 
2015-02-10T21:27:30, 293.5, 0, 0, 0 
2015-02-10T21:32:30, 292.5, 0, 0, 0 
2015-02-10T21:37:30, 292.5, 0, 0, 0 
2015-02-10T21:42:30, 292.495934959, 0, 0, 0 
2015-02-10T21:47:30, 292.5, 0, 0, 0 
2015-02-10T21:52:30, 291.5, 0, 0, 0 
2015-02-10T21:57:30, 291.5, 0, 0, 0 
2015-02-10T22:02:30, 291.495495495, 0, 0, 0 
2015-02-10T22:07:30, 291.5, 0, 0, 0 
2015-02-10T22:12:30, 290.5, 0, 0, 0 
2015-02-10T22:17:30, 290.493670886, 0, 0, 0 
2015-02-10T22:22:30, 290.5, 0, 0, 0 
2015-02-10T22:27:30, 290.357142857, 0, 0, 0 
2015-02-10T22:32:30, 289.5, 0, 0, 0 
2015-02-10T22:37:30, 289.495934959, 0, 0, 0 
2015-02-10T22:42:30, 289.5, 0, 0, 0 
2015-02-10T22:47:30, 289.5, 0, 0, 0 
2015-02-10T22:52:30, 289.5, 0, 0, 0 
2015-02-10T22:57:30, 288.5, 0, 0, 0 
2015-02-10T23:02:30, 288.481481481, 0, 0, 0 
2015-02-10T23:07:30, 288.481481481, 0, 0, 0 
2015-02-10T23:12:30, 287.545454545, 0, 0, 0 
2015-02-10T23:17:30, 287.5, 0, 0, 0 
2015-02-10T23:22:30, 287.496, 0, 0, 0 
2015-02-10T23:27:30, 287.5, 0, 0, 0 
2015-02-10T23:32:30, 286.5, 0, 0, 0 
2015-02-10T23:37:30, 286.492753623, 0, 0, 0 
2015-02-10T23:42:30, 286.5, 0, 0, 0 
2015-02-10T23:47:30, 286.5, 0, 0, 0 
2015-02-10T23:52:30, 286.5, 0, 0, 0 
2015-02-10T23:57:30, 285.5, 0, 0, 0 
2015-02-11T00:02:30, 285.5, 0, 0, 0 
2015-02-11T00:07:30, 285.5, 0, 0, 0 
2015-02-11T00:12:30, 285.496453901, 0, 0, 0 
2015-02-11T00:17:30, 285.5, 0, 0, 0 
2015-02-11T00:22:30, 285.5, 0, 0, 0 
2015-02-11T00:27:30, 285.5, 0, 0, 0 
2015-02-11T00:32:30, 284.5, 0, 0, 0 
2015-02-11T00:37:30, 284.495145631, 0, 0, 0 
2015-02-11T00:42:30, 284.5, 0, 0, 0 
2015-02-11T00:47:30, 284.5, 0, 0, 0 
2015-02-11T00:52:30, 284.5, 0, 0, 0 
2015-02-11T00:57:30, 283.5, 0, 0, 0 
2015-02-11T01:02:30, 283.5, 0, 0, 0 
2015-02-11T01:07:30, 283.5, 0, 0, 0 
2015-02-11T01:12:30, 283.495726496, 0, 0, 0 
2015-02-11T01:17:30, 283.5, 0, 0, 0 
2015-02-11T01:22:30, 282.5, 0, 0, 0 
2015-02-11T01:27:30, 282.495652174, 0, 0, 0 
2015-02-11T01:32:30, 282.5, 0, 0, 0 
2015-02-11T01:37:30, 282.5, 0, 0, 0 
2015-02-11T01:42:30, 282.5, 0, 0, 0 
2015-02-11T01:47:30, 282.5, 0, 0, 0 
2015-02-11T01:52:30, 281.5, 0, 0, 0 
2015-02-11T01:57:30, 281.5, 0, 0, 0 
2015-02-11T02:02:30, 281.496644295, 0, 0, 0 
2015-02-11T02:07:30, 281.5, 0, 0, 0 
2015-02-11T02:12:30, 281.5, 0, 0, 0 
2015-02-11T02:17:30, 281.5, 0, 0, 0 
2015-02-11T02:22:30, 280.5, 0, 0, 0 
2015-02-11T02:27:30, 280.5, 0, 0, 0 
2015-02-11T02:32:30, 280.5, 0, 0, 0 
2015-02-11T02:37:30, 280.5, 0, 0, 0 
2015-02-11T02:42:30, 280.49689441, 0, 0, 0 
2015-02-11T02:47:30, 280.5, 0, 0, 0 
2015-02-11T02:52:30, 280.5, 0, 0, 0 
2015-02-11T02:57:30, 279.611111111, 0, 0, 0 
2015-02-11T03:02:30, 279.5, 0, 0, 0 
2015-02-11T03:07:30, 279.492753623, 0, 0, 0 
2015-02-11T03:12:30, 279.504201681, 0, 0, 0 
2015-02-11T03:17:30, 279.496598639, 0, 0, 0 
2015-02-11T03:22:30, 279.5, 0, 0, 0 
2015-02-11T03:27:30, 279.5, 0, 0, 0 
2015-02-11T03:32:30, 279.5, 0, 0, 0 
2015-02-11T03:37:30, 279.5, 0, 0, 0 
2015-02-11T03:42:30, 279.5, 0, 0, 0 
2015-02-11T03:47:30, 278.5, 0, 0, 0 
2015-02-11T03:52:30, 278.5, 0, 0, 0 
2015-02-11T03:57:30, 278.494623656, 0, 0, 0 
2015-02-11T04:02:30, 278.5, 0, 0, 0 
2015-02-11T04:07:30, 278.5, 0, 0, 0 
2015-02-11T04:12:30, 277.5, 0, 0, 0 
2015-02-11T04:17:30, 277.5, 0, 0, 0 
2015-02-11T04:22:30, 277.495412844, 0, 0, 0 
2015-02-11T04:27:30, 277.5, 0, 0, 0 
2015-02-11T04:32:30, 277.5, 0, 0, 0 
2015-02-11T04:37:30, 277.5, 0, 0, 0 
2015-02-11T04:42:30, 276.5, 0, 0, 0 
2015-02-11T04:47:30, 276.494845361, 0, 0, 0 
2015-02-11T04:52:30, 276.5, 0, 0, 0 
2015-02-11T04:57:30, 276.5, 0, 0, 0 
2015-02-11T05:02:30, 276.5, 0, 0, 0 
2015-02-11T05:07:30, 276.5, 0, 0, 0 
2015-02-11T05:12:30, 276.5, 0, 0, 0 
2015-02-11T05:17:30, 275.5, 0, 0, 0 
2015-02-11T05:22:30, 275.5, 0, 0, 0 
2015-02-11T05:27:30, 275.5, 0, 0, 0 
2015-02-11T05:32:30, 275.495495495, 0, 0, 0 
2015-02-11T05:37:30, 275.5, 0, 0, 0 
2015-02-11T05:42:30, 275.5, 0, 0, 0 
2015-02-11T05:47:30, 274.5, 0, 0, 0 
2015-02-11T05:52:30, 274.5, 0, 0, 0 
2015-02-11T05:57:30, 274.5, 0, 0, 0 
2015-02-11T06:02:30, 274.5, 0, 0, 0 
2015-02-11T06:07:30, 274.5, 0, 0, 0 
2015-02-11T06:12:30, 274.493150685, 0, 0, 0 
2015-02-11T06:17:30, 274.50295858, 0, 0, 0 
2015-02-11T06:22:30, 274.5, 0, 0, 0 
2015-02-11T06:27:30, 274.490566038, 0, 0, 0 
2015-02-11T06:32:30, 274.490566038, 0, 0, 0 
2015-02-11T06:37:30, 273.5, 0, 0, 0 
2015-02-11T06:42:30, 273.494252874, 0, 0, 0 
2015-02-11T06:47:30, 273.5, 0, 0, 0 
2015-02-11T06:52:30, 273.5, 0, 0, 0 
2015-02-11T06:57:30, 272.5, 0, 0, 0 
2015-02-11T07:02:30, 272.5, 0, 0, 0 
2015-02-11T07:07:30, 272.5, 0, 0, 0 
2015-02-11T07:12:30, 272.495238095, 0, 0, 0 
2015-02-11T07:17:30, 272.5, 0, 0, 0 
2015-02-11T07:22:30, 272.509090909, 0, 0, 0 
2015-02-11T07:27:30, 272.454545455, 0, 0, 0 
2015-02-11T07:32:30, 271.5, 0, 0, 0 
2015-02-11T07:37:30, 271.5, 0, 0, 0 
2015-02-11T07:42:30, 271.5, 0, 0, 0 
2015-02-11T07:47:30, 271.495652174, 0, 0, 0 
2015-02-11T07:52:30, 271.495652174, 0, 0, 0 
2015-02-11T07:57:30, 270.5, 0, 0, 0 
2015-02-11T08:02:30, 270.5, 0, 0, 0 
2015-02-11T08:07:30, 270.494117647, 0, 0, 0 
2015-02-11T08:12:30, 270.494117647, 0, 0, 0 
2015-02-11T08:17:30, 270.494117647, 0, 0, 0 
2015-02-11T08:22:30, 269.489361702, 0, 0, 0 
2015-02-11T08:27:30, 269.5, 0, 0, 0 
2015-02-11T08:32:30, 269.503496503, 0, 0, 0 
2015-02-11T08:37:30, 269.496969697, 0, 0, 0 
2015-02-11T08:42:30, 269.5, 0, 0, 0 
2015-02-11T08:47:30, 269.5, 0, 0, 0 
2015-02-11T08:52:30, 269.5, 0, 0, 0 
2015-02-11T08:57:30, 269.5, 0, 0, 0 
2015-02-11T09:02:30, 268.5, 0, 0, 0 
2015-02-11T09:07:30, 268.5, 0, 0, 0 
2015-02-11T09:12:30, 268.5, 0, 0, 0 
2015-02-11T09:17:30, 269.5, 0, 0, 0 
2015-02-11T09:22:30, 269.5, 0, 0, 0 
2015-02-11T09:27:30, 269.503597122, 0, 0, 0 
2015-02-11T09:32:30, 269.5, 0, 0, 0 
2015-02-11T09:37:30, 273.926829268, 0, 0, 0 
2015-02-11T09:42:30, 306.782608696, 0, 0, 0 
2015-02-11T09:47:30, 317.765550239, 0, 0, 0 
2015-02-11T09:52:30, 324.194312796, 0, 0, 0 
2015-02-11T09:57:30, 330.502304147, 0, 0, 0 
2015-02-11T10:02:30, 336.533653846, 0, 0, 0 
2015-02-11T10:07:30, 342.046511628, 0, 0, 0 
2015-02-11T10:12:30, 346.128571429, 0, 0, 0 
2015-02-11T10:17:30, 344.902564103, 0, 0, 0 
2015-02-11T10:22:30, 345.005988024, 0, 0, 0 
2015-02-11T10:27:30, 344.970930233, 0, 0, 0 
2015-02-11T10:32:30, 347.487046632, 0, 0, 0 
2015-02-11T10:37:30, 345.910891089, 0, 0, 0 
2015-02-11T10:42:30, 343.115384615, 0, 0, 0 
2015-02-11T10:47:30, 341.858695652, 0, 0, 0 
2015-02-11T10:52:30, 340.331491713, 0, 0, 0 
2015-02-11T10:57:30, 339.877358491, 0, 0, 0 
2015-02-11T11:02:30, 338.634517766, 0, 0, 0 
2015-02-11T11:07:30, 337.811926606, 0, 0, 0 
2015-02-11T11:12:30, 337.033980583, 0, 0, 0 
2015-02-11T11:17:30, 336.35078534, 0, 0, 0 
2015-02-11T11:22:30, 335.044692737, 0, 0, 0 
2015-02-11T11:27:30, 334.122807018, 0, 0, 0 
2015-02-11T11:32:30, 333.389534884, 0, 0, 0 
2015-02-11T11:37:30, 332.39800995, 0, 0, 0 
2015-02-11T11:42:30, 332.52970297, 0, 0, 0 
2015-02-11T11:47:30, 331.128078818, 0, 0, 0 
2015-02-11T11:52:30, 330.217391304, 0, 0, 0 
2015-02-11T11:57:30, 328.764705882, 0, 0, 0 
2015-02-11T12:02:30, 329.472081218, 0, 0, 0 
2015-02-11T12:07:30, 329.351648352, 0, 0, 0 
2015-02-11T12:12:30, 328.335164835, 0, 0, 0 
2015-02-11T12:17:30, 328.658031088, 0, 0, 0 
2015-02-11T12:22:30, 329.087179487, 0, 0, 0 
2015-02-11T12:27:30, 327.89119171, 0, 0, 0 
2015-02-11T12:32:30, 328.083333333, 0, 0, 0 
2015-02-11T12:37:30, 328.125, 0, 0, 0 
2015-02-11T12:42:30, 328.514423077, 0, 0, 0 
2015-02-11T12:47:30, 327.989071038, 0, 0, 0 
2015-02-11T12:52:30, 329.038834951, 0, 0, 0 
2015-02-11T12:57:30, 328.577540107, 0, 0, 0 
2015-02-11T13:02:30, 327.928205128, 0, 0, 0 
2015-02-11T13:07:30, 327.893048128, 0, 0, 0 
2015-02-11T13:12:30, 328.306306306, 0, 0, 0 
2015-02-11T13:17:30, 328.477832512, 0, 0, 0 
2015-02-11T13:22:30, 328.443298969, 0, 0, 0 
2015-02-11T13:27:30, 327.904040404, 0, 0, 0 
2015-02-11T13:32:30, 327.56, 0, 0, 0 
2015-02-11T13:37:30, 327.786096257, 0, 0, 0 
2015-02-11T13:42:30, 327.311627907, 0, 0, 0 
2015-02-11T13:47:30, 326.801932367, 0, 0, 0 
2015-02-11T13:52:30, 327.252808989, 0, 0, 0 
2015-02-11T13:57:30, 327.139896373, 0, 0, 0 
2015-02-11T14:02:30, 327.174603175, 0, 0, 0 
2015-02-11T14:07:30, 327.04784689, 0, 0, 0 
2015-02-11T14:12:30, 326.656410256, 0, 0, 0 
2015-02-11T14:17:30, 327.492462312, 0, 0, 0 
2015-02-11T14:22:30, 327.102150538, 0, 0, 0 
2015-02-11T14:27:30, 327.373831776, 0, 0, 0 
2015-02-11T14:32:30, 327.485714286, 0, 0, 0 
2015-02-11T14:37:30, 326.879227053, 0, 0, 0 
2015-02-11T14:42:30, 327.170506912, 0, 0, 0 
2015-02-11T14:47:30, 327.276995305, 0, 0, 0 
2015-02-11T14:52:30, 327.68115942, 0, 0, 0 
2015-02-11T14:57:30, 327.098958333, 0, 0, 0 
2015-02-11T15:02:30, 326.0, 0, 0, 0 
2015-02-11T15:07:30, 326.197916667, 0, 0, 0 
2015-02-11T15:12:30, 326.196629213, 0, 0, 0 
2015-02-11T15:17:30, 326.726256983, 0, 0, 0 
2015-02-11T15:22:30, 327.404371585, 0, 0, 0 
2015-02-11T15:27:30, 327.456410256, 0, 0, 0 
2015-02-11T15:32:30, 327.296116505, 0, 0, 0 
2015-02-11T15:37:30, 327.809756098, 0, 0, 0 
2015-02-11T15:42:30, 327.651515152, 0, 0, 0 
2015-02-11T15:47:30, 327.284090909, 0, 0, 0 
2015-02-11T15:52:30, 327.575129534, 0, 0, 0 
2015-02-11T15:57:30, 326.931937173, 0, 0, 0 
2015-02-11T16:02:30, 326.889400922, 0, 0, 0 
2015-02-11T16:07:30, 327.034653465, 0, 0, 0 
2015-02-11T16:12:30, 327.61452514, 0, 0, 0 
2015-02-11T16:17:30, 327.215686275, 0, 0, 0 
2015-02-11T16:22:30, 327.768115942, 0, 0, 0 
2015-02-11T16:27:30, 328.163157895, 0, 0, 0 
2015-02-11T16:32:30, 328.514563107, 0, 0, 0 
2015-02-11T16:37:30, 328.549295775, 0, 0, 0 
2015-02-11T16:42:30, 328.21, 0, 0, 0 
2015-02-11T16:47:30, 328.0, 0, 0, 0 
2015-02-11T16:52:30, 327.828125, 0, 0, 0 
2015-02-11T16:57:30, 327.725, 0, 0, 0 
2015-02-11T17:02:30, 327.87254902, 0, 0, 0 
2015-02-11T17:07:30, 327.427807487, 0, 0, 0 
2015-02-11T17:12:30, 327.125, 0, 0, 0 
2015-02-11T17:17:30, 327.204545455, 0, 0, 0 
2015-02-11T17:22:30, 326.918367347, 0, 0, 0 
2015-02-11T17:27:30, 323.586206897, 0, 0, 0 
2015-02-11T17:32:30, 317.419354839, 0, 0, 0 
2015-02-11T17:37:30, 316.478571429, 0, 0, 0 
2015-02-11T17:42:30, 315.784722222, 0, 0, 0 
2015-02-11T17:47:30, 315.967948718, 0, 0, 0 
2015-02-11T17:52:30, 316.574585635, 0, 0, 0 
2015-02-11T17:57:30, 317.76744186, 0, 0, 0 
2015-02-11T18:02:30, 318.367816092, 0, 0, 0 
2015-02-11T18:07:30, 318.981927711, 0, 0, 0 
2015-02-11T18:12:30, 319.421052632, 0, 0, 0 
2015-02-11T18:17:30, 319.488888889, 0, 0, 0 
2015-02-11T18:22:30, 319.711229947, 0, 0, 0 
2015-02-11T18:27:30, 320.256, 0, 0, 0 
2015-02-11T18:32:30, 320.448484848, 0, 0, 0 
2015-02-11T18:37:30, 320.656441718, 0, 0, 0 
2015-02-11T18:42:30, 321.040697674, 0, 0, 0 
2015-02-11T18:47:30, 321.186046512, 0, 0, 0 
2015-02-11T18:52:30, 321.654450262, 0, 0, 0 
2015-02-11T18:57:30, 321.531914894, 0, 0, 0 
2015-02-11T19:02:30, 321.85483871, 0, 0, 0 
2015-02-11T19:07:30, 322.382352941, 0, 0, 0 
2015-02-11T19:12:30, 322.485875706, 0, 0, 0 
2015-02-11T19:17:30, 322.861111111, 0, 0, 0 
2015-02-11T19:22:30, 322.786585366, 0, 0, 0 
2015-02-11T19:27:30, 322.893491124, 0, 0, 0 
2015-02-11T19:32:30, 323.033783784, 0, 0, 0 
2015-02-11T19:37:30, 323.183908046, 0, 0, 0 
2015-02-11T19:42:30, 323.316901408, 0, 0, 0 
2015-02-11T19:47:30, 323.292993631, 0, 0, 0 
2015-02-11T19:52:30, 323.550898204, 0, 0, 0 
2015-02-11T19:57:30, 323.988023952, 0, 0, 0 
2015-02-11T20:02:30, 323.75483871, 0, 0, 0 
2015-02-11T20:07:30, 324.018404908, 0, 0, 0 
2015-02-11T20:12:30, 323.885057471, 0, 0, 0 
2015-02-11T20:17:30, 323.445121951, 0, 0, 0 
2015-02-11T20:22:30, 323.989304813, 0, 0, 0 
2015-02-11T20:27:30, 324.006493506, 0, 0, 0 
2015-02-11T20:32:30, 324.286486486, 0, 0, 0 
2015-02-11T20:37:30, 324.727810651, 0, 0, 0 
2015-02-11T20:42:30, 324.50802139, 0, 0, 0 
2015-02-11T20:47:30, 325.041176471, 0, 0, 0 
2015-02-11T20:52:30, 324.605095541, 0, 0, 0 
2015-02-11T20:57:30, 325.041176471, 0, 0, 0 
2015-02-11T21:02:30, 324.672131148, 0, 0, 0 
2015-02-11T21:07:30, 324.722543353, 0, 0, 0 
2015-02-11T21:12:30, 324.552147239, 0, 0, 0 
2015-02-11T21:17:30, 324.567375887, 0, 0, 0 
2015-02-11T21:22:30, 324.592105263, 0, 0, 0 
2015-02-11T21:27:30, 324.577922078, 0, 0, 0 
2015-02-11T21:32:30, 324.539393939, 0, 0, 0 
2015-02-11T21:37:30, 324.925, 0, 0, 0 
2015-02-11T21:42:30, 324.867088608, 0, 0, 0 
2015-02-11T21:47:30, 324.616352201, 0, 0, 0 
2015-02-11T21:52:30, 325.273333333, 0, 0, 0 
2015-02-11T21:57:30, 324.902298851, 0, 0, 0 
2015-02-11T22:02:30, 325.521126761, 0, 0, 0 
2015-02-11T22:07:30, 325.607843137, 0, 0, 0 
2015-02-11T22:12:30, 325.435294118, 0, 0, 0 
2015-02-11T22:17:30, 325.593548387, 0, 0, 0 
2015-02-11T22:22:30, 325.560693642, 0, 0, 0 
2015-02-11T22:27:30, 325.765027322, 0, 0, 0 
2015-02-11T22:32:30, 325.766304348, 0, 0, 0 
2015-02-11T22:37:30, 326.213414634, 0, 0, 0 
2015-02-11T22:42:30, 326.107784431, 0, 0, 0 
2015-02-11T22:47:30, 325.971910112, 0, 0, 0 
2015-02-11T22:52:30, 325.711111111, 0, 0, 0 
2015-02-11T22:57:30, 325.585227273, 0, 0, 0 
2015-02-11T23:02:30, 325.331491713, 0, 0, 0 
2015-02-11T23:07:30, 325.923913043, 0, 0, 0 
2015-02-11T23:12:30, 326.202312139, 0, 0, 0 
2015-02-11T23:17:30, 326.605882353, 0, 0, 0 
2015-02-11T23:22:30, 326.397260274, 0, 0, 0 
2015-02-11T23:27:30, 327.08994709, 0, 0, 0 
2015-02-11T23:32:30, 326.810344828, 0, 0, 0 
2015-02-11T23:37:30, 327.090909091, 0, 0, 0 
2015-02-11T23:42:30, 327.154761905, 0, 0, 0 
2015-02-11T23:47:30, 327.170731707, 0, 0, 0 
2015-02-11T23:52:30, 327.2, 0, 0, 0 
2015-02-11T23:57:30, 327.484662577, 0, 0, 0 
2015-02-12T00:02:30, 327.807453416, 0, 0, 0 
2015-02-12T00:07:30, 327.724358974, 0, 0, 0 
2015-02-12T00:12:30, 328.072625698, 0, 0, 0 
2015-02-12T00:17:30, 327.237804878, 0, 0, 0 
2015-02-12T00:22:30, 327.5, 0, 0, 0 
2015-02-12T00:27:30, 327.281437126, 0, 0, 0 
2015-02-12T00:32:30, 326.905555556, 0, 0, 0 
2015-02-12T00:37:30, 326.878787879, 0, 0, 0 
2015-02-12T00:42:30, 327.021126761, 0, 0, 0 
2015-02-12T00:47:30, 327.0, 0, 0, 0 
2015-02-12T00:52:30, 327.271084337, 0, 0, 0 
2015-02-12T00:57:30, 327.506666667, 0, 0, 0 
2015-02-12T01:02:30, 327.9375, 0, 0, 0 
2015-02-12T01:07:30, 328.095808383, 0, 0, 0 
2015-02-12T01:12:30, 328.162011173, 0, 0, 0 
2015-02-12T01:17:30, 328.331521739, 0, 0, 0 
2015-02-12T01:22:30, 328.829896907, 0, 0, 0 
2015-02-12T01:27:30, 329.040462428, 0, 0, 0 
2015-02-12T01:32:30, 329.401197605, 0, 0, 0 
2015-02-12T01:37:30, 329.537037037, 0, 0, 0 
2015-02-12T01:42:30, 328.840490798, 0, 0, 0 
2015-02-12T01:47:30, 328.440217391, 0, 0, 0 
2015-02-12T01:52:30, 328.405555556, 0, 0, 0 
2015-02-12T01:57:30, 328.28125, 0, 0, 0 
2015-02-12T02:02:30, 328.562913907, 0, 0, 0 
2015-02-12T02:07:30, 328.032085561, 0, 0, 0 
2015-02-12T02:12:30, 327.865853659, 0, 0, 0 
2015-02-12T02:17:30, 328.084415584, 0, 0, 0 
2015-02-12T02:22:30, 327.845303867, 0, 0, 0 
2015-02-12T02:27:30, 327.810810811, 0, 0, 0 
2015-02-12T02:32:30, 327.961748634, 0, 0, 0 
2015-02-12T02:37:30, 327.894409938, 0, 0, 0 
2015-02-12T02:42:30, 328.479532164, 0, 0, 0 
2015-02-12T02:47:30, 328.551020408, 0, 0, 0 
2015-02-12T02:52:30, 328.849740933, 0, 0, 0 
2015-02-12T02:57:30, 329.142045455, 0, 0, 0 
2015-02-12T03:02:30, 329.37254902, 0, 0, 0 
2015-02-12T03:07:30, 329.166666667, 0, 0, 0 
2015-02-12T03:12:30, 329.651612903, 0, 0, 0 
2015-02-12T03:17:30, 330.019230769, 0, 0, 0 
2015-02-12T03:22:30, 329.320512821, 0, 0, 0 
2015-02-12T03:27:30, 329.62371134, 0, 0, 0 
2015-02-12T03:32:30, 329.850299401, 0, 0, 0 
2015-02-12T03:37:30, 329.526315789, 0, 0, 0 
2015-02-12T03:42:30, 329.487179487, 0, 0, 0 
2015-02-12T03:47:30, 329.40397351, 0, 0, 0 
2015-02-12T03:52:30, 329.653594771, 0, 0, 0 
2015-02-12T03:57:30, 330.695402299, 0, 0, 0 
2015-02-12T04:02:30, 331.121621622, 0, 0, 0 
2015-02-12T04:07:30, 330.691275168, 0, 0, 0 
2015-02-12T04:12:30, 330.570422535, 0, 0, 0 
2015-02-12T04:17:30, 330.203947368, 0, 0, 0 
2015-02-12T04:22:30, 330.415300546, 0, 0, 0 
2015-02-12T04:27:30, 330.149171271, 0, 0, 0 
2015-02-12T04:32:30, 330.195876289, 0, 0, 0 
2015-02-12T04:37:30, 329.661654135, 0, 0, 0 
2015-02-12T04:42:30, 329.833333333, 0, 0, 0 
2015-02-12T04:47:30, 330.134969325, 0, 0, 0 
2015-02-12T04:52:30, 330.220338983, 0, 0, 0 
2015-02-12T04:57:30, 330.058479532, 0, 0, 0 
2015-02-12T05:02:30, 330.093406593, 0, 0, 0 
2015-02-12T05:07:30, 330.47027027, 0, 0, 0 
2015-02-12T05:12:30, 330.497005988, 0, 0, 0 
2015-02-12T05:17:30, 330.704918033, 0, 0, 0 
2015-02-12T05:22:30, 330.758064516, 0, 0, 0 
2015-02-12T05:27:30, 330.87037037, 0, 0, 0 
2015-02-12T05:32:30, 331.202614379, 0, 0, 0 
2015-02-12T05:37:30, 331.615384615, 0, 0, 0 
2015-02-12T05:42:30, 331.471698113, 0, 0, 0 
2015-02-12T05:47:30, 331.053191489, 0, 0, 0 
2015-02-12T05:52:30, 331.378531073, 0, 0, 0 
2015-02-12T05:57:30, 331.016216216, 0, 0, 0 
2015-02-12T06:02:30, 330.869565217, 0, 0, 0 
2015-02-12T06:07:30, 330.635802469, 0, 0, 0 
2015-02-12T06:12:30, 330.614906832, 0, 0, 0 
2015-02-12T06:17:30, 330.585365854, 0, 0, 0 
2015-02-12T06:22:30, 330.421621622, 0, 0, 0 
2015-02-12T06:27:30, 330.502645503, 0, 0, 0 
2015-02-12T06:32:30, 330.894039735, 0, 0, 0 
2015-02-12T06:37:30, 331.269662921, 0, 0, 0 
2015-02-12T06:42:30, 331.5, 0, 0, 0 
2015-02-12T06:47:30, 331.519553073, 0, 0, 0 
2015-02-12T06:52:30, 331.548571429, 0, 0, 0 
2015-02-12T06:57:30, 331.531073446, 0, 0, 0 
2015-02-12T07:02:30, 331.770588235, 0, 0, 0 
2015-02-12T07:07:30, 332.435582822, 0, 0, 0 
2015-02-12T07:12:30, 332.52991453, 0, 0, 0 
2015-02-12T07:17:30, 332.590909091, 0, 0, 0 
2015-02-12T07:22:30, 332.411428571, 0, 0, 0 
2015-02-12T07:27:30, 331.830188679, 0, 0, 0 
2015-02-12T07:32:30, 331.51572327, 0, 0, 0 
2015-02-12T07:37:30, 331.813953488, 0, 0, 0 
2015-02-12T07:42:30, 331.5, 0, 0, 0 
2015-02-12T07:47:30, 332.362068966, 0, 0, 0 
2015-02-12T07:52:30, 332.266233766, 0, 0, 0 
2015-02-12T07:57:30, 332.098159509, 0, 0, 0 
2015-02-12T08:02:30, 331.698412698, 0, 0, 0 
2015-02-12T08:07:30, 331.462068966, 0, 0, 0 
2015-02-12T08:12:30, 331.609756098, 0, 0, 0 
2015-02-12T08:17:30, 332.413793103, 0, 0, 0 
2015-02-12T08:22:30, 333.006410256, 0, 0, 0 
2015-02-12T08:27:30, 332.720930233, 0, 0, 0 
2015-02-12T08:32:30, 332.982142857, 0, 0, 0 
2015-02-12T08:37:30, 332.595375723, 0, 0, 0 
2015-02-12T08:42:30, 331.810218978, 0, 0, 0 
2015-02-12T08:47:30, 332.125603865, 0, 0, 0 
2015-02-12T08:52:30, 331.904761905, 0, 0, 0 
2015-02-12T08:57:30, 331.5, 0, 0, 0 
2015-02-12T09:02:30, 331.217948718, 0, 0, 0 
2015-02-12T09:07:30, 331.186528497, 0, 0, 0 
2015-02-12T09:12:30, 331.213483146, 0, 0, 0 
2015-02-12T09:17:30, 331.111764706, 0, 0, 0 
2015-02-12T09:22:30, 330.684563758, 0, 0, 0 
2015-02-12T09:27:30, 330.919354839, 0, 0, 0 
2015-02-12T09:32:30, 330.538461538, 0, 0, 0 
2015-02-12T09:37:30, 330.522222222, 0, 0, 0 
2015-02-12T09:42:30, 331.193069307, 0, 0, 0 
2015-02-12T09:47:30, 331.290909091, 0, 0, 0 
2015-02-12T09:52:30, 331.485549133, 0, 0, 0 
2015-02-12T09:57:30, 331.742138365, 0, 0, 0 
2015-02-12T10:02:30, 331.692857143, 0, 0, 0 
2015-02-12T10:07:30, 332.006802721, 0, 0, 0 
2015-02-12T10:12:30, 331.971098266, 0, 0, 0 
2015-02-12T10:17:30, 331.615384615, 0, 0, 0 
2015-02-12T10:22:30, 331.366459627, 0, 0, 0 
2015-02-12T10:27:30, 331.315436242, 0, 0, 0 
2015-02-12T10:32:30, 331.124260355, 0, 0, 0 
2015-02-12T10:37:30, 331.277777778, 0, 0, 0 
2015-02-12T10:42:30, 330.965116279, 0, 0, 0 
2015-02-12T10:47:30, 330.507692308, 0, 0, 0 
2015-02-12T10:52:30, 330.469273743, 0, 0, 0 
2015-02-12T10:57:30, 329.937142857, 0, 0, 0 
2015-02-12T11:02:30, 329.644171779, 0, 0, 0 
2015-02-12T11:07:30, 329.731428571, 0, 0, 0 
2015-02-12T11:12:30, 329.971098266, 0, 0, 0 
2015-02-12T11:17:30, 329.586956522, 0, 0, 0 
2015-02-12T11:22:30, 329.660493827, 0, 0, 0 
2015-02-12T11:27:30, 329.58041958, 0, 0, 0 
2015-02-12T11:32:30, 329.928176796, 0, 0, 0 
2015-02-12T11:37:30, 329.601156069, 0, 0, 0 
2015-02-12T11:42:30, 329.852348993, 0, 0, 0 
2015-02-12T11:47:30, 329.832298137, 0, 0, 0 
2015-02-12T11:52:30, 329.660818713, 0, 0, 0 
2015-02-12T11:57:30, 329.176100629, 0, 0, 0 
2015-02-12T12:02:30, 329.341317365, 0, 0, 0 
2015-02-12T12:07:30, 328.994318182, 0, 0, 0 
2015-02-12T12:12:30, 329.454022989, 0, 0, 0 
2015-02-12T12:17:30, 329.536723164, 0, 0, 0 
2015-02-12T12:22:30, 329.497076023, 0, 0, 0 
2015-02-12T12:27:30, 329.482758621, 0, 0, 0 
2015-02-12T12:32:30, 329.578034682, 0, 0, 0 
2015-02-12T12:37:30, 329.464912281, 0, 0, 0 
2015-02-12T12:42:30, 329.594936709, 0, 0, 0 
2015-02-12T12:47:30, 329.459459459, 0, 0, 0 
2015-02-12T12:52:30, 329.097701149, 0, 0, 0 
2015-02-12T12:57:30, 329.282208589, 0, 0, 0 
2015-02-12T13:02:30, 329.018867925, 0, 0, 0 
2015-02-12T13:07:30, 328.843575419, 0, 0, 0 
2015-02-12T13:12:30, 328.87037037, 0, 0, 0 
2015-02-12T13:17:30, 328.425149701, 0, 0, 0 
2015-02-12T13:22:30, 328.594285714, 0, 0, 0 
2015-02-12T13:27:30, 328.145348837, 0, 0, 0 
2015-02-12T13:32:30, 328.569148936, 0, 0, 0 
2015-02-12T13:37:30, 328.636842105, 0, 0, 0 
2015-02-12T13:42:30, 328.966480447, 0, 0, 0 
2015-02-12T13:47:30, 328.831325301, 0, 0, 0 
2015-02-12T13:52:30, 328.917197452, 0, 0, 0 
2015-02-12T13:57:30, 328.93956044, 0, 0, 0 
2015-02-12T14:02:30, 328.437869822, 0, 0, 0 
2015-02-12T14:07:30, 328.145251397, 0, 0, 0 
2015-02-12T14:12:30, 328.086206897, 0, 0, 0 
2015-02-12T14:17:30, 328.006024096, 0, 0, 0 
2015-02-12T14:22:30, 327.832402235, 0, 0, 0 
2015-02-12T14:27:30, 327.648809524, 0, 0, 0 
2015-02-12T14:32:30, 327.09202454, 0, 0, 0 
2015-02-12T14:37:30, 327.801169591, 0, 0, 0 
2015-02-12T14:42:30, 327.237179487, 0, 0, 0 
2015-02-12T14:47:30, 326.925465839, 0, 0, 0 
2015-02-12T14:52:30, 327.035294118, 0, 0, 0 
2015-02-12T14:57:30, 327.028571429, 0, 0, 0 
2015-02-12T15:02:30, 326.828947368, 0, 0, 0 
2015-02-12T15:07:30, 327.068062827, 0, 0, 0 
2015-02-12T15:12:30, 327.3, 0, 0, 0 
2015-02-12T15:17:30, 326.972222222, 0, 0, 0 
2015-02-12T15:22:30, 327.042944785, 0, 0, 0 
2015-02-12T15:27:30, 326.272727273, 0, 0, 0 
2015-02-12T15:32:30, 326.773049645, 0, 0, 0 
2015-02-12T15:37:30, 326.463276836, 0, 0, 0 
2015-02-12T15:42:30, 325.994047619, 0, 0, 0 
2015-02-12T15:47:30, 326.114942529, 0, 0, 0 
2015-02-12T15:52:30, 326.111888112, 0, 0, 0 
2015-02-12T15:57:30, 325.87150838, 0, 0, 0 
2015-02-12T16:02:30, 326.382352941, 0, 0, 0 
2015-02-12T16:07:30, 325.90647482, 0, 0, 0 
2015-02-12T16:12:30, 326.330827068, 0, 0, 0 
2015-02-12T16:17:30, 326.330827068, 0, 0, 0 
2015-02-12T16:22:30, 326.330827068, 0, 0, 0 
2015-02-12T16:27:30, 326.697478992, 0, 0, 0 
2015-02-12T16:32:30, 326.248484848, 0, 0, 0 
2015-02-12T16:37:30, 326.790123457, 0, 0, 0 
2015-02-12T16:42:30, 326.244047619, 0, 0, 0 
2015-02-12T16:47:30, 326.516666667, 0, 0, 0 
2015-02-12T16:52:30, 326.25748503, 0, 0, 0 
2015-02-12T16:57:30, 325.73255814, 0, 0, 0 
2015-02-12T17:02:30, 326.055555556, 0, 0, 0 
2015-02-12T17:07:30, 325.408450704, 0, 0, 0 
2015-02-12T17:12:30, 325.37654321, 0, 0, 0 
2015-02-12T17:17:30, 325.464646465, 0, 0, 0 
2015-02-12T17:22:30, 325.041176471, 0, 0, 0 
2015-02-12T17:27:30, 325.158469945, 0, 0, 0 
2015-02-12T17:32:30, 324.782608696, 0, 0, 0 
2015-02-12T17:37:30, 324.77173913, 0, 0, 0 
2015-02-12T17:42:30, 325.311258278, 0, 0, 0 
2015-02-12T17:47:30, 324.901734104, 0, 0, 0 
2015-02-12T17:52:30, 325.502702703, 0, 0, 0 
2015-02-12T17:57:30, 325.430769231, 0, 0, 0 
2015-02-12T18:02:30, 325.525641026, 0, 0, 0 
2015-02-12T18:07:30, 325.820359281, 0, 0, 0 
2015-02-12T18:12:30, 325.729323308, 0, 0, 0 
2015-02-12T18:17:30, 325.828729282, 0, 0, 0 
2015-02-12T18:22:30, 325.884615385, 0, 0, 0 
2015-02-12T18:27:30, 326.914893617, 0, 0, 0 
2015-02-12T18:32:30, 327.535211268, 0, 0, 0 
2015-02-12T18:37:30, 327.847953216, 0, 0, 0 
2015-02-12T18:42:30, 327.815642458, 0, 0, 0 
2015-02-12T18:47:30, 327.993975904, 0, 0, 0 
2015-02-12T18:52:30, 327.888888889, 0, 0, 0 
2015-02-12T18:57:30, 328.205673759, 0, 0, 0 
2015-02-12T19:02:30, 328.557471264, 0, 0, 0 
2015-02-12T19:07:30, 328.503225806, 0, 0, 0 
2015-02-12T19:12:30, 327.98265896, 0, 0, 0 
2015-02-12T19:17:30, 328.38121547, 0, 0, 0 
2015-02-12T19:22:30, 328.680232558, 0, 0, 0 
2015-02-12T19:27:30, 329.149171271, 0, 0, 0 
2015-02-12T19:32:30, 328.921052632, 0, 0, 0 
2015-02-12T19:37:30, 329.018404908, 0, 0, 0 
2015-02-12T19:42:30, 328.896341463, 0, 0, 0 
2015-02-12T19:47:30, 329.089820359, 0, 0, 0 
2015-02-12T19:52:30, 328.578947368, 0, 0, 0 
2015-02-12T19:57:30, 329.303030303, 0, 0, 0 
2015-02-12T20:02:30, 328.860962567, 0, 0, 0 
2015-02-12T20:07:30, 329.083832335, 0, 0, 0 
2015-02-12T20:12:30, 329.579617834, 0, 0, 0 
2015-02-12T20:17:30, 330.074285714, 0, 0, 0 
2015-02-12T20:22:30, 330.226027397, 0, 0, 0 
2015-02-12T20:27:30, 330.114130435, 0, 0, 0 
2015-02-12T20:32:30, 330.167741935, 0, 0, 0 
2015-02-12T20:37:30, 329.976744186, 0, 0, 0 
2015-02-12T20:42:30, 330.005813953, 0, 0, 0 
2015-02-12T20:47:30, 330.360946746, 0, 0, 0 
2015-02-12T20:52:30, 330.606557377, 0, 0, 0 
2015-02-12T20:57:30, 330.284768212, 0, 0, 0 
2015-02-12T21:02:30, 330.181818182, 0, 0, 0 
2015-02-12T21:07:30, 329.80794702, 0, 0, 0 
2015-02-12T21:12:30, 330.218934911, 0, 0, 0 
2015-02-12T21:17:30, 330.377483444, 0, 0, 0 
2015-02-12T21:22:30, 330.132596685, 0, 0, 0 
2015-02-12T21:27:30, 330.046783626, 0, 0, 0 
2015-02-12T21:32:30, 330.085858586, 0, 0, 0 
2015-02-12T21:37:30, 330.121621622, 0, 0, 0 
2015-02-12T21:42:30, 330.523809524, 0, 0, 0 
2015-02-12T21:47:30, 330.869565217, 0, 0, 0 
2015-02-12T21:52:30, 330.923976608, 0, 0, 0 
2015-02-12T21:57:30, 330.987730061, 0, 0, 0 
2015-02-12T22:02:30, 331.255813953, 0, 0, 0 
2015-02-12T22:07:30, 331.519736842, 0, 0, 0 
2015-02-12T22:12:30, 331.668539326, 0, 0, 0 
2015-02-12T22:17:30, 331.670520231, 0, 0, 0 
2015-02-12T22:22:30, 330.949367089, 0, 0, 0 
2015-02-12T22:27:30, 331.488372093, 0, 0, 0 
2015-02-12T22:32:30, 331.470588235, 0, 0, 0 
2015-02-12T22:37:30, 331.333333333, 0, 0, 0 
2015-02-12T22:42:30, 331.557692308, 0, 0, 0 
2015-02-12T22:47:30, 331.109289617, 0, 0, 0 
2015-02-12T22:52:30, 330.926136364, 0, 0, 0 
2015-02-12T22:57:30, 330.950819672, 0, 0, 0 
2015-02-12T23:02:30, 330.846625767, 0, 0, 0 
2015-02-12T23:07:30, 330.893048128, 0, 0, 0 
2015-02-12T23:12:30, 330.955307263, 0, 0, 0 
2015-02-12T23:17:30, 331.295698925, 0, 0, 0 
2015-02-12T23:22:30, 330.983516484, 0, 0, 0 
2015-02-12T23:27:30, 331.479768786, 0, 0, 0 
2015-02-12T23:32:30, 331.806666667, 0, 0, 0 
2015-02-12T23:37:30, 331.960674157, 0, 0, 0 
2015-02-12T23:42:30, 331.854166667, 0, 0, 0 
2015-02-12T23:47:30, 332.30625, 0, 0, 0 
2015-02-12T23:52:30, 332.5, 0, 0, 0 
2015-02-12T23:57:30, 332.447552448, 0, 0, 0 
2015-02-13T00:02:30, 332.25, 0, 0, 0 
2015-02-13T00:07:30, 332.456953642, 0, 0, 0 
2015-02-13T00:12:30, 332.297619048, 0, 0, 0 
2015-02-13T00:17:30, 331.724137931, 0, 0, 0 
2015-02-13T00:22:30, 331.48630137, 0, 0, 0 
2015-02-13T00:27:30, 331.557575758, 0, 0, 0 
2015-02-13T00:32:30, 331.505494505, 0, 0, 0 
2015-02-13T00:37:30, 331.489932886, 0, 0, 0 
2015-02-13T00:42:30, 331.512048193, 0, 0, 0 
2015-02-13T00:47:30, 331.333333333, 0, 0, 0 
2015-02-13T00:52:30, 331.543209877, 0, 0, 0 
2015-02-13T00:57:30, 331.838323353, 0, 0, 0 
2015-02-13T01:02:30, 331.983240223, 0, 0, 0 
2015-02-13T01:07:30, 331.63190184, 0, 0, 0 
2015-02-13T01:12:30, 331.710526316, 0, 0, 0 
2015-02-13T01:17:30, 332.093406593, 0, 0, 0 
2015-02-13T01:22:30, 332.184782609, 0, 0, 0 
2015-02-13T01:27:30, 332.297468354, 0, 0, 0 
2015-02-13T01:32:30, 332.153374233, 0, 0, 0 
2015-02-13T01:37:30, 332.169590643, 0, 0, 0 
2015-02-13T01:42:30, 332.855072464, 0, 0, 0 
2015-02-13T01:47:30, 332.385093168, 0, 0, 0 
2015-02-13T01:52:30, 332.152173913, 0, 0, 0 
2015-02-13T01:57:30, 332.32748538, 0, 0, 0 
2015-02-13T02:02:30, 332.053571429, 0, 0, 0 
2015-02-13T02:07:30, 332.594202899, 0, 0, 0 
2015-02-13T02:12:30, 332.463855422, 0, 0, 0 
2015-02-13T02:17:30, 332.657534247, 0, 0, 0 
2015-02-13T02:22:30, 332.783950617, 0, 0, 0 
2015-02-13T02:27:30, 332.772727273, 0, 0, 0 
2015-02-13T02:32:30, 333.086092715, 0, 0, 0 
2015-02-13T02:37:30, 333.023529412, 0, 0, 0 
2015-02-13T02:42:30, 332.973544974, 0, 0, 0 
2015-02-13T02:47:30, 332.981132075, 0, 0, 0 
2015-02-13T02:52:30, 332.869047619, 0, 0, 0 
2015-02-13T02:57:30, 332.904191617, 0, 0, 0 
2015-02-13T03:02:30, 333.343195266, 0, 0, 0 
2015-02-13T03:07:30, 333.251533742, 0, 0, 0 
2015-02-13T03:12:30, 333.515625, 0, 0, 0 
2015-02-13T03:17:30, 333.735714286, 0, 0, 0 
2015-02-13T03:22:30, 333.670391061, 0, 0, 0 
2015-02-13T03:27:30, 333.720496894, 0, 0, 0 
2015-02-13T03:32:30, 334.034682081, 0, 0, 0 
2015-02-13T03:37:30, 333.942528736, 0, 0, 0 
2015-02-13T03:42:30, 333.764705882, 0, 0, 0 
2015-02-13T03:47:30, 333.841269841, 0, 0, 0 
2015-02-13T03:52:30, 333.969543147, 0, 0, 0 
2015-02-13T03:57:30, 333.648, 0, 0, 0 
2015-02-13T04:02:30, 333.559210526, 0, 0, 0 
2015-02-13T04:07:30, 333.227272727, 0, 0, 0 
2015-02-13T04:12:30, 333.479289941, 0, 0, 0 
2015-02-13T04:17:30, 333.280701754, 0, 0, 0 
2015-02-13T04:22:30, 333.549295775, 0, 0, 0 
2015-02-13T04:27:30, 333.676829268, 0, 0, 0 
2015-02-13T04:32:30, 333.591715976, 0, 0, 0 
2015-02-13T04:37:30, 334.017647059, 0, 0, 0 
2015-02-13T04:42:30, 333.736526946, 0, 0, 0 
2015-02-13T04:47:30, 334.258064516, 0, 0, 0 
2015-02-13T04:52:30, 333.932291667, 0, 0, 0 
2015-02-13T04:57:30, 333.6, 0, 0, 0 
2015-02-13T05:02:30, 333.780821918, 0, 0, 0 
2015-02-13T05:07:30, 333.34591195, 0, 0, 0 
2015-02-13T05:12:30, 333.21, 0, 0, 0 
2015-02-13T05:17:30, 333.321637427, 0, 0, 0 
2015-02-13T05:22:30, 333.916666667, 0, 0, 0 
2015-02-13T05:27:30, 333.60130719, 0, 0, 0 
2015-02-13T05:32:30, 333.976608187, 0, 0, 0 
2015-02-13T05:37:30, 334.258241758, 0, 0, 0 
2015-02-13T05:42:30, 334.355029586, 0, 0, 0 
2015-02-13T05:47:30, 334.422222222, 0, 0, 0 
2015-02-13T05:52:30, 334.275590551, 0, 0, 0 
2015-02-13T05:57:30, 333.934065934, 0, 0, 0 
2015-02-13T06:02:30, 334.228426396, 0, 0, 0 
2015-02-13T06:07:30, 333.982142857, 0, 0, 0 
2015-02-13T06:12:30, 333.86875, 0, 0, 0 
2015-02-13T06:17:30, 333.585635359, 0, 0, 0 
2015-02-13T06:22:30, 334.1, 0, 0, 0 
2015-02-13T06:27:30, 334.367816092, 0, 0, 0 
2015-02-13T06:32:30, 333.705521472, 0, 0, 0 
2015-02-13T06:37:30, 333.671052632, 0, 0, 0 
2015-02-13T06:42:30, 334.192771084, 0, 0, 0 
2015-02-13T06:47:30, 334.477011494, 0, 0, 0 
2015-02-13T06:52:30, 334.697674419, 0, 0, 0 
2015-02-13T06:57:30, 334.867924528, 0, 0, 0 
2015-02-13T07:02:30, 335.5, 0, 0, 0 
2015-02-13T07:07:30, 335.699453552, 0, 0, 0 
2015-02-13T07:12:30, 335.497109827, 0, 0, 0 
2015-02-13T07:17:30, 335.584337349, 0, 0, 0 
2015-02-13T07:22:30, 335.345360825, 0, 0, 0 
2015-02-13T07:27:30, 335.090909091, 0, 0, 0 
2015-02-13T07:32:30, 334.764705882, 0, 0, 0 
2015-02-13T07:37:30, 334.670520231, 0, 0, 0 
2015-02-13T07:42:30, 334.661764706, 0, 0, 0 
2015-02-13T07:47:30, 334.596638655, 0, 0, 0 
2015-02-13T07:52:30, 334.716535433, 0, 0, 0 
2015-02-13T07:57:30, 334.817679558, 0, 0, 0 
2015-02-13T08:02:30, 334.961956522, 0, 0, 0 
2015-02-13T08:07:30, 335.016483516, 0, 0, 0 
2015-02-13T08:12:30, 334.670391061, 0, 0, 0 
2015-02-13T08:17:30, 335.031446541, 0, 0, 0 
2015-02-13T08:22:30, 335.120481928, 0, 0, 0 
2015-02-13T08:27:30, 335.793296089, 0, 0, 0 
2015-02-13T08:32:30, 336.666666667, 0, 0, 0 
2015-02-13T08:37:30, 336.666666667, 0, 0, 0 
2015-02-13T08:42:30, 336.666666667, 0, 0, 0 
2015-02-13T08:47:30, 336.666666667, 0, 0, 0 
2015-02-13T08:52:30, 336.666666667, 0, 0, 0 
2015-02-13T08:57:30, 336.666666667, 0, 0, 0 
2015-02-13T09:02:30, 336.666666667, 0, 0, 0 
2015-02-13T09:07:30, 336.666666667, 0, 0, 0 
2015-02-13T09:12:30, 336.666666667, 0, 0, 0 
2015-02-13T09:17:30, 336.666666667, 0, 0, 0 
2015-02-13T09:22:30, 336.666666667, 0, 0, 0 
2015-02-13T09:27:30, 336.666666667, 0, 0, 0 
2015-02-13T09:32:30, 336.666666667, 0, 0, 0 
2015-02-13T09:37:30, 336.666666667, 0, 0, 0 
2015-02-13T09:42:30, 336.666666667, 0, 0, 0 
2015-02-13T09:47:30, 336.666666667, 0, 0, 0 
2015-02-13T09:52:30, 336.666666667, 0, 0, 0 
2015-02-13T09:57:30, 336.666666667, 0, 0, 0 
2015-02-13T10:02:30, 336.666666667, 0, 0, 0 
2015-02-13T10:07:30, 336.666666667, 0, 0, 0 
2015-02-13T10:12:30, 336.666666667, 0, 0, 0 
2015-02-13T10:17:30, 336.666666667, 0, 0, 0 
2015-02-13T10:22:30, 336.666666667, 0, 0, 0 
2015-02-13T10:27:30, 336.666666667, 0, 0, 0 
2015-02-13T10:32:30, 336.666666667, 0, 0, 0 
2015-02-13T10:37:30, 336.666666667, 0, 0, 0 
2015-02-13T10:42:30, 336.666666667, 0, 0, 0 
2015-02-13T10:47:30, 332.555555556, 0, 0, 0 
2015-02-13T10:52:30, 332.456647399, 0, 0, 0 
2015-02-13T10:57:30, 332.483568075, 0, 0, 0 
2015-02-13T11:02:30, 332.16, 0, 0, 0 
2015-02-13T11:07:30, 331.973684211, 0, 0, 0 
2015-02-13T11:12:30, 332.3, 0, 0, 0 
2015-02-13T11:17:30, 331.994505495, 0, 0, 0 
2015-02-13T11:22:30, 331.938356164, 0, 0, 0 
2015-02-13T11:27:30, 332.325966851, 0, 0, 0 
2015-02-13T11:32:30, 332.357142857, 0, 0, 0 
2015-02-13T11:37:30, 331.966101695, 0, 0, 0 
2015-02-13T11:42:30, 332.187096774, 0, 0, 0 
2015-02-13T11:47:30, 331.972375691, 0, 0, 0 
2015-02-13T11:52:30, 332.036842105, 0, 0, 0 
2015-02-13T11:57:30, 332.011976048, 0, 0, 0 
2015-02-13T12:02:30, 331.827586207, 0, 0, 0 
2015-02-13T12:07:30, 331.46, 0, 0, 0 
2015-02-13T12:12:30, 331.168674699, 0, 0, 0 
2015-02-13T12:17:30, 330.837349398, 0, 0, 0 
2015-02-13T12:22:30, 330.69924812, 0, 0, 0 
2015-02-13T12:27:30, 330.664634146, 0, 0, 0 
2015-02-13T12:32:30, 330.59375, 0, 0, 0 
2015-02-13T12:37:30, 330.478571429, 0, 0, 0 
2015-02-13T12:42:30, 330.364238411, 0, 0, 0 
2015-02-13T12:47:30, 330.61875, 0, 0, 0 
2015-02-13T12:52:30, 330.398734177, 0, 0, 0 
2015-02-13T12:57:30, 330.523560209, 0, 0, 0 
2015-02-13T13:02:30, 330.104972376, 0, 0, 0 
2015-02-13T13:07:30, 329.843283582, 0, 0, 0 
2015-02-13T13:12:30, 329.930232558, 0, 0, 0 
2015-02-13T13:17:30, 329.867816092, 0, 0, 0 
2015-02-13T13:22:30, 329.289017341, 0, 0, 0 
2015-02-13T13:27:30, 328.864130435, 0, 0, 0 
2015-02-13T13:32:30, 329.163043478, 0, 0, 0 
2015-02-13T13:37:30, 328.772972973, 0, 0, 0 
2015-02-13T13:42:30, 327.782122905, 0, 0, 0 
2015-02-13T13:47:30, 327.781456954, 0, 0, 0 
2015-02-13T13:52:30, 327.303867403, 0, 0, 0 
2015-02-13T13:57:30, 326.726804124, 0, 0, 0 
2015-02-13T14:02:30, 326.754601227, 0, 0, 0 
2015-02-13T14:07:30, 327.386904762, 0, 0, 0 
2015-02-13T14:12:30, 327.56, 0, 0, 0 
2015-02-13T14:17:30, 327.252427184, 0, 0, 0 
2015-02-13T14:22:30, 327.126903553, 0, 0, 0 
2015-02-13T14:27:30, 327.125786164, 0, 0, 0 
2015-02-13T14:32:30, 327.424050633, 0, 0, 0 
2015-02-13T14:37:30, 328.076023392, 0, 0, 0 
2015-02-13T14:42:30, 328.0, 0, 0, 0 
2015-02-13T14:47:30, 327.893258427, 0, 0, 0 
2015-02-13T14:52:30, 328.021621622, 0, 0, 0 
2015-02-13T14:57:30, 327.757225434, 0, 0, 0 
2015-02-13T15:02:30, 327.631578947, 0, 0, 0 
2015-02-13T15:07:30, 327.358823529, 0, 0, 0 
2015-02-13T15:12:30, 327.781690141, 0, 0, 0 
2015-02-13T15:17:30, 327.893081761, 0, 0, 0 
2015-02-13T15:22:30, 327.746268657, 0, 0, 0 
2015-02-13T15:27:30, 303.611111111, 0, 0, 0 
2015-02-13T15:32:30, 286.916666667, 0, 0, 0 
2015-02-13T15:37:30, 281.042553191, 0, 0, 0 
2015-02-13T15:42:30, 279.487179487, 0, 0, 0 
2015-02-13T15:47:30, 279.5, 0, 0, 0 
2015-02-13T15:52:30, 279.5, 0, 0, 0 
2015-02-13T15:57:30, 279.5, 0, 0, 0 
2015-02-13T16:02:30, 279.5, 0, 0, 0 
2015-02-13T16:07:30, 279.5, 0, 0, 0 
2015-02-13T16:12:30, 279.5, 0, 0, 0 
2015-02-13T16:17:30, 278.5, 0, 0, 0 
2015-02-13T16:22:30, 278.5, 0, 0, 0 
2015-02-13T16:27:30, 278.487804878, 0, 0, 0 
2015-02-13T16:32:30, 278.5, 0, 0, 0 
2015-02-13T16:37:30, 278.5, 0, 0, 0 
2015-02-13T16:42:30, 277.5, 0, 0, 0 
2015-02-13T16:47:30, 277.0, 0, 0, 0 
