# 
# Filename    : /tmp/rfq_pt_h02_ai_in.txt
# PV name     : RFQ:PT:H02:AI_IN
# From        : 2015-02-06T16:45:01.158839
# To          : 2015-02-13T16:45:01.158839
# queryString : ?pv=mean_300(RFQ:PT:H02:AI_IN)&from=2015-02-06T16%3A45%3A01.158839%2B09%3A00&to=2015-02-13T16%3A45%3A01.158839%2B09%3A00
# hostname    : munjipc0
# host IP     : 127.0.1.1
# 
# time, val, nanos, status, severity
2015-02-06T16:47:30, 1611.42105263, 0, 0, 0 
2015-02-06T16:52:30, 1611.31081081, 0, 0, 0 
2015-02-06T16:57:30, 1611.4, 0, 0, 0 
2015-02-06T17:02:30, 1611.32857143, 0, 0, 0 
2015-02-06T17:07:30, 1611.16, 0, 0, 0 
2015-02-06T17:12:30, 1610.88095238, 0, 0, 0 
2015-02-06T17:17:30, 1610.86363636, 0, 0, 0 
2015-02-06T17:22:30, 1610.90740741, 0, 0, 0 
2015-02-06T17:27:30, 1610.73076923, 0, 0, 0 
2015-02-06T17:32:30, 1610.78571429, 0, 0, 0 
2015-02-06T17:37:30, 1610.7037037, 0, 0, 0 
2015-02-06T17:42:30, 1610.92857143, 0, 0, 0 
2015-02-06T17:47:30, 1610.90740741, 0, 0, 0 
2015-02-06T17:52:30, 1610.73214286, 0, 0, 0 
2015-02-06T17:57:30, 1610.80701754, 0, 0, 0 
2015-02-06T18:02:30, 1610.79166667, 0, 0, 0 
2015-02-06T18:07:30, 1610.43478261, 0, 0, 0 
2015-02-06T18:12:30, 1610.7, 0, 0, 0 
2015-02-06T18:17:30, 1610.875, 0, 0, 0 
2015-02-06T18:22:30, 1610.7, 0, 0, 0 
2015-02-06T18:27:30, 1611.0, 0, 0, 0 
2015-02-06T18:32:30, 1611.22727273, 0, 0, 0 
2015-02-06T18:37:30, 1610.92857143, 0, 0, 0 
2015-02-06T18:42:30, 1611.01886792, 0, 0, 0 
2015-02-06T18:47:30, 1611.0, 0, 0, 0 
2015-02-06T18:52:30, 1611.12962963, 0, 0, 0 
2015-02-06T18:57:30, 1610.70175439, 0, 0, 0 
2015-02-06T19:02:30, 1610.66666667, 0, 0, 0 
2015-02-06T19:07:30, 1610.84126984, 0, 0, 0 
2015-02-06T19:12:30, 1609.48051948, 0, 0, 0 
2015-02-06T19:17:30, 1610.453125, 0, 0, 0 
2015-02-06T19:22:30, 1610.46666667, 0, 0, 0 
2015-02-06T19:27:30, 1609.79761905, 0, 0, 0 
2015-02-06T19:32:30, 1609.87323944, 0, 0, 0 
2015-02-06T19:37:30, 1609.27586207, 0, 0, 0 
2015-02-06T19:42:30, 1609.72631579, 0, 0, 0 
2015-02-06T19:47:30, 1609.19767442, 0, 0, 0 
2015-02-06T19:52:30, 1608.91752577, 0, 0, 0 
2015-02-06T19:57:30, 1610.22857143, 0, 0, 0 
2015-02-06T20:02:30, 1610.78947368, 0, 0, 0 
2015-02-06T20:07:30, 1610.7037037, 0, 0, 0 
2015-02-06T20:12:30, 1610.72727273, 0, 0, 0 
2015-02-06T20:17:30, 1610.82258065, 0, 0, 0 
2015-02-06T20:22:30, 1610.84482759, 0, 0, 0 
2015-02-06T20:27:30, 1610.96226415, 0, 0, 0 
2015-02-06T20:32:30, 1610.82258065, 0, 0, 0 
2015-02-06T20:37:30, 1610.77586207, 0, 0, 0 
2015-02-06T20:42:30, 1610.90163934, 0, 0, 0 
2015-02-06T20:47:30, 1610.89705882, 0, 0, 0 
2015-02-06T20:52:30, 1610.84782609, 0, 0, 0 
2015-02-06T20:57:30, 1610.9137931, 0, 0, 0 
2015-02-06T21:02:30, 1610.79661017, 0, 0, 0 
2015-02-06T21:07:30, 1610.89473684, 0, 0, 0 
2015-02-06T21:12:30, 1611.01538462, 0, 0, 0 
2015-02-06T21:17:30, 1611.01538462, 0, 0, 0 
2015-02-06T21:22:30, 1610.8852459, 0, 0, 0 
2015-02-06T21:27:30, 1610.75925926, 0, 0, 0 
2015-02-06T21:32:30, 1610.80645161, 0, 0, 0 
2015-02-06T21:37:30, 1610.76, 0, 0, 0 
2015-02-06T21:42:30, 1610.67692308, 0, 0, 0 
2015-02-06T21:47:30, 1610.57627119, 0, 0, 0 
2015-02-06T21:52:30, 1610.75, 0, 0, 0 
2015-02-06T21:57:30, 1610.68253968, 0, 0, 0 
2015-02-06T22:02:30, 1610.90140845, 0, 0, 0 
2015-02-06T22:07:30, 1610.96774194, 0, 0, 0 
2015-02-06T22:12:30, 1610.75806452, 0, 0, 0 
2015-02-06T22:17:30, 1611.56923077, 0, 0, 0 
2015-02-06T22:22:30, 1612.09876543, 0, 0, 0 
2015-02-06T22:27:30, 1612.53846154, 0, 0, 0 
2015-02-06T22:32:30, 1611.45454545, 0, 0, 0 
2015-02-06T22:37:30, 1612.23255814, 0, 0, 0 
2015-02-06T22:42:30, 1612.78703704, 0, 0, 0 
2015-02-06T22:47:30, 1613.65100671, 0, 0, 0 
2015-02-06T22:52:30, 1613.0, 0, 0, 0 
2015-02-06T22:57:30, 1612.375, 0, 0, 0 
2015-02-06T23:02:30, 1612.78333333, 0, 0, 0 
2015-02-06T23:07:30, 1612.32608696, 0, 0, 0 
2015-02-06T23:12:30, 1614.0887574, 0, 0, 0 
2015-02-06T23:17:30, 1614.79888268, 0, 0, 0 
2015-02-06T23:22:30, 1614.61052632, 0, 0, 0 
2015-02-06T23:27:30, 1615.14917127, 0, 0, 0 
2015-02-06T23:32:30, 1614.77011494, 0, 0, 0 
2015-02-06T23:37:30, 1615.4301676, 0, 0, 0 
2015-02-06T23:42:30, 1616.79194631, 0, 0, 0 
2015-02-06T23:47:30, 1617.15151515, 0, 0, 0 
2015-02-06T23:52:30, 1616.69934641, 0, 0, 0 
2015-02-06T23:57:30, 1616.86486486, 0, 0, 0 
2015-02-07T00:02:30, 1617.04166667, 0, 0, 0 
2015-02-07T00:07:30, 1616.88148148, 0, 0, 0 
2015-02-07T00:12:30, 1617.16239316, 0, 0, 0 
2015-02-07T00:17:30, 1617.07874016, 0, 0, 0 
2015-02-07T00:22:30, 1617.20454545, 0, 0, 0 
2015-02-07T00:27:30, 1617.21804511, 0, 0, 0 
2015-02-07T00:32:30, 1617.23333333, 0, 0, 0 
2015-02-07T00:37:30, 1617.22222222, 0, 0, 0 
2015-02-07T00:42:30, 1617.15384615, 0, 0, 0 
2015-02-07T00:47:30, 1617.09285714, 0, 0, 0 
2015-02-07T00:52:30, 1617.17605634, 0, 0, 0 
2015-02-07T00:57:30, 1617.18791946, 0, 0, 0 
2015-02-07T01:02:30, 1617.13432836, 0, 0, 0 
2015-02-07T01:07:30, 1617.16783217, 0, 0, 0 
2015-02-07T01:12:30, 1617.17482517, 0, 0, 0 
2015-02-07T01:17:30, 1617.09848485, 0, 0, 0 
2015-02-07T01:22:30, 1617.21276596, 0, 0, 0 
2015-02-07T01:27:30, 1617.15037594, 0, 0, 0 
2015-02-07T01:32:30, 1617.13669065, 0, 0, 0 
2015-02-07T01:37:30, 1617.20967742, 0, 0, 0 
2015-02-07T01:42:30, 1617.11940299, 0, 0, 0 
2015-02-07T01:47:30, 1617.10067114, 0, 0, 0 
2015-02-07T01:52:30, 1617.12413793, 0, 0, 0 
2015-02-07T01:57:30, 1617.22666667, 0, 0, 0 
2015-02-07T02:02:30, 1617.54901961, 0, 0, 0 
2015-02-07T02:07:30, 1618.1509434, 0, 0, 0 
2015-02-07T02:12:30, 1617.35220126, 0, 0, 0 
2015-02-07T02:17:30, 1617.56666667, 0, 0, 0 
2015-02-07T02:22:30, 1618.1483871, 0, 0, 0 
2015-02-07T02:27:30, 1618.6984127, 0, 0, 0 
2015-02-07T02:32:30, 1619.20218579, 0, 0, 0 
2015-02-07T02:37:30, 1618.89189189, 0, 0, 0 
2015-02-07T02:42:30, 1618.22485207, 0, 0, 0 
2015-02-07T02:47:30, 1618.53631285, 0, 0, 0 
2015-02-07T02:52:30, 1619.89230769, 0, 0, 0 
2015-02-07T02:57:30, 1620.57286432, 0, 0, 0 
2015-02-07T03:02:30, 1621.95588235, 0, 0, 0 
2015-02-07T03:07:30, 1621.19806763, 0, 0, 0 
2015-02-07T03:12:30, 1620.2259887, 0, 0, 0 
2015-02-07T03:17:30, 1620.13106796, 0, 0, 0 
2015-02-07T03:22:30, 1619.89423077, 0, 0, 0 
2015-02-07T03:27:30, 1620.46889952, 0, 0, 0 
2015-02-07T03:32:30, 1620.00970874, 0, 0, 0 
2015-02-07T03:37:30, 1620.32038835, 0, 0, 0 
2015-02-07T03:42:30, 1621.04145078, 0, 0, 0 
2015-02-07T03:47:30, 1621.99415205, 0, 0, 0 
2015-02-07T03:52:30, 1622.29842932, 0, 0, 0 
2015-02-07T03:57:30, 1623.08888889, 0, 0, 0 
2015-02-07T04:02:30, 1623.70186335, 0, 0, 0 
2015-02-07T04:07:30, 1623.11111111, 0, 0, 0 
2015-02-07T04:12:30, 1623.8974359, 0, 0, 0 
2015-02-07T04:17:30, 1624.05442177, 0, 0, 0 
2015-02-07T04:22:30, 1624.10759494, 0, 0, 0 
2015-02-07T04:27:30, 1624.14285714, 0, 0, 0 
2015-02-07T04:32:30, 1624.08333333, 0, 0, 0 
2015-02-07T04:37:30, 1624.1372549, 0, 0, 0 
2015-02-07T04:42:30, 1624.15384615, 0, 0, 0 
2015-02-07T04:47:30, 1624.05882353, 0, 0, 0 
2015-02-07T04:52:30, 1624.02857143, 0, 0, 0 
2015-02-07T04:57:30, 1624.16993464, 0, 0, 0 
2015-02-07T05:02:30, 1624.10958904, 0, 0, 0 
2015-02-07T05:07:30, 1624.08024691, 0, 0, 0 
2015-02-07T05:12:30, 1624.17687075, 0, 0, 0 
2015-02-07T05:17:30, 1624.11428571, 0, 0, 0 
2015-02-07T05:22:30, 1624.17123288, 0, 0, 0 
2015-02-07T05:27:30, 1624.14814815, 0, 0, 0 
2015-02-07T05:32:30, 1624.11564626, 0, 0, 0 
2015-02-07T05:37:30, 1624.09333333, 0, 0, 0 
2015-02-07T05:42:30, 1624.18867925, 0, 0, 0 
2015-02-07T05:47:30, 1624.07051282, 0, 0, 0 
2015-02-07T05:52:30, 1624.18110236, 0, 0, 0 
2015-02-07T05:57:30, 1624.19607843, 0, 0, 0 
2015-02-07T06:02:30, 1624.17647059, 0, 0, 0 
2015-02-07T06:07:30, 1624.21705426, 0, 0, 0 
2015-02-07T06:12:30, 1624.11888112, 0, 0, 0 
2015-02-07T06:17:30, 1624.12987013, 0, 0, 0 
2015-02-07T06:22:30, 1624.05263158, 0, 0, 0 
2015-02-07T06:27:30, 1624.13605442, 0, 0, 0 
2015-02-07T06:32:30, 1624.11971831, 0, 0, 0 
2015-02-07T06:37:30, 1624.2012987, 0, 0, 0 
2015-02-07T06:42:30, 1624.2384106, 0, 0, 0 
2015-02-07T06:47:30, 1624.2173913, 0, 0, 0 
2015-02-07T06:52:30, 1624.23870968, 0, 0, 0 
2015-02-07T06:57:30, 1624.07894737, 0, 0, 0 
2015-02-07T07:02:30, 1624.06756757, 0, 0, 0 
2015-02-07T07:07:30, 1624.0794702, 0, 0, 0 
2015-02-07T07:12:30, 1624.1552795, 0, 0, 0 
2015-02-07T07:17:30, 1624.12056738, 0, 0, 0 
2015-02-07T07:22:30, 1624.12587413, 0, 0, 0 
2015-02-07T07:27:30, 1624.25882353, 0, 0, 0 
2015-02-07T07:32:30, 1624.22424242, 0, 0, 0 
2015-02-07T07:37:30, 1624.41333333, 0, 0, 0 
2015-02-07T07:42:30, 1624.31515152, 0, 0, 0 
2015-02-07T07:47:30, 1624.62420382, 0, 0, 0 
2015-02-07T07:52:30, 1624.16981132, 0, 0, 0 
2015-02-07T07:57:30, 1624.13772455, 0, 0, 0 
2015-02-07T08:02:30, 1624.01948052, 0, 0, 0 
2015-02-07T08:07:30, 1624.21678322, 0, 0, 0 
2015-02-07T08:12:30, 1624.56395349, 0, 0, 0 
2015-02-07T08:17:30, 1624.52666667, 0, 0, 0 
2015-02-07T08:22:30, 1624.45348837, 0, 0, 0 
2015-02-07T08:27:30, 1625.24242424, 0, 0, 0 
2015-02-07T08:32:30, 1624.56493506, 0, 0, 0 
2015-02-07T08:37:30, 1624.96341463, 0, 0, 0 
2015-02-07T08:42:30, 1625.28220859, 0, 0, 0 
2015-02-07T08:47:30, 1625.05113636, 0, 0, 0 
2015-02-07T08:52:30, 1624.38216561, 0, 0, 0 
2015-02-07T08:57:30, 1624.95882353, 0, 0, 0 
2015-02-07T09:02:30, 1625.51136364, 0, 0, 0 
2015-02-07T09:07:30, 1625.29508197, 0, 0, 0 
2015-02-07T09:12:30, 1626.84574468, 0, 0, 0 
2015-02-07T09:17:30, 1626.60215054, 0, 0, 0 
2015-02-07T09:22:30, 1626.54807692, 0, 0, 0 
2015-02-07T09:27:30, 1626.66486486, 0, 0, 0 
2015-02-07T09:32:30, 1626.58064516, 0, 0, 0 
2015-02-07T09:37:30, 1627.32748538, 0, 0, 0 
2015-02-07T09:42:30, 1626.86069652, 0, 0, 0 
2015-02-07T09:47:30, 1626.66494845, 0, 0, 0 
2015-02-07T09:52:30, 1626.04864865, 0, 0, 0 
2015-02-07T09:57:30, 1626.29069767, 0, 0, 0 
2015-02-07T10:02:30, 1626.43258427, 0, 0, 0 
2015-02-07T10:07:30, 1625.53107345, 0, 0, 0 
2015-02-07T10:12:30, 1624.96875, 0, 0, 0 
2015-02-07T10:17:30, 1625.58333333, 0, 0, 0 
2015-02-07T10:22:30, 1626.13888889, 0, 0, 0 
2015-02-07T10:27:30, 1625.70454545, 0, 0, 0 
2015-02-07T10:32:30, 1626.86010363, 0, 0, 0 
2015-02-07T10:37:30, 1627.00552486, 0, 0, 0 
2015-02-07T10:42:30, 1626.62234043, 0, 0, 0 
2015-02-07T10:47:30, 1626.3956044, 0, 0, 0 
2015-02-07T10:52:30, 1626.04268293, 0, 0, 0 
2015-02-07T10:57:30, 1626.0, 0, 0, 0 
2015-02-07T11:02:30, 1625.95906433, 0, 0, 0 
2015-02-07T11:07:30, 1624.4084507, 0, 0, 0 
2015-02-07T11:12:30, 1624.67625899, 0, 0, 0 
2015-02-07T11:17:30, 1624.5, 0, 0, 0 
2015-02-07T11:22:30, 1624.75539568, 0, 0, 0 
2015-02-07T11:27:30, 1624.58928571, 0, 0, 0 
2015-02-07T11:32:30, 1626.09708738, 0, 0, 0 
2015-02-07T11:37:30, 1625.52564103, 0, 0, 0 
2015-02-07T11:42:30, 1626.53254438, 0, 0, 0 
2015-02-07T11:47:30, 1626.97837838, 0, 0, 0 
2015-02-07T11:52:30, 1626.2311828, 0, 0, 0 
2015-02-07T11:57:30, 1624.69426752, 0, 0, 0 
2015-02-07T12:02:30, 1625.76300578, 0, 0, 0 
2015-02-07T12:07:30, 1625.2484472, 0, 0, 0 
2015-02-07T12:12:30, 1624.73584906, 0, 0, 0 
2015-02-07T12:17:30, 1624.25179856, 0, 0, 0 
2015-02-07T12:22:30, 1624.33116883, 0, 0, 0 
2015-02-07T12:27:30, 1624.39215686, 0, 0, 0 
2015-02-07T12:32:30, 1624.19078947, 0, 0, 0 
2015-02-07T12:37:30, 1624.30434783, 0, 0, 0 
2015-02-07T12:42:30, 1624.17424242, 0, 0, 0 
2015-02-07T12:47:30, 1624.29801325, 0, 0, 0 
2015-02-07T12:52:30, 1624.25547445, 0, 0, 0 
2015-02-07T12:57:30, 1624.2519685, 0, 0, 0 
2015-02-07T13:02:30, 1624.20740741, 0, 0, 0 
2015-02-07T13:07:30, 1624.16312057, 0, 0, 0 
2015-02-07T13:12:30, 1624.39097744, 0, 0, 0 
2015-02-07T13:17:30, 1624.30252101, 0, 0, 0 
2015-02-07T13:22:30, 1624.16546763, 0, 0, 0 
2015-02-07T13:27:30, 1624.17021277, 0, 0, 0 
2015-02-07T13:32:30, 1624.22137405, 0, 0, 0 
2015-02-07T13:37:30, 1624.29230769, 0, 0, 0 
2015-02-07T13:42:30, 1624.21232877, 0, 0, 0 
2015-02-07T13:47:30, 1624.21014493, 0, 0, 0 
2015-02-07T13:52:30, 1624.11363636, 0, 0, 0 
2015-02-07T13:57:30, 1624.28, 0, 0, 0 
2015-02-07T14:02:30, 1624.25454545, 0, 0, 0 
2015-02-07T14:07:30, 1624.3828125, 0, 0, 0 
2015-02-07T14:12:30, 1624.37692308, 0, 0, 0 
2015-02-07T14:17:30, 1624.24545455, 0, 0, 0 
2015-02-07T14:22:30, 1624.25833333, 0, 0, 0 
2015-02-07T14:27:30, 1624.30357143, 0, 0, 0 
2015-02-07T14:32:30, 1624.42553191, 0, 0, 0 
2015-02-07T14:37:30, 1624.23664122, 0, 0, 0 
2015-02-07T14:42:30, 1624.22033898, 0, 0, 0 
2015-02-07T14:47:30, 1624.34210526, 0, 0, 0 
2015-02-07T14:52:30, 1624.21641791, 0, 0, 0 
2015-02-07T14:57:30, 1624.17518248, 0, 0, 0 
2015-02-07T15:02:30, 1624.25384615, 0, 0, 0 
2015-02-07T15:07:30, 1624.27559055, 0, 0, 0 
2015-02-07T15:12:30, 1624.21138211, 0, 0, 0 
2015-02-07T15:17:30, 1624.27522936, 0, 0, 0 
2015-02-07T15:22:30, 1624.12307692, 0, 0, 0 
2015-02-07T15:27:30, 1624.32258065, 0, 0, 0 
2015-02-07T15:32:30, 1624.21487603, 0, 0, 0 
2015-02-07T15:37:30, 1624.14393939, 0, 0, 0 
2015-02-07T15:42:30, 1624.19379845, 0, 0, 0 
2015-02-07T15:47:30, 1624.32116788, 0, 0, 0 
2015-02-07T15:52:30, 1624.24242424, 0, 0, 0 
2015-02-07T15:57:30, 1624.31746032, 0, 0, 0 
2015-02-07T16:02:30, 1624.54961832, 0, 0, 0 
2015-02-07T16:07:30, 1624.45901639, 0, 0, 0 
2015-02-07T16:12:30, 1624.34751773, 0, 0, 0 
2015-02-07T16:17:30, 1624.25806452, 0, 0, 0 
2015-02-07T16:22:30, 1624.33093525, 0, 0, 0 
2015-02-07T16:27:30, 1624.28057554, 0, 0, 0 
2015-02-07T16:32:30, 1624.35877863, 0, 0, 0 
2015-02-07T16:37:30, 1624.21428571, 0, 0, 0 
2015-02-07T16:42:30, 1624.24786325, 0, 0, 0 
2015-02-07T16:47:30, 1624.13385827, 0, 0, 0 
2015-02-07T16:52:30, 1624.21192053, 0, 0, 0 
2015-02-07T16:57:30, 1624.26229508, 0, 0, 0 
2015-02-07T17:02:30, 1624.24786325, 0, 0, 0 
2015-02-07T17:07:30, 1624.28333333, 0, 0, 0 
2015-02-07T17:12:30, 1624.23178808, 0, 0, 0 
2015-02-07T17:17:30, 1624.1779661, 0, 0, 0 
2015-02-07T17:22:30, 1624.21367521, 0, 0, 0 
2015-02-07T17:27:30, 1624.2, 0, 0, 0 
2015-02-07T17:32:30, 1624.27007299, 0, 0, 0 
2015-02-07T17:37:30, 1624.30081301, 0, 0, 0 
2015-02-07T17:42:30, 1624.20472441, 0, 0, 0 
2015-02-07T17:47:30, 1624.20289855, 0, 0, 0 
2015-02-07T17:52:30, 1624.1953125, 0, 0, 0 
2015-02-07T17:57:30, 1624.15441176, 0, 0, 0 
2015-02-07T18:02:30, 1624.23664122, 0, 0, 0 
2015-02-07T18:07:30, 1624.16535433, 0, 0, 0 
2015-02-07T18:12:30, 1624.3515625, 0, 0, 0 
2015-02-07T18:17:30, 1624.26666667, 0, 0, 0 
2015-02-07T18:22:30, 1624.2605042, 0, 0, 0 
2015-02-07T18:27:30, 1624.2605042, 0, 0, 0 
2015-02-07T18:32:30, 1624.13846154, 0, 0, 0 
2015-02-07T18:37:30, 1624.27819549, 0, 0, 0 
2015-02-07T18:42:30, 1624.26495726, 0, 0, 0 
2015-02-07T18:47:30, 1624.16935484, 0, 0, 0 
2015-02-07T18:52:30, 1624.23577236, 0, 0, 0 
2015-02-07T18:57:30, 1624.14084507, 0, 0, 0 
2015-02-07T19:02:30, 1624.1, 0, 0, 0 
2015-02-07T19:07:30, 1624.16935484, 0, 0, 0 
2015-02-07T19:12:30, 1624.18238994, 0, 0, 0 
2015-02-07T19:17:30, 1624.16883117, 0, 0, 0 
2015-02-07T19:22:30, 1624.18181818, 0, 0, 0 
2015-02-07T19:27:30, 1624.18939394, 0, 0, 0 
2015-02-07T19:32:30, 1624.25170068, 0, 0, 0 
2015-02-07T19:37:30, 1624.14, 0, 0, 0 
2015-02-07T19:42:30, 1624.24113475, 0, 0, 0 
2015-02-07T19:47:30, 1624.09395973, 0, 0, 0 
2015-02-07T19:52:30, 1624.11333333, 0, 0, 0 
2015-02-07T19:57:30, 1624.12804878, 0, 0, 0 
2015-02-07T20:02:30, 1624.18367347, 0, 0, 0 
2015-02-07T20:07:30, 1624.18493151, 0, 0, 0 
2015-02-07T20:12:30, 1624.1300813, 0, 0, 0 
2015-02-07T20:17:30, 1624.21019108, 0, 0, 0 
2015-02-07T20:22:30, 1624.17910448, 0, 0, 0 
2015-02-07T20:27:30, 1624.14906832, 0, 0, 0 
2015-02-07T20:32:30, 1624.1969697, 0, 0, 0 
2015-02-07T20:37:30, 1624.20740741, 0, 0, 0 
2015-02-07T20:42:30, 1624.26470588, 0, 0, 0 
2015-02-07T20:47:30, 1624.26446281, 0, 0, 0 
2015-02-07T20:52:30, 1624.184, 0, 0, 0 
2015-02-07T20:57:30, 1624.22727273, 0, 0, 0 
2015-02-07T21:02:30, 1624.22047244, 0, 0, 0 
2015-02-07T21:07:30, 1624.1971831, 0, 0, 0 
2015-02-07T21:12:30, 1624.448, 0, 0, 0 
2015-02-07T21:17:30, 1624.4, 0, 0, 0 
2015-02-07T21:22:30, 1624.2585034, 0, 0, 0 
2015-02-07T21:27:30, 1624.375, 0, 0, 0 
2015-02-07T21:32:30, 1624.2406015, 0, 0, 0 
2015-02-07T21:37:30, 1624.20979021, 0, 0, 0 
2015-02-07T21:42:30, 1624.24427481, 0, 0, 0 
2015-02-07T21:47:30, 1624.23239437, 0, 0, 0 
2015-02-07T21:52:30, 1624.1875, 0, 0, 0 
2015-02-07T21:57:30, 1624.20740741, 0, 0, 0 
2015-02-07T22:02:30, 1624.17857143, 0, 0, 0 
2015-02-07T22:07:30, 1624.19014085, 0, 0, 0 
2015-02-07T22:12:30, 1624.16556291, 0, 0, 0 
2015-02-07T22:17:30, 1624.08074534, 0, 0, 0 
2015-02-07T22:22:30, 1624.18120805, 0, 0, 0 
2015-02-07T22:27:30, 1624.1509434, 0, 0, 0 
2015-02-07T22:32:30, 1624.15286624, 0, 0, 0 
2015-02-07T22:37:30, 1624.23225806, 0, 0, 0 
2015-02-07T22:42:30, 1624.0875, 0, 0, 0 
2015-02-07T22:47:30, 1624.13194444, 0, 0, 0 
2015-02-07T22:52:30, 1624.1369863, 0, 0, 0 
2015-02-07T22:57:30, 1624.16783217, 0, 0, 0 
2015-02-07T23:02:30, 1624.14012739, 0, 0, 0 
2015-02-07T23:07:30, 1624.17985612, 0, 0, 0 
2015-02-07T23:12:30, 1624.11805556, 0, 0, 0 
2015-02-07T23:17:30, 1624.08275862, 0, 0, 0 
2015-02-07T23:22:30, 1624.12328767, 0, 0, 0 
2015-02-07T23:27:30, 1624.10638298, 0, 0, 0 
2015-02-07T23:32:30, 1624.16666667, 0, 0, 0 
2015-02-07T23:37:30, 1624.15540541, 0, 0, 0 
2015-02-07T23:42:30, 1624.1686747, 0, 0, 0 
2015-02-07T23:47:30, 1624.14285714, 0, 0, 0 
2015-02-07T23:52:30, 1624.10062893, 0, 0, 0 
2015-02-07T23:57:30, 1624.14193548, 0, 0, 0 
2015-02-08T00:02:30, 1624.09395973, 0, 0, 0 
2015-02-08T00:07:30, 1624.18518519, 0, 0, 0 
2015-02-08T00:12:30, 1624.12162162, 0, 0, 0 
2015-02-08T00:17:30, 1624.22556391, 0, 0, 0 
2015-02-08T00:22:30, 1624.10666667, 0, 0, 0 
2015-02-08T00:27:30, 1624.1589404, 0, 0, 0 
2015-02-08T00:32:30, 1624.09859155, 0, 0, 0 
2015-02-08T00:37:30, 1624.13375796, 0, 0, 0 
2015-02-08T00:42:30, 1624.12837838, 0, 0, 0 
2015-02-08T00:47:30, 1624.08108108, 0, 0, 0 
2015-02-08T00:52:30, 1624.14388489, 0, 0, 0 
2015-02-08T00:57:30, 1624.06802721, 0, 0, 0 
2015-02-08T01:02:30, 1624.20149254, 0, 0, 0 
2015-02-08T01:07:30, 1624.12837838, 0, 0, 0 
2015-02-08T01:12:30, 1624.08387097, 0, 0, 0 
2015-02-08T01:17:30, 1624.11034483, 0, 0, 0 
2015-02-08T01:22:30, 1624.09558824, 0, 0, 0 
2015-02-08T01:27:30, 1624.11564626, 0, 0, 0 
2015-02-08T01:32:30, 1624.16312057, 0, 0, 0 
2015-02-08T01:37:30, 1624.10948905, 0, 0, 0 
2015-02-08T01:42:30, 1624.19847328, 0, 0, 0 
2015-02-08T01:47:30, 1624.15540541, 0, 0, 0 
2015-02-08T01:52:30, 1624.13245033, 0, 0, 0 
2015-02-08T01:57:30, 1624.07333333, 0, 0, 0 
2015-02-08T02:02:30, 1624.06535948, 0, 0, 0 
2015-02-08T02:07:30, 1624.09868421, 0, 0, 0 
2015-02-08T02:12:30, 1624.17721519, 0, 0, 0 
2015-02-08T02:17:30, 1624.11971831, 0, 0, 0 
2015-02-08T02:22:30, 1624.15748031, 0, 0, 0 
2015-02-08T02:27:30, 1624.2173913, 0, 0, 0 
2015-02-08T02:32:30, 1624.11971831, 0, 0, 0 
2015-02-08T02:37:30, 1624.16666667, 0, 0, 0 
2015-02-08T02:42:30, 1624.15540541, 0, 0, 0 
2015-02-08T02:47:30, 1624.11029412, 0, 0, 0 
2015-02-08T02:52:30, 1624.06993007, 0, 0, 0 
2015-02-08T02:57:30, 1624.09933775, 0, 0, 0 
2015-02-08T03:02:30, 1624.07236842, 0, 0, 0 
2015-02-08T03:07:30, 1624.11940299, 0, 0, 0 
2015-02-08T03:12:30, 1624.1192053, 0, 0, 0 
2015-02-08T03:17:30, 1624.11538462, 0, 0, 0 
2015-02-08T03:22:30, 1624.17763158, 0, 0, 0 
2015-02-08T03:27:30, 1624.12903226, 0, 0, 0 
2015-02-08T03:32:30, 1624.17791411, 0, 0, 0 
2015-02-08T03:37:30, 1624.20472441, 0, 0, 0 
2015-02-08T03:42:30, 1624.2173913, 0, 0, 0 
2015-02-08T03:47:30, 1624.32903226, 0, 0, 0 
2015-02-08T03:52:30, 1624.14569536, 0, 0, 0 
2015-02-08T03:57:30, 1624.12666667, 0, 0, 0 
2015-02-08T04:02:30, 1624.17751479, 0, 0, 0 
2015-02-08T04:07:30, 1624.08227848, 0, 0, 0 
2015-02-08T04:12:30, 1624.08125, 0, 0, 0 
2015-02-08T04:17:30, 1624.05696203, 0, 0, 0 
2015-02-08T04:22:30, 1624.75595238, 0, 0, 0 
2015-02-08T04:27:30, 1624.91719745, 0, 0, 0 
2015-02-08T04:32:30, 1624.84848485, 0, 0, 0 
2015-02-08T04:37:30, 1624.2, 0, 0, 0 
2015-02-08T04:42:30, 1624.34868421, 0, 0, 0 
2015-02-08T04:47:30, 1624.5147929, 0, 0, 0 
2015-02-08T04:52:30, 1625.06470588, 0, 0, 0 
2015-02-08T04:57:30, 1625.75581395, 0, 0, 0 
2015-02-08T05:02:30, 1624.53892216, 0, 0, 0 
2015-02-08T05:07:30, 1624.39473684, 0, 0, 0 
2015-02-08T05:12:30, 1624.86549708, 0, 0, 0 
2015-02-08T05:17:30, 1625.38505747, 0, 0, 0 
2015-02-08T05:22:30, 1625.09090909, 0, 0, 0 
2015-02-08T05:27:30, 1624.21088435, 0, 0, 0 
2015-02-08T05:32:30, 1624.34246575, 0, 0, 0 
2015-02-08T05:37:30, 1626.50471698, 0, 0, 0 
2015-02-08T05:42:30, 1626.19230769, 0, 0, 0 
2015-02-08T05:47:30, 1626.5, 0, 0, 0 
2015-02-08T05:52:30, 1626.51515152, 0, 0, 0 
2015-02-08T05:57:30, 1628.18831169, 0, 0, 0 
2015-02-08T06:02:30, 1628.20606061, 0, 0, 0 
2015-02-08T06:07:30, 1627.99354839, 0, 0, 0 
2015-02-08T06:12:30, 1625.82248521, 0, 0, 0 
2015-02-08T06:17:30, 1626.90659341, 0, 0, 0 
2015-02-08T06:22:30, 1627.16384181, 0, 0, 0 
2015-02-08T06:27:30, 1628.93382353, 0, 0, 0 
2015-02-08T06:32:30, 1627.39673913, 0, 0, 0 
2015-02-08T06:37:30, 1626.98989899, 0, 0, 0 
2015-02-08T06:42:30, 1627.24581006, 0, 0, 0 
2015-02-08T06:47:30, 1628.23571429, 0, 0, 0 
2015-02-08T06:52:30, 1629.6, 0, 0, 0 
2015-02-08T06:57:30, 1628.30921053, 0, 0, 0 
2015-02-08T07:02:30, 1628.67175573, 0, 0, 0 
2015-02-08T07:07:30, 1627.74431818, 0, 0, 0 
2015-02-08T07:12:30, 1626.62222222, 0, 0, 0 
2015-02-08T07:17:30, 1626.94968553, 0, 0, 0 
2015-02-08T07:22:30, 1626.8342246, 0, 0, 0 
2015-02-08T07:27:30, 1627.43181818, 0, 0, 0 
2015-02-08T07:32:30, 1629.12195122, 0, 0, 0 
2015-02-08T07:37:30, 1627.41025641, 0, 0, 0 
2015-02-08T07:42:30, 1628.26708075, 0, 0, 0 
2015-02-08T07:47:30, 1628.34782609, 0, 0, 0 
2015-02-08T07:52:30, 1627.82312925, 0, 0, 0 
2015-02-08T07:57:30, 1629.109375, 0, 0, 0 
2015-02-08T08:02:30, 1630.04672897, 0, 0, 0 
2015-02-08T08:07:30, 1629.94845361, 0, 0, 0 
2015-02-08T08:12:30, 1630.33333333, 0, 0, 0 
2015-02-08T08:17:30, 1630.42105263, 0, 0, 0 
2015-02-08T08:22:30, 1630.45714286, 0, 0, 0 
2015-02-08T08:27:30, 1630.41558442, 0, 0, 0 
2015-02-08T08:32:30, 1630.39240506, 0, 0, 0 
2015-02-08T08:37:30, 1630.5, 0, 0, 0 
2015-02-08T08:42:30, 1630.14285714, 0, 0, 0 
2015-02-08T08:47:30, 1629.53636364, 0, 0, 0 
2015-02-08T08:52:30, 1630.25925926, 0, 0, 0 
2015-02-08T08:57:30, 1630.23157895, 0, 0, 0 
2015-02-08T09:02:30, 1630.14634146, 0, 0, 0 
2015-02-08T09:07:30, 1630.41176471, 0, 0, 0 
2015-02-08T09:12:30, 1630.5, 0, 0, 0 
2015-02-08T09:17:30, 1630.5, 0, 0, 0 
2015-02-08T09:22:30, 1630.45348837, 0, 0, 0 
2015-02-08T09:27:30, 1629.74489796, 0, 0, 0 
2015-02-08T09:32:30, 1630.25490196, 0, 0, 0 
2015-02-08T09:37:30, 1630.5, 0, 0, 0 
2015-02-08T09:42:30, 1630.4939759, 0, 0, 0 
2015-02-08T09:47:30, 1630.42857143, 0, 0, 0 
2015-02-08T09:52:30, 1630.4787234, 0, 0, 0 
2015-02-08T09:57:30, 1630.3877551, 0, 0, 0 
2015-02-08T10:02:30, 1630.41666667, 0, 0, 0 
2015-02-08T10:07:30, 1630.47560976, 0, 0, 0 
2015-02-08T10:12:30, 1630.5, 0, 0, 0 
2015-02-08T10:17:30, 1630.5, 0, 0, 0 
2015-02-08T10:22:30, 1630.5, 0, 0, 0 
2015-02-08T10:27:30, 1630.54545455, 0, 0, 0 
2015-02-08T10:32:30, 1630.5, 0, 0, 0 
2015-02-08T10:37:30, 1630.47887324, 0, 0, 0 
2015-02-08T10:42:30, 1630.49411765, 0, 0, 0 
2015-02-08T10:47:30, 1630.50505051, 0, 0, 0 
2015-02-08T10:52:30, 1630.49382716, 0, 0, 0 
2015-02-08T10:57:30, 1630.51764706, 0, 0, 0 
2015-02-08T11:02:30, 1630.50505051, 0, 0, 0 
2015-02-08T11:07:30, 1630.5, 0, 0, 0 
2015-02-08T11:12:30, 1630.5, 0, 0, 0 
2015-02-08T11:17:30, 1630.5, 0, 0, 0 
2015-02-08T11:22:30, 1630.49541284, 0, 0, 0 
2015-02-08T11:27:30, 1630.5, 0, 0, 0 
2015-02-08T11:32:30, 1630.5, 0, 0, 0 
2015-02-08T11:37:30, 1630.5, 0, 0, 0 
2015-02-08T11:42:30, 1630.44086022, 0, 0, 0 
2015-02-08T11:47:30, 1630.5, 0, 0, 0 
2015-02-08T11:52:30, 1630.5, 0, 0, 0 
2015-02-08T11:57:30, 1630.49484536, 0, 0, 0 
2015-02-08T12:02:30, 1630.5060241, 0, 0, 0 
2015-02-08T12:07:30, 1630.49350649, 0, 0, 0 
2015-02-08T12:12:30, 1630.5, 0, 0, 0 
2015-02-08T12:17:30, 1630.50649351, 0, 0, 0 
2015-02-08T12:22:30, 1630.49411765, 0, 0, 0 
2015-02-08T12:27:30, 1630.5, 0, 0, 0 
2015-02-08T12:32:30, 1630.50515464, 0, 0, 0 
2015-02-08T12:37:30, 1630.4950495, 0, 0, 0 
2015-02-08T12:42:30, 1630.50526316, 0, 0, 0 
2015-02-08T12:47:30, 1630.49565217, 0, 0, 0 
2015-02-08T12:52:30, 1630.50505051, 0, 0, 0 
2015-02-08T12:57:30, 1630.47674419, 0, 0, 0 
2015-02-08T13:02:30, 1630.49462366, 0, 0, 0 
2015-02-08T13:07:30, 1630.48421053, 0, 0, 0 
2015-02-08T13:12:30, 1630.5, 0, 0, 0 
2015-02-08T13:17:30, 1630.49425287, 0, 0, 0 
2015-02-08T13:22:30, 1630.5047619, 0, 0, 0 
2015-02-08T13:27:30, 1630.37254902, 0, 0, 0 
2015-02-08T13:32:30, 1630.5, 0, 0, 0 
2015-02-08T13:37:30, 1630.5, 0, 0, 0 
2015-02-08T13:42:30, 1630.5, 0, 0, 0 
2015-02-08T13:47:30, 1630.47368421, 0, 0, 0 
2015-02-08T13:52:30, 1630.48076923, 0, 0, 0 
2015-02-08T13:57:30, 1630.49438202, 0, 0, 0 
2015-02-08T14:02:30, 1630.50537634, 0, 0, 0 
2015-02-08T14:07:30, 1630.49180328, 0, 0, 0 
2015-02-08T14:12:30, 1630.5, 0, 0, 0 
2015-02-08T14:17:30, 1630.50574713, 0, 0, 0 
2015-02-08T14:22:30, 1630.5, 0, 0, 0 
2015-02-08T14:27:30, 1630.35365854, 0, 0, 0 
2015-02-08T14:32:30, 1630.2967033, 0, 0, 0 
2015-02-08T14:37:30, 1630.36263736, 0, 0, 0 
2015-02-08T14:42:30, 1630.30952381, 0, 0, 0 
2015-02-08T14:47:30, 1630.2, 0, 0, 0 
2015-02-08T14:52:30, 1630.30136986, 0, 0, 0 
2015-02-08T14:57:30, 1630.43820225, 0, 0, 0 
2015-02-08T15:02:30, 1630.4939759, 0, 0, 0 
2015-02-08T15:07:30, 1630.50617284, 0, 0, 0 
2015-02-08T15:12:30, 1630.5, 0, 0, 0 
2015-02-08T15:17:30, 1630.4, 0, 0, 0 
2015-02-08T15:22:30, 1630.49473684, 0, 0, 0 
2015-02-08T15:27:30, 1630.50588235, 0, 0, 0 
2015-02-08T15:32:30, 1630.04597701, 0, 0, 0 
2015-02-08T15:37:30, 1630.42708333, 0, 0, 0 
2015-02-08T15:42:30, 1630.49382716, 0, 0, 0 
2015-02-08T15:47:30, 1630.5, 0, 0, 0 
2015-02-08T15:52:30, 1630.36904762, 0, 0, 0 
2015-02-08T15:57:30, 1630.41176471, 0, 0, 0 
2015-02-08T16:02:30, 1630.48275862, 0, 0, 0 
2015-02-08T16:07:30, 1630.42105263, 0, 0, 0 
2015-02-08T16:12:30, 1630.50666667, 0, 0, 0 
2015-02-08T16:17:30, 1630.4, 0, 0, 0 
2015-02-08T16:22:30, 1630.49411765, 0, 0, 0 
2015-02-08T16:27:30, 1630.50561798, 0, 0, 0 
2015-02-08T16:32:30, 1629.98989899, 0, 0, 0 
2015-02-08T16:37:30, 1630.29166667, 0, 0, 0 
2015-02-08T16:42:30, 1629.7, 0, 0, 0 
2015-02-08T16:47:30, 1629.6460177, 0, 0, 0 
2015-02-08T16:52:30, 1630.06060606, 0, 0, 0 
2015-02-08T16:57:30, 1630.40229885, 0, 0, 0 
2015-02-08T17:02:30, 1630.52325581, 0, 0, 0 
2015-02-08T17:07:30, 1630.29166667, 0, 0, 0 
2015-02-08T17:12:30, 1630.50537634, 0, 0, 0 
2015-02-08T17:17:30, 1630.49333333, 0, 0, 0 
2015-02-08T17:22:30, 1630.45454545, 0, 0, 0 
2015-02-08T17:27:30, 1630.5, 0, 0, 0 
2015-02-08T17:32:30, 1630.36263736, 0, 0, 0 
2015-02-08T17:37:30, 1630.5, 0, 0, 0 
2015-02-08T17:42:30, 1630.50617284, 0, 0, 0 
2015-02-08T17:47:30, 1630.44329897, 0, 0, 0 
2015-02-08T17:52:30, 1630.36734694, 0, 0, 0 
2015-02-08T17:57:30, 1630.4939759, 0, 0, 0 
2015-02-08T18:02:30, 1630.48453608, 0, 0, 0 
2015-02-08T18:07:30, 1630.35416667, 0, 0, 0 
2015-02-08T18:12:30, 1630.5, 0, 0, 0 
2015-02-08T18:17:30, 1630.35164835, 0, 0, 0 
2015-02-08T18:22:30, 1630.4939759, 0, 0, 0 
2015-02-08T18:27:30, 1630.50526316, 0, 0, 0 
2015-02-08T18:32:30, 1630.5, 0, 0, 0 
2015-02-08T18:37:30, 1630.5, 0, 0, 0 
2015-02-08T18:42:30, 1630.47619048, 0, 0, 0 
2015-02-08T18:47:30, 1630.5, 0, 0, 0 
2015-02-08T18:52:30, 1630.5, 0, 0, 0 
2015-02-08T18:57:30, 1630.5, 0, 0, 0 
2015-02-08T19:02:30, 1630.5, 0, 0, 0 
2015-02-08T19:07:30, 1630.49450549, 0, 0, 0 
2015-02-08T19:12:30, 1630.48421053, 0, 0, 0 
2015-02-08T19:17:30, 1630.5047619, 0, 0, 0 
2015-02-08T19:22:30, 1630.5, 0, 0, 0 
2015-02-08T19:27:30, 1630.5, 0, 0, 0 
2015-02-08T19:32:30, 1630.49473684, 0, 0, 0 
2015-02-08T19:37:30, 1630.5, 0, 0, 0 
2015-02-08T19:42:30, 1630.50561798, 0, 0, 0 
2015-02-08T19:47:30, 1630.49450549, 0, 0, 0 
2015-02-08T19:52:30, 1630.48514851, 0, 0, 0 
2015-02-08T19:57:30, 1630.49484536, 0, 0, 0 
2015-02-08T20:02:30, 1630.48113208, 0, 0, 0 
2015-02-08T20:07:30, 1630.46153846, 0, 0, 0 
2015-02-08T20:12:30, 1630.47368421, 0, 0, 0 
2015-02-08T20:17:30, 1630.5, 0, 0, 0 
2015-02-08T20:22:30, 1630.43877551, 0, 0, 0 
2015-02-08T20:27:30, 1630.45631068, 0, 0, 0 
2015-02-08T20:32:30, 1630.50537634, 0, 0, 0 
2015-02-08T20:37:30, 1630.47474747, 0, 0, 0 
2015-02-08T20:42:30, 1630.47777778, 0, 0, 0 
2015-02-08T20:47:30, 1630.50561798, 0, 0, 0 
2015-02-08T20:52:30, 1630.49425287, 0, 0, 0 
2015-02-08T20:57:30, 1630.50515464, 0, 0, 0 
2015-02-08T21:02:30, 1630.5, 0, 0, 0 
2015-02-08T21:07:30, 1630.5, 0, 0, 0 
2015-02-08T21:12:30, 1630.49484536, 0, 0, 0 
2015-02-08T21:17:30, 1630.50526316, 0, 0, 0 
2015-02-08T21:22:30, 1630.5, 0, 0, 0 
2015-02-08T21:27:30, 1630.5, 0, 0, 0 
2015-02-08T21:32:30, 1630.49462366, 0, 0, 0 
2015-02-08T21:37:30, 1630.50617284, 0, 0, 0 
2015-02-08T21:42:30, 1630.49473684, 0, 0, 0 
2015-02-08T21:47:30, 1630.50505051, 0, 0, 0 
2015-02-08T21:52:30, 1630.49494949, 0, 0, 0 
2015-02-08T21:57:30, 1630.5, 0, 0, 0 
2015-02-08T22:02:30, 1630.48051948, 0, 0, 0 
2015-02-08T22:07:30, 1630.5, 0, 0, 0 
2015-02-08T22:12:30, 1630.49484536, 0, 0, 0 
2015-02-08T22:17:30, 1630.5, 0, 0, 0 
2015-02-08T22:22:30, 1630.50549451, 0, 0, 0 
2015-02-08T22:27:30, 1630.49425287, 0, 0, 0 
2015-02-08T22:32:30, 1630.50505051, 0, 0, 0 
2015-02-08T22:37:30, 1630.49438202, 0, 0, 0 
2015-02-08T22:42:30, 1630.5, 0, 0, 0 
2015-02-08T22:47:30, 1630.5, 0, 0, 0 
2015-02-08T22:52:30, 1630.5, 0, 0, 0 
2015-02-08T22:57:30, 1630.48453608, 0, 0, 0 
2015-02-08T23:02:30, 1630.5, 0, 0, 0 
2015-02-08T23:07:30, 1630.5, 0, 0, 0 
2015-02-08T23:12:30, 1630.49462366, 0, 0, 0 
2015-02-08T23:17:30, 1630.50561798, 0, 0, 0 
2015-02-08T23:22:30, 1630.47368421, 0, 0, 0 
2015-02-08T23:27:30, 1631.24752475, 0, 0, 0 
2015-02-08T23:32:30, 1630.47777778, 0, 0, 0 
2015-02-08T23:37:30, 1630.49367089, 0, 0, 0 
2015-02-08T23:42:30, 1630.97849462, 0, 0, 0 
2015-02-08T23:47:30, 1632.3362069, 0, 0, 0 
2015-02-08T23:52:30, 1630.69662921, 0, 0, 0 
2015-02-08T23:57:30, 1631.26086957, 0, 0, 0 
2015-02-09T00:02:30, 1632.16428571, 0, 0, 0 
2015-02-09T00:07:30, 1631.61029412, 0, 0, 0 
2015-02-09T00:12:30, 1630.74418605, 0, 0, 0 
2015-02-09T00:17:30, 1631.25, 0, 0, 0 
2015-02-09T00:22:30, 1631.66666667, 0, 0, 0 
2015-02-09T00:27:30, 1631.42635659, 0, 0, 0 
2015-02-09T00:32:30, 1633.10135135, 0, 0, 0 
2015-02-09T00:37:30, 1633.5828877, 0, 0, 0 
2015-02-09T00:42:30, 1633.34857143, 0, 0, 0 
2015-02-09T00:47:30, 1633.16766467, 0, 0, 0 
2015-02-09T00:52:30, 1633.05696203, 0, 0, 0 
2015-02-09T00:57:30, 1633.53416149, 0, 0, 0 
2015-02-09T01:02:30, 1633.95238095, 0, 0, 0 
2015-02-09T01:07:30, 1634.14689266, 0, 0, 0 
2015-02-09T01:12:30, 1633.67195767, 0, 0, 0 
2015-02-09T01:17:30, 1634.5828877, 0, 0, 0 
2015-02-09T01:22:30, 1633.6969697, 0, 0, 0 
2015-02-09T01:27:30, 1632.70138889, 0, 0, 0 
2015-02-09T01:32:30, 1631.808, 0, 0, 0 
2015-02-09T01:37:30, 1632.67785235, 0, 0, 0 
2015-02-09T01:42:30, 1633.65816327, 0, 0, 0 
2015-02-09T01:47:30, 1633.97175141, 0, 0, 0 
2015-02-09T01:52:30, 1634.81871345, 0, 0, 0 
2015-02-09T01:57:30, 1634.76056338, 0, 0, 0 
2015-02-09T02:02:30, 1633.59116022, 0, 0, 0 
2015-02-09T02:07:30, 1633.88082902, 0, 0, 0 
2015-02-09T02:12:30, 1633.69565217, 0, 0, 0 
2015-02-09T02:17:30, 1634.20224719, 0, 0, 0 
2015-02-09T02:22:30, 1633.47239264, 0, 0, 0 
2015-02-09T02:27:30, 1634.54594595, 0, 0, 0 
2015-02-09T02:32:30, 1634.46, 0, 0, 0 
2015-02-09T02:37:30, 1634.2459893, 0, 0, 0 
2015-02-09T02:42:30, 1635.15508021, 0, 0, 0 
2015-02-09T02:47:30, 1635.69491525, 0, 0, 0 
2015-02-09T02:52:30, 1636.2037037, 0, 0, 0 
2015-02-09T02:57:30, 1636.56213018, 0, 0, 0 
2015-02-09T03:02:30, 1636.49681529, 0, 0, 0 
2015-02-09T03:07:30, 1636.57142857, 0, 0, 0 
2015-02-09T03:12:30, 1634.20212766, 0, 0, 0 
2015-02-09T03:17:30, 1635.42473118, 0, 0, 0 
2015-02-09T03:22:30, 1635.55681818, 0, 0, 0 
2015-02-09T03:27:30, 1635.87692308, 0, 0, 0 
2015-02-09T03:32:30, 1636.31746032, 0, 0, 0 
2015-02-09T03:37:30, 1635.87912088, 0, 0, 0 
2015-02-09T03:42:30, 1635.77777778, 0, 0, 0 
2015-02-09T03:47:30, 1635.94535519, 0, 0, 0 
2015-02-09T03:52:30, 1635.38378378, 0, 0, 0 
2015-02-09T03:57:30, 1636.72670807, 0, 0, 0 
2015-02-09T04:02:30, 1636.67251462, 0, 0, 0 
2015-02-09T04:07:30, 1636.92105263, 0, 0, 0 
2015-02-09T04:12:30, 1636.90384615, 0, 0, 0 
2015-02-09T04:17:30, 1636.96575342, 0, 0, 0 
2015-02-09T04:22:30, 1637.00699301, 0, 0, 0 
2015-02-09T04:27:30, 1636.91463415, 0, 0, 0 
2015-02-09T04:32:30, 1636.98136646, 0, 0, 0 
2015-02-09T04:37:30, 1637.07482993, 0, 0, 0 
2015-02-09T04:42:30, 1637.03267974, 0, 0, 0 
2015-02-09T04:47:30, 1637.07333333, 0, 0, 0 
2015-02-09T04:52:30, 1636.94630872, 0, 0, 0 
2015-02-09T04:57:30, 1637.06875, 0, 0, 0 
2015-02-09T05:02:30, 1637.0516129, 0, 0, 0 
2015-02-09T05:07:30, 1637.19205298, 0, 0, 0 
2015-02-09T05:12:30, 1637.08641975, 0, 0, 0 
2015-02-09T05:17:30, 1637.1097561, 0, 0, 0 
2015-02-09T05:22:30, 1637.48051948, 0, 0, 0 
2015-02-09T05:27:30, 1637.11904762, 0, 0, 0 
2015-02-09T05:32:30, 1637.1192053, 0, 0, 0 
2015-02-09T05:37:30, 1637.08917197, 0, 0, 0 
2015-02-09T05:42:30, 1637.08227848, 0, 0, 0 
2015-02-09T05:47:30, 1637.18589744, 0, 0, 0 
2015-02-09T05:52:30, 1637.01875, 0, 0, 0 
2015-02-09T05:57:30, 1637.12578616, 0, 0, 0 
2015-02-09T06:02:30, 1637.10322581, 0, 0, 0 
2015-02-09T06:07:30, 1636.95180723, 0, 0, 0 
2015-02-09T06:12:30, 1637.07361963, 0, 0, 0 
2015-02-09T06:17:30, 1637.1483871, 0, 0, 0 
2015-02-09T06:22:30, 1637.22891566, 0, 0, 0 
2015-02-09T06:27:30, 1637.15286624, 0, 0, 0 
2015-02-09T06:32:30, 1637.05421687, 0, 0, 0 
2015-02-09T06:37:30, 1637.43103448, 0, 0, 0 
2015-02-09T06:42:30, 1637.18518519, 0, 0, 0 
2015-02-09T06:47:30, 1637.04054054, 0, 0, 0 
2015-02-09T06:52:30, 1637.22641509, 0, 0, 0 
2015-02-09T06:57:30, 1637.13496933, 0, 0, 0 
2015-02-09T07:02:30, 1637.55555556, 0, 0, 0 
2015-02-09T07:07:30, 1637.16770186, 0, 0, 0 
2015-02-09T07:12:30, 1637.02994012, 0, 0, 0 
2015-02-09T07:17:30, 1637.07386364, 0, 0, 0 
2015-02-09T07:22:30, 1636.94375, 0, 0, 0 
2015-02-09T07:27:30, 1636.9047619, 0, 0, 0 
2015-02-09T07:32:30, 1636.88888889, 0, 0, 0 
2015-02-09T07:37:30, 1636.98850575, 0, 0, 0 
2015-02-09T07:42:30, 1637.0915493, 0, 0, 0 
2015-02-09T07:47:30, 1637.18518519, 0, 0, 0 
2015-02-09T07:52:30, 1637.38853503, 0, 0, 0 
2015-02-09T07:57:30, 1637.12209302, 0, 0, 0 
2015-02-09T08:02:30, 1637.21830986, 0, 0, 0 
2015-02-09T08:07:30, 1637.44520548, 0, 0, 0 
2015-02-09T08:12:30, 1637.15441176, 0, 0, 0 
2015-02-09T08:17:30, 1637.24285714, 0, 0, 0 
2015-02-09T08:22:30, 1637.11842105, 0, 0, 0 
2015-02-09T08:27:30, 1637.45180723, 0, 0, 0 
2015-02-09T08:32:30, 1637.35403727, 0, 0, 0 
2015-02-09T08:37:30, 1637.34666667, 0, 0, 0 
2015-02-09T08:42:30, 1637.91860465, 0, 0, 0 
2015-02-09T08:47:30, 1637.58181818, 0, 0, 0 
2015-02-09T08:52:30, 1637.37356322, 0, 0, 0 
2015-02-09T08:57:30, 1637.09090909, 0, 0, 0 
2015-02-09T09:02:30, 1637.07692308, 0, 0, 0 
2015-02-09T09:07:30, 1637.12738854, 0, 0, 0 
2015-02-09T09:12:30, 1638.03870968, 0, 0, 0 
2015-02-09T09:17:30, 1637.95833333, 0, 0, 0 
2015-02-09T09:22:30, 1637.93333333, 0, 0, 0 
2015-02-09T09:27:30, 1638.32222222, 0, 0, 0 
2015-02-09T09:32:30, 1639.89162562, 0, 0, 0 
2015-02-09T09:37:30, 1638.30769231, 0, 0, 0 
2015-02-09T09:42:30, 1639.47761194, 0, 0, 0 
2015-02-09T09:47:30, 1639.70212766, 0, 0, 0 
2015-02-09T09:52:30, 1639.71428571, 0, 0, 0 
2015-02-09T09:57:30, 1639.66666667, 0, 0, 0 
2015-02-09T10:02:30, 1639.97630332, 0, 0, 0 
2015-02-09T10:07:30, 1639.40112994, 0, 0, 0 
2015-02-09T10:12:30, 1640.13612565, 0, 0, 0 
2015-02-09T10:17:30, 1640.24293785, 0, 0, 0 
2015-02-09T10:22:30, 1641.01554404, 0, 0, 0 
2015-02-09T10:27:30, 1639.61904762, 0, 0, 0 
2015-02-09T10:32:30, 1638.75132275, 0, 0, 0 
2015-02-09T10:37:30, 1639.14054054, 0, 0, 0 
2015-02-09T10:42:30, 1637.22972973, 0, 0, 0 
2015-02-09T10:47:30, 1637.32231405, 0, 0, 0 
2015-02-09T10:52:30, 1637.14876033, 0, 0, 0 
2015-02-09T10:57:30, 1636.40268456, 0, 0, 0 
2015-02-09T11:02:30, 1634.92982456, 0, 0, 0 
2015-02-09T11:07:30, 1632.00740741, 0, 0, 0 
2015-02-09T11:12:30, 1631.87931034, 0, 0, 0 
2015-02-09T11:17:30, 1631.87, 0, 0, 0 
2015-02-09T11:22:30, 1631.10227273, 0, 0, 0 
2015-02-09T11:27:30, 1630.5, 0, 0, 0 
2015-02-09T11:32:30, 1630.5, 0, 0, 0 
2015-02-09T11:37:30, 1630.50746269, 0, 0, 0 
2015-02-09T11:42:30, 1630.49450549, 0, 0, 0 
2015-02-09T11:47:30, 1630.50574713, 0, 0, 0 
2015-02-09T11:52:30, 1630.51546392, 0, 0, 0 
2015-02-09T11:57:30, 1630.49333333, 0, 0, 0 
2015-02-09T12:02:30, 1630.5060241, 0, 0, 0 
2015-02-09T12:07:30, 1630.52439024, 0, 0, 0 
2015-02-09T12:12:30, 1630.5, 0, 0, 0 
2015-02-09T12:17:30, 1630.49295775, 0, 0, 0 
2015-02-09T12:22:30, 1630.50819672, 0, 0, 0 
2015-02-09T12:27:30, 1630.52, 0, 0, 0 
2015-02-09T12:32:30, 1630.50549451, 0, 0, 0 
2015-02-09T12:37:30, 1630.07142857, 0, 0, 0 
2015-02-09T12:42:30, 1630.09756098, 0, 0, 0 
2015-02-09T12:47:30, 1629.57303371, 0, 0, 0 
2015-02-09T12:52:30, 1629.89333333, 0, 0, 0 
2015-02-09T12:57:30, 1628.73504274, 0, 0, 0 
2015-02-09T13:02:30, 1627.9245283, 0, 0, 0 
2015-02-09T13:07:30, 1627.51234568, 0, 0, 0 
2015-02-09T13:12:30, 1626.39473684, 0, 0, 0 
2015-02-09T13:17:30, 1626.52777778, 0, 0, 0 
2015-02-09T13:22:30, 1625.80136986, 0, 0, 0 
2015-02-09T13:27:30, 1625.19565217, 0, 0, 0 
2015-02-09T13:32:30, 1625.12765957, 0, 0, 0 
2015-02-09T13:37:30, 1624.99099099, 0, 0, 0 
2015-02-09T13:42:30, 1624.29661017, 0, 0, 0 
2015-02-09T13:47:30, 1624.66666667, 0, 0, 0 
2015-02-09T13:52:30, 1624.65413534, 0, 0, 0 
2015-02-09T13:57:30, 1624.89344262, 0, 0, 0 
2015-02-09T14:02:30, 1624.31623932, 0, 0, 0 
2015-02-09T14:07:30, 1624.27927928, 0, 0, 0 
2015-02-09T14:12:30, 1624.34188034, 0, 0, 0 
2015-02-09T14:17:30, 1624.49579832, 0, 0, 0 
2015-02-09T14:22:30, 1624.30526316, 0, 0, 0 
2015-02-09T14:27:30, 1624.2601626, 0, 0, 0 
2015-02-09T14:32:30, 1624.29357798, 0, 0, 0 
2015-02-09T14:37:30, 1624.30769231, 0, 0, 0 
2015-02-09T14:42:30, 1624.27966102, 0, 0, 0 
2015-02-09T14:47:30, 1624.3258427, 0, 0, 0 
2015-02-09T14:52:30, 1624.40217391, 0, 0, 0 
2015-02-09T14:57:30, 1624.31092437, 0, 0, 0 
2015-02-09T15:02:30, 1624.34821429, 0, 0, 0 
2015-02-09T15:07:30, 1624.28125, 0, 0, 0 
2015-02-09T15:12:30, 1624.33962264, 0, 0, 0 
2015-02-09T15:17:30, 1624.27350427, 0, 0, 0 
2015-02-09T15:22:30, 1624.29166667, 0, 0, 0 
2015-02-09T15:27:30, 1624.22222222, 0, 0, 0 
2015-02-09T15:32:30, 1624.24193548, 0, 0, 0 
2015-02-09T15:37:30, 1624.31192661, 0, 0, 0 
2015-02-09T15:42:30, 1624.30097087, 0, 0, 0 
2015-02-09T15:47:30, 1624.37962963, 0, 0, 0 
2015-02-09T15:52:30, 1624.23770492, 0, 0, 0 
2015-02-09T15:57:30, 1624.24427481, 0, 0, 0 
2015-02-09T16:02:30, 1624.33333333, 0, 0, 0 
2015-02-09T16:07:30, 1624.30357143, 0, 0, 0 
2015-02-09T16:12:30, 1624.18644068, 0, 0, 0 
2015-02-09T16:17:30, 1624.02013423, 0, 0, 0 
2015-02-09T16:22:30, 1622.84027778, 0, 0, 0 
2015-02-09T16:27:30, 1623.28834356, 0, 0, 0 
2015-02-09T16:32:30, 1623.95412844, 0, 0, 0 
2015-02-09T16:37:30, 1624.0, 0, 0, 0 
2015-02-09T16:42:30, 1623.56153846, 0, 0, 0 
2015-02-09T16:47:30, 1623.40540541, 0, 0, 0 
2015-02-09T16:52:30, 1623.92481203, 0, 0, 0 
2015-02-09T16:57:30, 1624.17482517, 0, 0, 0 
2015-02-09T17:02:30, 1624.08724832, 0, 0, 0 
2015-02-09T17:07:30, 1624.1409396, 0, 0, 0 
2015-02-09T17:12:30, 1624.16, 0, 0, 0 
2015-02-09T17:17:30, 1624.13432836, 0, 0, 0 
2015-02-09T17:22:30, 1624.12578616, 0, 0, 0 
2015-02-09T17:27:30, 1624.17123288, 0, 0, 0 
2015-02-09T17:32:30, 1624.0, 0, 0, 0 
2015-02-09T17:37:30, 1624.58682635, 0, 0, 0 
2015-02-09T17:42:30, 1624.77707006, 0, 0, 0 
2015-02-09T17:47:30, 1625.3559322, 0, 0, 0 
2015-02-09T17:52:30, 1627.1027027, 0, 0, 0 
2015-02-09T17:57:30, 1626.11518325, 0, 0, 0 
2015-02-09T18:02:30, 1626.70930233, 0, 0, 0 
2015-02-09T18:07:30, 1627.95808383, 0, 0, 0 
2015-02-09T18:12:30, 1627.68156425, 0, 0, 0 
2015-02-09T18:17:30, 1629.84482759, 0, 0, 0 
2015-02-09T18:22:30, 1628.95081967, 0, 0, 0 
2015-02-09T18:27:30, 1628.24691358, 0, 0, 0 
2015-02-09T18:32:30, 1627.09895833, 0, 0, 0 
2015-02-09T18:37:30, 1627.02762431, 0, 0, 0 
2015-02-09T18:42:30, 1626.69354839, 0, 0, 0 
2015-02-09T18:47:30, 1627.90860215, 0, 0, 0 
2015-02-09T18:52:30, 1628.4822695, 0, 0, 0 
2015-02-09T18:57:30, 1629.41880342, 0, 0, 0 
2015-02-09T19:02:30, 1629.59459459, 0, 0, 0 
2015-02-09T19:07:30, 1630.33928571, 0, 0, 0 
2015-02-09T19:12:30, 1630.12643678, 0, 0, 0 
2015-02-09T19:17:30, 1630.2826087, 0, 0, 0 
2015-02-09T19:22:30, 1629.77227723, 0, 0, 0 
2015-02-09T19:27:30, 1630.35869565, 0, 0, 0 
2015-02-09T19:32:30, 1630.43333333, 0, 0, 0 
2015-02-09T19:37:30, 1630.26190476, 0, 0, 0 
2015-02-09T19:42:30, 1630.5, 0, 0, 0 
2015-02-09T19:47:30, 1630.35714286, 0, 0, 0 
2015-02-09T19:52:30, 1630.41935484, 0, 0, 0 
2015-02-09T19:57:30, 1630.48453608, 0, 0, 0 
2015-02-09T20:02:30, 1630.44680851, 0, 0, 0 
2015-02-09T20:07:30, 1630.4787234, 0, 0, 0 
2015-02-09T20:12:30, 1630.5, 0, 0, 0 
2015-02-09T20:17:30, 1630.5, 0, 0, 0 
2015-02-09T20:22:30, 1630.4939759, 0, 0, 0 
2015-02-09T20:27:30, 1630.5, 0, 0, 0 
2015-02-09T20:32:30, 1630.50588235, 0, 0, 0 
2015-02-09T20:37:30, 1630.5, 0, 0, 0 
2015-02-09T20:42:30, 1630.5, 0, 0, 0 
2015-02-09T20:47:30, 1630.5, 0, 0, 0 
2015-02-09T20:52:30, 1630.49333333, 0, 0, 0 
2015-02-09T20:57:30, 1630.5, 0, 0, 0 
2015-02-09T21:02:30, 1630.50574713, 0, 0, 0 
2015-02-09T21:07:30, 1630.5, 0, 0, 0 
2015-02-09T21:12:30, 1630.5, 0, 0, 0 
2015-02-09T21:17:30, 1630.5, 0, 0, 0 
2015-02-09T21:22:30, 1630.5, 0, 0, 0 
2015-02-09T21:27:30, 1630.5, 0, 0, 0 
2015-02-09T21:32:30, 1630.4939759, 0, 0, 0 
2015-02-09T21:37:30, 1630.50588235, 0, 0, 0 
2015-02-09T21:42:30, 1630.5, 0, 0, 0 
2015-02-09T21:47:30, 1630.49333333, 0, 0, 0 
2015-02-09T21:52:30, 1630.5060241, 0, 0, 0 
2015-02-09T21:57:30, 1630.49367089, 0, 0, 0 
2015-02-09T22:02:30, 1630.53164557, 0, 0, 0 
2015-02-09T22:07:30, 1630.5, 0, 0, 0 
2015-02-09T22:12:30, 1630.5, 0, 0, 0 
2015-02-09T22:17:30, 1630.52777778, 0, 0, 0 
2015-02-09T22:22:30, 1630.5, 0, 0, 0 
2015-02-09T22:27:30, 1630.49350649, 0, 0, 0 
2015-02-09T22:32:30, 1630.50632911, 0, 0, 0 
2015-02-09T22:37:30, 1630.5, 0, 0, 0 
2015-02-09T22:42:30, 1630.49438202, 0, 0, 0 
2015-02-09T22:47:30, 1630.50746269, 0, 0, 0 
2015-02-09T22:52:30, 1630.56626506, 0, 0, 0 
2015-02-09T22:57:30, 1630.50515464, 0, 0, 0 
2015-02-09T23:02:30, 1630.49462366, 0, 0, 0 
2015-02-09T23:07:30, 1630.50505051, 0, 0, 0 
2015-02-09T23:12:30, 1630.49438202, 0, 0, 0 
2015-02-09T23:17:30, 1630.50537634, 0, 0, 0 
2015-02-09T23:22:30, 1630.5, 0, 0, 0 
2015-02-09T23:27:30, 1630.5, 0, 0, 0 
2015-02-09T23:32:30, 1630.49367089, 0, 0, 0 
2015-02-09T23:37:30, 1630.5, 0, 0, 0 
2015-02-09T23:42:30, 1630.50666667, 0, 0, 0 
2015-02-09T23:47:30, 1630.5, 0, 0, 0 
2015-02-09T23:52:30, 1630.5, 0, 0, 0 
2015-02-09T23:57:30, 1630.49206349, 0, 0, 0 
2015-02-10T00:02:30, 1630.5, 0, 0, 0 
2015-02-10T00:07:30, 1630.50588235, 0, 0, 0 
2015-02-10T00:12:30, 1630.5, 0, 0, 0 
2015-02-10T00:17:30, 1630.5, 0, 0, 0 
2015-02-10T00:22:30, 1630.5, 0, 0, 0 
2015-02-10T00:27:30, 1630.5, 0, 0, 0 
2015-02-10T00:32:30, 1630.49484536, 0, 0, 0 
2015-02-10T00:37:30, 1630.50588235, 0, 0, 0 
2015-02-10T00:42:30, 1630.5, 0, 0, 0 
2015-02-10T00:47:30, 1630.49367089, 0, 0, 0 
2015-02-10T00:52:30, 1630.61333333, 0, 0, 0 
2015-02-10T00:57:30, 1630.75280899, 0, 0, 0 
2015-02-10T01:02:30, 1630.59259259, 0, 0, 0 
2015-02-10T01:07:30, 1630.5, 0, 0, 0 
2015-02-10T01:12:30, 1630.5, 0, 0, 0 
2015-02-10T01:17:30, 1630.5, 0, 0, 0 
2015-02-10T01:22:30, 1630.5, 0, 0, 0 
2015-02-10T01:27:30, 1630.49438202, 0, 0, 0 
2015-02-10T01:32:30, 1630.50515464, 0, 0, 0 
2015-02-10T01:37:30, 1630.5, 0, 0, 0 
2015-02-10T01:42:30, 1630.4939759, 0, 0, 0 
2015-02-10T01:47:30, 1630.50588235, 0, 0, 0 
2015-02-10T01:52:30, 1630.49450549, 0, 0, 0 
2015-02-10T01:57:30, 1630.50588235, 0, 0, 0 
2015-02-10T02:02:30, 1630.49411765, 0, 0, 0 
2015-02-10T02:07:30, 1630.5, 0, 0, 0 
2015-02-10T02:12:30, 1630.5, 0, 0, 0 
2015-02-10T02:17:30, 1630.72289157, 0, 0, 0 
2015-02-10T02:22:30, 1630.61904762, 0, 0, 0 
2015-02-10T02:27:30, 1630.57971014, 0, 0, 0 
2015-02-10T02:32:30, 1630.82278481, 0, 0, 0 
2015-02-10T02:37:30, 1630.84693878, 0, 0, 0 
2015-02-10T02:42:30, 1630.55555556, 0, 0, 0 
2015-02-10T02:47:30, 1631.18269231, 0, 0, 0 
2015-02-10T02:52:30, 1630.65555556, 0, 0, 0 
2015-02-10T02:57:30, 1631.0862069, 0, 0, 0 
2015-02-10T03:02:30, 1632.12389381, 0, 0, 0 
2015-02-10T03:07:30, 1630.7755102, 0, 0, 0 
2015-02-10T03:12:30, 1630.60194175, 0, 0, 0 
2015-02-10T03:17:30, 1631.19565217, 0, 0, 0 
2015-02-10T03:22:30, 1630.90816327, 0, 0, 0 
2015-02-10T03:27:30, 1630.56976744, 0, 0, 0 
2015-02-10T03:32:30, 1630.49411765, 0, 0, 0 
2015-02-10T03:37:30, 1630.6185567, 0, 0, 0 
2015-02-10T03:42:30, 1630.62637363, 0, 0, 0 
2015-02-10T03:47:30, 1631.39449541, 0, 0, 0 
2015-02-10T03:52:30, 1630.82352941, 0, 0, 0 
2015-02-10T03:57:30, 1630.69473684, 0, 0, 0 
2015-02-10T04:02:30, 1631.58490566, 0, 0, 0 
2015-02-10T04:07:30, 1630.93902439, 0, 0, 0 
2015-02-10T04:12:30, 1632.07194245, 0, 0, 0 
2015-02-10T04:17:30, 1632.4, 0, 0, 0 
2015-02-10T04:22:30, 1631.51260504, 0, 0, 0 
2015-02-10T04:27:30, 1631.4122807, 0, 0, 0 
2015-02-10T04:32:30, 1631.31632653, 0, 0, 0 
2015-02-10T04:37:30, 1630.5, 0, 0, 0 
2015-02-10T04:42:30, 1630.67058824, 0, 0, 0 
2015-02-10T04:47:30, 1631.07142857, 0, 0, 0 
2015-02-10T04:52:30, 1631.13636364, 0, 0, 0 
2015-02-10T04:57:30, 1631.4, 0, 0, 0 
2015-02-10T05:02:30, 1631.81308411, 0, 0, 0 
2015-02-10T05:07:30, 1631.375, 0, 0, 0 
2015-02-10T05:12:30, 1631.47115385, 0, 0, 0 
2015-02-10T05:17:30, 1631.72, 0, 0, 0 
2015-02-10T05:22:30, 1631.3902439, 0, 0, 0 
2015-02-10T05:27:30, 1632.63432836, 0, 0, 0 
2015-02-10T05:32:30, 1632.85333333, 0, 0, 0 
2015-02-10T05:37:30, 1632.5, 0, 0, 0 
2015-02-10T05:42:30, 1631.56730769, 0, 0, 0 
2015-02-10T05:47:30, 1631.51485149, 0, 0, 0 
2015-02-10T05:52:30, 1632.14379085, 0, 0, 0 
2015-02-10T05:57:30, 1632.47727273, 0, 0, 0 
2015-02-10T06:02:30, 1631.25892857, 0, 0, 0 
2015-02-10T06:07:30, 1630.76470588, 0, 0, 0 
2015-02-10T06:12:30, 1630.67032967, 0, 0, 0 
2015-02-10T06:17:30, 1630.52688172, 0, 0, 0 
2015-02-10T06:22:30, 1630.65909091, 0, 0, 0 
2015-02-10T06:27:30, 1630.58878505, 0, 0, 0 
2015-02-10T06:32:30, 1631.98969072, 0, 0, 0 
2015-02-10T06:37:30, 1631.01315789, 0, 0, 0 
2015-02-10T06:42:30, 1631.19811321, 0, 0, 0 
2015-02-10T06:47:30, 1632.51824818, 0, 0, 0 
2015-02-10T06:52:30, 1630.98113208, 0, 0, 0 
2015-02-10T06:57:30, 1631.19685039, 0, 0, 0 
2015-02-10T07:02:30, 1631.05, 0, 0, 0 
2015-02-10T07:07:30, 1630.73684211, 0, 0, 0 
2015-02-10T07:12:30, 1630.51724138, 0, 0, 0 
2015-02-10T07:17:30, 1630.5, 0, 0, 0 
2015-02-10T07:22:30, 1630.58510638, 0, 0, 0 
2015-02-10T07:27:30, 1630.50632911, 0, 0, 0 
2015-02-10T07:32:30, 1630.65048544, 0, 0, 0 
2015-02-10T07:37:30, 1630.86458333, 0, 0, 0 
2015-02-10T07:42:30, 1630.67346939, 0, 0, 0 
2015-02-10T07:47:30, 1631.45283019, 0, 0, 0 
2015-02-10T07:52:30, 1630.59090909, 0, 0, 0 
2015-02-10T07:57:30, 1630.57407407, 0, 0, 0 
2015-02-10T08:02:30, 1631.31182796, 0, 0, 0 
2015-02-10T08:07:30, 1630.58095238, 0, 0, 0 
2015-02-10T08:12:30, 1630.82300885, 0, 0, 0 
2015-02-10T08:17:30, 1631.27659574, 0, 0, 0 
2015-02-10T08:22:30, 1631.50980392, 0, 0, 0 
2015-02-10T08:27:30, 1630.73148148, 0, 0, 0 
2015-02-10T08:32:30, 1630.88235294, 0, 0, 0 
2015-02-10T08:37:30, 1632.27350427, 0, 0, 0 
2015-02-10T08:42:30, 1631.55855856, 0, 0, 0 
2015-02-10T08:47:30, 1632.35114504, 0, 0, 0 
2015-02-10T08:52:30, 1631.86086957, 0, 0, 0 
2015-02-10T08:57:30, 1631.13592233, 0, 0, 0 
2015-02-10T09:02:30, 1630.55294118, 0, 0, 0 
2015-02-10T09:07:30, 1630.54736842, 0, 0, 0 
2015-02-10T09:12:30, 1630.5, 0, 0, 0 
2015-02-10T09:17:30, 1630.48809524, 0, 0, 0 
2015-02-10T09:22:30, 1630.04301075, 0, 0, 0 
2015-02-10T09:27:30, 1629.6407767, 0, 0, 0 
2015-02-10T09:32:30, 1628.74834437, 0, 0, 0 
2015-02-10T09:37:30, 1626.76165803, 0, 0, 0 
2015-02-10T09:42:30, 1625.86516854, 0, 0, 0 
2015-02-10T09:47:30, 1625.18235294, 0, 0, 0 
2015-02-10T09:52:30, 1625.41975309, 0, 0, 0 
2015-02-10T09:57:30, 1624.53416149, 0, 0, 0 
2015-02-10T10:02:30, 1624.35433071, 0, 0, 0 
2015-02-10T10:07:30, 1624.32608696, 0, 0, 0 
2015-02-10T10:12:30, 1624.27777778, 0, 0, 0 
2015-02-10T10:17:30, 1624.328, 0, 0, 0 
2015-02-10T10:22:30, 1624.192, 0, 0, 0 
2015-02-10T10:27:30, 1624.2972973, 0, 0, 0 
2015-02-10T10:32:30, 1624.32857143, 0, 0, 0 
2015-02-10T10:37:30, 1624.11538462, 0, 0, 0 
2015-02-10T10:42:30, 1624.27272727, 0, 0, 0 
2015-02-10T10:47:30, 1624.13675214, 0, 0, 0 
2015-02-10T10:52:30, 1623.12765957, 0, 0, 0 
2015-02-10T10:57:30, 1620.93406593, 0, 0, 0 
2015-02-10T11:02:30, 1620.75362319, 0, 0, 0 
2015-02-10T11:07:30, 1620.58549223, 0, 0, 0 
2015-02-10T11:12:30, 1623.390625, 0, 0, 0 
2015-02-10T11:17:30, 1623.86538462, 0, 0, 0 
2015-02-10T11:22:30, 1624.36144578, 0, 0, 0 
2015-02-10T11:27:30, 1624.42391304, 0, 0, 0 
2015-02-10T11:32:30, 1624.48913043, 0, 0, 0 
2015-02-10T11:37:30, 1624.37647059, 0, 0, 0 
2015-02-10T11:42:30, 1625.48181818, 0, 0, 0 
2015-02-10T11:47:30, 1627.47096774, 0, 0, 0 
2015-02-10T11:52:30, 1628.62931034, 0, 0, 0 
2015-02-10T11:57:30, 1630.5, 0, 0, 0 
2015-02-10T12:02:30, 1630.62857143, 0, 0, 0 
2015-02-10T12:07:30, 1630.95, 0, 0, 0 
2015-02-10T12:12:30, 1631.59574468, 0, 0, 0 
2015-02-10T12:17:30, 1632.56666667, 0, 0, 0 
2015-02-10T12:22:30, 1634.17105263, 0, 0, 0 
2015-02-10T12:27:30, 1634.84782609, 0, 0, 0 
2015-02-10T12:32:30, 1634.85483871, 0, 0, 0 
2015-02-10T12:37:30, 1634.66666667, 0, 0, 0 
2015-02-10T12:42:30, 1634.60305344, 0, 0, 0 
2015-02-10T12:47:30, 1633.46551724, 0, 0, 0 
2015-02-10T12:52:30, 1632.75510204, 0, 0, 0 
2015-02-10T12:57:30, 1631.04166667, 0, 0, 0 
2015-02-10T13:02:30, 1631.26, 0, 0, 0 
2015-02-10T13:07:30, 1631.06, 0, 0, 0 
2015-02-10T13:12:30, 1631.02173913, 0, 0, 0 
2015-02-10T13:17:30, 1630.70833333, 0, 0, 0 
2015-02-10T13:22:30, 1630.63636364, 0, 0, 0 
2015-02-10T13:27:30, 1630.87037037, 0, 0, 0 
2015-02-10T13:32:30, 1630.83333333, 0, 0, 0 
2015-02-10T13:37:30, 1631.25396825, 0, 0, 0 
2015-02-10T13:42:30, 1630.97297297, 0, 0, 0 
2015-02-10T13:47:30, 1630.5625, 0, 0, 0 
2015-02-10T13:52:30, 1630.53225806, 0, 0, 0 
2015-02-10T13:57:30, 1630.53846154, 0, 0, 0 
2015-02-10T14:02:30, 1630.56451613, 0, 0, 0 
2015-02-10T14:07:30, 1630.63157895, 0, 0, 0 
2015-02-10T14:12:30, 1630.69811321, 0, 0, 0 
2015-02-10T14:17:30, 1631.01587302, 0, 0, 0 
2015-02-10T14:22:30, 1631.24193548, 0, 0, 0 
2015-02-10T14:27:30, 1633.0, 0, 0, 0 
2015-02-10T14:32:30, 1632.28571429, 0, 0, 0 
2015-02-10T14:37:30, 1630.69491525, 0, 0, 0 
2015-02-10T14:42:30, 1630.53571429, 0, 0, 0 
2015-02-10T14:47:30, 1631.60606061, 0, 0, 0 
2015-02-10T14:52:30, 1632.76415094, 0, 0, 0 
2015-02-10T14:57:30, 1632.44705882, 0, 0, 0 
2015-02-10T15:02:30, 1632.97058824, 0, 0, 0 
2015-02-10T15:07:30, 1634.12727273, 0, 0, 0 
2015-02-10T15:12:30, 1633.91836735, 0, 0, 0 
2015-02-10T15:17:30, 1634.20394737, 0, 0, 0 
2015-02-10T15:22:30, 1636.07438017, 0, 0, 0 
2015-02-10T15:27:30, 1637.39175258, 0, 0, 0 
2015-02-10T15:32:30, 1637.34375, 0, 0, 0 
2015-02-10T15:37:30, 1637.44791667, 0, 0, 0 
2015-02-10T15:42:30, 1637.41558442, 0, 0, 0 
2015-02-10T15:47:30, 1637.40217391, 0, 0, 0 
2015-02-10T15:52:30, 1637.29213483, 0, 0, 0 
2015-02-10T15:57:30, 1637.49367089, 0, 0, 0 
2015-02-10T16:02:30, 1637.4368932, 0, 0, 0 
2015-02-10T16:07:30, 1637.2625, 0, 0, 0 
2015-02-10T16:12:30, 1637.55294118, 0, 0, 0 
2015-02-10T16:17:30, 1637.35051546, 0, 0, 0 
2015-02-10T16:22:30, 1637.39622642, 0, 0, 0 
2015-02-10T16:27:30, 1637.32075472, 0, 0, 0 
2015-02-10T16:32:30, 1637.40366972, 0, 0, 0 
2015-02-10T16:37:30, 1637.34615385, 0, 0, 0 
2015-02-10T16:42:30, 1637.4, 0, 0, 0 
2015-02-10T16:47:30, 1637.4047619, 0, 0, 0 
2015-02-10T16:52:30, 1637.38823529, 0, 0, 0 
2015-02-10T16:57:30, 1637.41975309, 0, 0, 0 
2015-02-10T17:02:30, 1637.41558442, 0, 0, 0 
2015-02-10T17:07:30, 1637.4516129, 0, 0, 0 
2015-02-10T17:12:30, 1637.40449438, 0, 0, 0 
2015-02-10T17:17:30, 1637.26582278, 0, 0, 0 
2015-02-10T17:22:30, 1637.40277778, 0, 0, 0 
2015-02-10T17:27:30, 1637.34375, 0, 0, 0 
2015-02-10T17:32:30, 1637.46534653, 0, 0, 0 
2015-02-10T17:37:30, 1637.328, 0, 0, 0 
2015-02-10T17:42:30, 1637.3362069, 0, 0, 0 
2015-02-10T17:47:30, 1637.34693878, 0, 0, 0 
2015-02-10T17:52:30, 1637.35294118, 0, 0, 0 
2015-02-10T17:57:30, 1637.28, 0, 0, 0 
2015-02-10T18:02:30, 1637.16101695, 0, 0, 0 
2015-02-10T18:07:30, 1637.33035714, 0, 0, 0 
2015-02-10T18:12:30, 1637.28431373, 0, 0, 0 
2015-02-10T18:17:30, 1637.19469027, 0, 0, 0 
2015-02-10T18:22:30, 1637.20408163, 0, 0, 0 
2015-02-10T18:27:30, 1637.34210526, 0, 0, 0 
2015-02-10T18:32:30, 1637.17460317, 0, 0, 0 
2015-02-10T18:37:30, 1637.18, 0, 0, 0 
2015-02-10T18:42:30, 1637.41176471, 0, 0, 0 
2015-02-10T18:47:30, 1637.25688073, 0, 0, 0 
2015-02-10T18:52:30, 1637.25531915, 0, 0, 0 
2015-02-10T18:57:30, 1637.12096774, 0, 0, 0 
2015-02-10T19:02:30, 1637.08527132, 0, 0, 0 
2015-02-10T19:07:30, 1637.02362205, 0, 0, 0 
2015-02-10T19:12:30, 1637.07092199, 0, 0, 0 
2015-02-10T19:17:30, 1637.19852941, 0, 0, 0 
2015-02-10T19:22:30, 1636.95348837, 0, 0, 0 
2015-02-10T19:27:30, 1636.70634921, 0, 0, 0 
2015-02-10T19:32:30, 1636.30882353, 0, 0, 0 
2015-02-10T19:37:30, 1636.49640288, 0, 0, 0 
2015-02-10T19:42:30, 1637.12658228, 0, 0, 0 
2015-02-10T19:47:30, 1636.37583893, 0, 0, 0 
2015-02-10T19:52:30, 1636.68939394, 0, 0, 0 
2015-02-10T19:57:30, 1636.04225352, 0, 0, 0 
2015-02-10T20:02:30, 1636.87610619, 0, 0, 0 
2015-02-10T20:07:30, 1636.76744186, 0, 0, 0 
2015-02-10T20:12:30, 1636.51020408, 0, 0, 0 
2015-02-10T20:17:30, 1636.23214286, 0, 0, 0 
2015-02-10T20:22:30, 1636.10119048, 0, 0, 0 
2015-02-10T20:27:30, 1636.97857143, 0, 0, 0 
2015-02-10T20:32:30, 1636.58646617, 0, 0, 0 
2015-02-10T20:37:30, 1636.5704698, 0, 0, 0 
2015-02-10T20:42:30, 1636.1192053, 0, 0, 0 
2015-02-10T20:47:30, 1635.59340659, 0, 0, 0 
2015-02-10T20:52:30, 1635.9382716, 0, 0, 0 
2015-02-10T20:57:30, 1636.6137931, 0, 0, 0 
2015-02-10T21:02:30, 1636.10322581, 0, 0, 0 
2015-02-10T21:07:30, 1636.45348837, 0, 0, 0 
2015-02-10T21:12:30, 1636.6031746, 0, 0, 0 
2015-02-10T21:17:30, 1636.20769231, 0, 0, 0 
2015-02-10T21:22:30, 1637.03636364, 0, 0, 0 
2015-02-10T21:27:30, 1636.19333333, 0, 0, 0 
2015-02-10T21:32:30, 1635.40939597, 0, 0, 0 
2015-02-10T21:37:30, 1635.80368098, 0, 0, 0 
2015-02-10T21:42:30, 1636.86178862, 0, 0, 0 
2015-02-10T21:47:30, 1637.04201681, 0, 0, 0 
2015-02-10T21:52:30, 1635.74011299, 0, 0, 0 
2015-02-10T21:57:30, 1635.97419355, 0, 0, 0 
2015-02-10T22:02:30, 1635.47058824, 0, 0, 0 
2015-02-10T22:07:30, 1635.49079755, 0, 0, 0 
2015-02-10T22:12:30, 1636.72, 0, 0, 0 
2015-02-10T22:17:30, 1634.97619048, 0, 0, 0 
2015-02-10T22:22:30, 1635.19075145, 0, 0, 0 
2015-02-10T22:27:30, 1635.98601399, 0, 0, 0 
2015-02-10T22:32:30, 1634.57216495, 0, 0, 0 
2015-02-10T22:37:30, 1634.07514451, 0, 0, 0 
2015-02-10T22:42:30, 1634.58139535, 0, 0, 0 
2015-02-10T22:47:30, 1633.34722222, 0, 0, 0 
2015-02-10T22:52:30, 1634.18452381, 0, 0, 0 
2015-02-10T22:57:30, 1633.125, 0, 0, 0 
2015-02-10T23:02:30, 1632.99333333, 0, 0, 0 
2015-02-10T23:07:30, 1632.0, 0, 0, 0 
2015-02-10T23:12:30, 1632.4351145, 0, 0, 0 
2015-02-10T23:17:30, 1632.24603175, 0, 0, 0 
2015-02-10T23:22:30, 1632.52816901, 0, 0, 0 
2015-02-10T23:27:30, 1633.08333333, 0, 0, 0 
2015-02-10T23:32:30, 1632.49618321, 0, 0, 0 
2015-02-10T23:37:30, 1632.19379845, 0, 0, 0 
2015-02-10T23:42:30, 1632.07913669, 0, 0, 0 
2015-02-10T23:47:30, 1631.49137931, 0, 0, 0 
2015-02-10T23:52:30, 1631.82568807, 0, 0, 0 
2015-02-10T23:57:30, 1631.30275229, 0, 0, 0 
2015-02-11T00:02:30, 1632.16911765, 0, 0, 0 
2015-02-11T00:07:30, 1632.5, 0, 0, 0 
2015-02-11T00:12:30, 1632.23255814, 0, 0, 0 
2015-02-11T00:17:30, 1632.6884058, 0, 0, 0 
2015-02-11T00:22:30, 1633.54819277, 0, 0, 0 
2015-02-11T00:27:30, 1633.01796407, 0, 0, 0 
2015-02-11T00:32:30, 1632.70895522, 0, 0, 0 
2015-02-11T00:37:30, 1631.35849057, 0, 0, 0 
2015-02-11T00:42:30, 1630.94565217, 0, 0, 0 
2015-02-11T00:47:30, 1630.67021277, 0, 0, 0 
2015-02-11T00:52:30, 1630.55844156, 0, 0, 0 
2015-02-11T00:57:30, 1630.5, 0, 0, 0 
2015-02-11T01:02:30, 1630.50537634, 0, 0, 0 
2015-02-11T01:07:30, 1630.5, 0, 0, 0 
2015-02-11T01:12:30, 1630.76842105, 0, 0, 0 
2015-02-11T01:17:30, 1630.64473684, 0, 0, 0 
2015-02-11T01:22:30, 1630.8974359, 0, 0, 0 
2015-02-11T01:27:30, 1631.04597701, 0, 0, 0 
2015-02-11T01:32:30, 1630.92553191, 0, 0, 0 
2015-02-11T01:37:30, 1630.62025316, 0, 0, 0 
2015-02-11T01:42:30, 1631.23529412, 0, 0, 0 
2015-02-11T01:47:30, 1630.55844156, 0, 0, 0 
2015-02-11T01:52:30, 1632.5, 0, 0, 0 
2015-02-11T01:57:30, 1631.60833333, 0, 0, 0 
2015-02-11T02:02:30, 1631.96808511, 0, 0, 0 
2015-02-11T02:07:30, 1630.95698925, 0, 0, 0 
2015-02-11T02:12:30, 1631.14705882, 0, 0, 0 
2015-02-11T02:17:30, 1630.97826087, 0, 0, 0 
2015-02-11T02:22:30, 1630.61764706, 0, 0, 0 
2015-02-11T02:27:30, 1630.5, 0, 0, 0 
2015-02-11T02:32:30, 1630.89534884, 0, 0, 0 
2015-02-11T02:37:30, 1630.93975904, 0, 0, 0 
2015-02-11T02:42:30, 1630.50537634, 0, 0, 0 
2015-02-11T02:47:30, 1630.5, 0, 0, 0 
2015-02-11T02:52:30, 1630.55294118, 0, 0, 0 
2015-02-11T02:57:30, 1630.5, 0, 0, 0 
2015-02-11T03:02:30, 1630.63917526, 0, 0, 0 
2015-02-11T03:07:30, 1630.50526316, 0, 0, 0 
2015-02-11T03:12:30, 1630.5, 0, 0, 0 
2015-02-11T03:17:30, 1630.68421053, 0, 0, 0 
2015-02-11T03:22:30, 1630.78823529, 0, 0, 0 
2015-02-11T03:27:30, 1630.6, 0, 0, 0 
2015-02-11T03:32:30, 1630.6097561, 0, 0, 0 
2015-02-11T03:37:30, 1630.5862069, 0, 0, 0 
2015-02-11T03:42:30, 1630.66, 0, 0, 0 
2015-02-11T03:47:30, 1630.56043956, 0, 0, 0 
2015-02-11T03:52:30, 1630.66346154, 0, 0, 0 
2015-02-11T03:57:30, 1630.56321839, 0, 0, 0 
2015-02-11T04:02:30, 1630.90625, 0, 0, 0 
2015-02-11T04:07:30, 1630.50526316, 0, 0, 0 
2015-02-11T04:12:30, 1630.5, 0, 0, 0 
2015-02-11T04:17:30, 1630.5, 0, 0, 0 
2015-02-11T04:22:30, 1630.49462366, 0, 0, 0 
2015-02-11T04:27:30, 1630.5060241, 0, 0, 0 
2015-02-11T04:32:30, 1630.5, 0, 0, 0 
2015-02-11T04:37:30, 1630.70192308, 0, 0, 0 
2015-02-11T04:42:30, 1630.6043956, 0, 0, 0 
2015-02-11T04:47:30, 1630.67032967, 0, 0, 0 
2015-02-11T04:52:30, 1630.78494624, 0, 0, 0 
2015-02-11T04:57:30, 1630.57272727, 0, 0, 0 
2015-02-11T05:02:30, 1630.61627907, 0, 0, 0 
2015-02-11T05:07:30, 1631.02542373, 0, 0, 0 
2015-02-11T05:12:30, 1630.49438202, 0, 0, 0 
2015-02-11T05:17:30, 1630.5, 0, 0, 0 
2015-02-11T05:22:30, 1630.63106796, 0, 0, 0 
2015-02-11T05:27:30, 1630.49462366, 0, 0, 0 
2015-02-11T05:32:30, 1630.57142857, 0, 0, 0 
2015-02-11T05:37:30, 1630.70833333, 0, 0, 0 
2015-02-11T05:42:30, 1631.25, 0, 0, 0 
2015-02-11T05:47:30, 1630.69791667, 0, 0, 0 
2015-02-11T05:52:30, 1630.8988764, 0, 0, 0 
2015-02-11T05:57:30, 1631.01086957, 0, 0, 0 
2015-02-11T06:02:30, 1630.68478261, 0, 0, 0 
2015-02-11T06:07:30, 1632.16129032, 0, 0, 0 
2015-02-11T06:12:30, 1631.50458716, 0, 0, 0 
2015-02-11T06:17:30, 1630.49462366, 0, 0, 0 
2015-02-11T06:22:30, 1630.64356436, 0, 0, 0 
2015-02-11T06:27:30, 1630.82105263, 0, 0, 0 
2015-02-11T06:32:30, 1630.66666667, 0, 0, 0 
2015-02-11T06:37:30, 1630.50588235, 0, 0, 0 
2015-02-11T06:42:30, 1630.55952381, 0, 0, 0 
2015-02-11T06:47:30, 1630.49350649, 0, 0, 0 
2015-02-11T06:52:30, 1630.5, 0, 0, 0 
2015-02-11T06:57:30, 1630.5, 0, 0, 0 
2015-02-11T07:02:30, 1630.50617284, 0, 0, 0 
2015-02-11T07:07:30, 1630.5, 0, 0, 0 
2015-02-11T07:12:30, 1630.5, 0, 0, 0 
2015-02-11T07:17:30, 1630.5, 0, 0, 0 
2015-02-11T07:22:30, 1630.5, 0, 0, 0 
2015-02-11T07:27:30, 1630.5, 0, 0, 0 
2015-02-11T07:32:30, 1630.49425287, 0, 0, 0 
2015-02-11T07:37:30, 1630.5, 0, 0, 0 
2015-02-11T07:42:30, 1630.50515464, 0, 0, 0 
2015-02-11T07:47:30, 1630.5, 0, 0, 0 
2015-02-11T07:52:30, 1630.5, 0, 0, 0 
2015-02-11T07:57:30, 1630.49438202, 0, 0, 0 
2015-02-11T08:02:30, 1630.5, 0, 0, 0 
2015-02-11T08:07:30, 1630.43678161, 0, 0, 0 
2015-02-11T08:12:30, 1630.5, 0, 0, 0 
2015-02-11T08:17:30, 1630.5, 0, 0, 0 
2015-02-11T08:22:30, 1630.5, 0, 0, 0 
2015-02-11T08:27:30, 1630.49411765, 0, 0, 0 
2015-02-11T08:32:30, 1630.50588235, 0, 0, 0 
2015-02-11T08:37:30, 1630.5, 0, 0, 0 
2015-02-11T08:42:30, 1630.5, 0, 0, 0 
2015-02-11T08:47:30, 1630.5, 0, 0, 0 
2015-02-11T08:52:30, 1630.49367089, 0, 0, 0 
2015-02-11T08:57:30, 1630.50485437, 0, 0, 0 
2015-02-11T09:02:30, 1630.49411765, 0, 0, 0 
2015-02-11T09:07:30, 1630.5060241, 0, 0, 0 
2015-02-11T09:12:30, 1630.11904762, 0, 0, 0 
2015-02-11T09:17:30, 1630.5, 0, 0, 0 
2015-02-11T09:22:30, 1629.85576923, 0, 0, 0 
2015-02-11T09:27:30, 1629.75268817, 0, 0, 0 
2015-02-11T09:32:30, 1628.98360656, 0, 0, 0 
2015-02-11T09:37:30, 1627.7012987, 0, 0, 0 
2015-02-11T09:42:30, 1628.90740741, 0, 0, 0 
2015-02-11T09:47:30, 1630.55714286, 0, 0, 0 
2015-02-11T09:52:30, 1630.52941176, 0, 0, 0 
2015-02-11T09:57:30, 1630.5, 0, 0, 0 
2015-02-11T10:02:30, 1630.5, 0, 0, 0 
2015-02-11T10:07:30, 1472.04347826, 0, 0, 0 
2015-02-11T10:12:30, 1543.9, 0, 0, 0 
2015-02-11T10:17:30, 1541.12698413, 0, 0, 0 
2015-02-11T10:22:30, 1538.71153846, 0, 0, 0 
2015-02-11T10:27:30, 1539.56287425, 0, 0, 0 
2015-02-11T10:32:30, 1539.0, 0, 0, 0 
2015-02-11T10:37:30, 1539.26875, 0, 0, 0 
2015-02-11T10:42:30, 1539.56179775, 0, 0, 0 
2015-02-11T10:47:30, 1538.72789116, 0, 0, 0 
2015-02-11T10:52:30, 1539.61029412, 0, 0, 0 
2015-02-11T10:57:30, 1537.84042553, 0, 0, 0 
2015-02-11T11:02:30, 1537.72164948, 0, 0, 0 
2015-02-11T11:07:30, 1538.62698413, 0, 0, 0 
2015-02-11T11:12:30, 1537.86666667, 0, 0, 0 
2015-02-11T11:17:30, 1537.6626506, 0, 0, 0 
2015-02-11T11:22:30, 1538.27586207, 0, 0, 0 
2015-02-11T11:27:30, 1537.56363636, 0, 0, 0 
2015-02-11T11:32:30, 1537.52475248, 0, 0, 0 
2015-02-11T11:37:30, 1537.49350649, 0, 0, 0 
2015-02-11T11:42:30, 1537.55813953, 0, 0, 0 
2015-02-11T11:47:30, 1537.43269231, 0, 0, 0 
2015-02-11T11:52:30, 1537.44791667, 0, 0, 0 
2015-02-11T11:57:30, 1537.48314607, 0, 0, 0 
2015-02-11T12:02:30, 1537.5, 0, 0, 0 
2015-02-11T12:07:30, 1537.54545455, 0, 0, 0 
2015-02-11T12:12:30, 1537.55421687, 0, 0, 0 
2015-02-11T12:17:30, 1537.48571429, 0, 0, 0 
2015-02-11T12:22:30, 1537.50574713, 0, 0, 0 
2015-02-11T12:27:30, 1537.45454545, 0, 0, 0 
2015-02-11T12:32:30, 1537.50649351, 0, 0, 0 
2015-02-11T12:37:30, 1537.53333333, 0, 0, 0 
2015-02-11T12:42:30, 1537.47619048, 0, 0, 0 
2015-02-11T12:47:30, 1537.55714286, 0, 0, 0 
2015-02-11T12:52:30, 1537.49367089, 0, 0, 0 
2015-02-11T12:57:30, 1537.475, 0, 0, 0 
2015-02-11T13:02:30, 1537.57142857, 0, 0, 0 
2015-02-11T13:07:30, 1537.48979592, 0, 0, 0 
2015-02-11T13:12:30, 1537.47169811, 0, 0, 0 
2015-02-11T13:17:30, 1537.45454545, 0, 0, 0 
2015-02-11T13:22:30, 1537.49, 0, 0, 0 
2015-02-11T13:27:30, 1537.49333333, 0, 0, 0 
2015-02-11T13:32:30, 1537.49333333, 0, 0, 0 
2015-02-11T13:37:30, 1537.51162791, 0, 0, 0 
2015-02-11T13:42:30, 1537.52857143, 0, 0, 0 
2015-02-11T13:47:30, 1537.50684932, 0, 0, 0 
2015-02-11T13:52:30, 1537.56578947, 0, 0, 0 
2015-02-11T13:57:30, 1537.51515152, 0, 0, 0 
2015-02-11T14:02:30, 1537.55714286, 0, 0, 0 
2015-02-11T14:07:30, 1537.50909091, 0, 0, 0 
2015-02-11T14:12:30, 1537.55, 0, 0, 0 
2015-02-11T14:17:30, 1537.59090909, 0, 0, 0 
2015-02-11T14:22:30, 1537.50877193, 0, 0, 0 
2015-02-11T14:27:30, 1537.53333333, 0, 0, 0 
2015-02-11T14:32:30, 1537.63380282, 0, 0, 0 
2015-02-11T14:37:30, 1537.5625, 0, 0, 0 
2015-02-11T14:42:30, 1537.625, 0, 0, 0 
2015-02-11T14:47:30, 1537.61904762, 0, 0, 0 
2015-02-11T14:52:30, 1537.57142857, 0, 0, 0 
2015-02-11T14:57:30, 1537.67142857, 0, 0, 0 
2015-02-11T15:02:30, 1537.59701493, 0, 0, 0 
2015-02-11T15:07:30, 1537.6875, 0, 0, 0 
2015-02-11T15:12:30, 1537.69230769, 0, 0, 0 
2015-02-11T15:17:30, 1537.66216216, 0, 0, 0 
2015-02-11T15:22:30, 1537.55932203, 0, 0, 0 
2015-02-11T15:27:30, 1537.5, 0, 0, 0 
2015-02-11T15:32:30, 1537.68421053, 0, 0, 0 
2015-02-11T15:37:30, 1537.61016949, 0, 0, 0 
2015-02-11T15:42:30, 1537.52777778, 0, 0, 0 
2015-02-11T15:47:30, 1537.53030303, 0, 0, 0 
2015-02-11T15:52:30, 1537.4375, 0, 0, 0 
2015-02-11T15:57:30, 1537.53846154, 0, 0, 0 
2015-02-11T16:02:30, 1537.51612903, 0, 0, 0 
2015-02-11T16:07:30, 1537.55263158, 0, 0, 0 
2015-02-11T16:12:30, 1537.49275362, 0, 0, 0 
2015-02-11T16:17:30, 1537.53333333, 0, 0, 0 
2015-02-11T16:22:30, 1537.57692308, 0, 0, 0 
2015-02-11T16:27:30, 1537.61702128, 0, 0, 0 
2015-02-11T16:32:30, 1537.79166667, 0, 0, 0 
2015-02-11T16:37:30, 1537.71153846, 0, 0, 0 
2015-02-11T16:42:30, 1537.78571429, 0, 0, 0 
2015-02-11T16:47:30, 1537.52941176, 0, 0, 0 
2015-02-11T16:52:30, 1537.7972973, 0, 0, 0 
2015-02-11T16:57:30, 1537.64285714, 0, 0, 0 
2015-02-11T17:02:30, 1537.69642857, 0, 0, 0 
2015-02-11T17:07:30, 1537.59677419, 0, 0, 0 
2015-02-11T17:12:30, 1537.56521739, 0, 0, 0 
2015-02-11T17:17:30, 1537.50769231, 0, 0, 0 
2015-02-11T17:22:30, 1537.60240964, 0, 0, 0 
2015-02-11T17:27:30, 1537.58571429, 0, 0, 0 
2015-02-11T17:32:30, 1537.50724638, 0, 0, 0 
2015-02-11T17:37:30, 1537.55072464, 0, 0, 0 
2015-02-11T17:42:30, 1537.66216216, 0, 0, 0 
2015-02-11T17:47:30, 1537.61538462, 0, 0, 0 
2015-02-11T17:52:30, 1537.55882353, 0, 0, 0 
2015-02-11T17:57:30, 1537.4875, 0, 0, 0 
2015-02-11T18:02:30, 1537.72340426, 0, 0, 0 
2015-02-11T18:07:30, 1539.3539823, 0, 0, 0 
2015-02-11T18:12:30, 1539.77272727, 0, 0, 0 
2015-02-11T18:17:30, 1539.97727273, 0, 0, 0 
2015-02-11T18:22:30, 1541.34285714, 0, 0, 0 
2015-02-11T18:27:30, 1540.01612903, 0, 0, 0 
2015-02-11T18:32:30, 1538.82608696, 0, 0, 0 
2015-02-11T18:37:30, 1538.88, 0, 0, 0 
2015-02-11T18:42:30, 1538.88785047, 0, 0, 0 
2015-02-11T18:47:30, 1539.41605839, 0, 0, 0 
2015-02-11T18:52:30, 1541.23404255, 0, 0, 0 
2015-02-11T18:57:30, 1540.60625, 0, 0, 0 
2015-02-11T19:02:30, 1540.00740741, 0, 0, 0 
2015-02-11T19:07:30, 1541.31168831, 0, 0, 0 
2015-02-11T19:12:30, 1541.60962567, 0, 0, 0 
2015-02-11T19:17:30, 1538.92666667, 0, 0, 0 
2015-02-11T19:22:30, 1539.39548023, 0, 0, 0 
2015-02-11T19:27:30, 1540.63793103, 0, 0, 0 
2015-02-11T19:32:30, 1541.45454545, 0, 0, 0 
2015-02-11T19:37:30, 1541.77419355, 0, 0, 0 
2015-02-11T19:42:30, 1540.98850575, 0, 0, 0 
2015-02-11T19:47:30, 1542.89325843, 0, 0, 0 
2015-02-11T19:52:30, 1542.59116022, 0, 0, 0 
2015-02-11T19:57:30, 1543.08536585, 0, 0, 0 
2015-02-11T20:02:30, 1542.875, 0, 0, 0 
2015-02-11T20:07:30, 1543.37579618, 0, 0, 0 
2015-02-11T20:12:30, 1542.73595506, 0, 0, 0 
2015-02-11T20:17:30, 1543.29801325, 0, 0, 0 
2015-02-11T20:22:30, 1543.2327044, 0, 0, 0 
2015-02-11T20:27:30, 1543.42331288, 0, 0, 0 
2015-02-11T20:32:30, 1542.60732984, 0, 0, 0 
2015-02-11T20:37:30, 1541.85405405, 0, 0, 0 
2015-02-11T20:42:30, 1542.47457627, 0, 0, 0 
2015-02-11T20:47:30, 1542.7486631, 0, 0, 0 
2015-02-11T20:52:30, 1542.21105528, 0, 0, 0 
2015-02-11T20:57:30, 1542.86285714, 0, 0, 0 
2015-02-11T21:02:30, 1543.14689266, 0, 0, 0 
2015-02-11T21:07:30, 1542.75862069, 0, 0, 0 
2015-02-11T21:12:30, 1543.18128655, 0, 0, 0 
2015-02-11T21:17:30, 1543.01704545, 0, 0, 0 
2015-02-11T21:22:30, 1543.09883721, 0, 0, 0 
2015-02-11T21:27:30, 1542.25555556, 0, 0, 0 
2015-02-11T21:32:30, 1541.04545455, 0, 0, 0 
2015-02-11T21:37:30, 1542.2, 0, 0, 0 
2015-02-11T21:42:30, 1543.07602339, 0, 0, 0 
2015-02-11T21:47:30, 1542.90909091, 0, 0, 0 
2015-02-11T21:52:30, 1542.73770492, 0, 0, 0 
2015-02-11T21:57:30, 1543.31764706, 0, 0, 0 
2015-02-11T22:02:30, 1543.46783626, 0, 0, 0 
2015-02-11T22:07:30, 1542.625, 0, 0, 0 
2015-02-11T22:12:30, 1543.22527473, 0, 0, 0 
2015-02-11T22:17:30, 1543.15873016, 0, 0, 0 
2015-02-11T22:22:30, 1544.01764706, 0, 0, 0 
2015-02-11T22:27:30, 1543.85628743, 0, 0, 0 
2015-02-11T22:32:30, 1543.21134021, 0, 0, 0 
2015-02-11T22:37:30, 1542.98958333, 0, 0, 0 
2015-02-11T22:42:30, 1542.92696629, 0, 0, 0 
2015-02-11T22:47:30, 1543.35714286, 0, 0, 0 
2015-02-11T22:52:30, 1543.51381215, 0, 0, 0 
2015-02-11T22:57:30, 1543.12921348, 0, 0, 0 
2015-02-11T23:02:30, 1543.52121212, 0, 0, 0 
2015-02-11T23:07:30, 1543.28409091, 0, 0, 0 
2015-02-11T23:12:30, 1543.26785714, 0, 0, 0 
2015-02-11T23:17:30, 1543.24175824, 0, 0, 0 
2015-02-11T23:22:30, 1542.27419355, 0, 0, 0 
2015-02-11T23:27:30, 1541.57476636, 0, 0, 0 
2015-02-11T23:32:30, 1541.40306122, 0, 0, 0 
2015-02-11T23:37:30, 1541.53266332, 0, 0, 0 
2015-02-11T23:42:30, 1542.7106599, 0, 0, 0 
2015-02-11T23:47:30, 1543.49142857, 0, 0, 0 
2015-02-11T23:52:30, 1543.50847458, 0, 0, 0 
2015-02-11T23:57:30, 1543.65340909, 0, 0, 0 
2015-02-12T00:02:30, 1544.15882353, 0, 0, 0 
2015-02-12T00:07:30, 1544.01190476, 0, 0, 0 
2015-02-12T00:12:30, 1544.04678363, 0, 0, 0 
2015-02-12T00:17:30, 1544.13793103, 0, 0, 0 
2015-02-12T00:22:30, 1544.19463087, 0, 0, 0 
2015-02-12T00:27:30, 1544.14285714, 0, 0, 0 
2015-02-12T00:32:30, 1544.14942529, 0, 0, 0 
2015-02-12T00:37:30, 1544.20645161, 0, 0, 0 
2015-02-12T00:42:30, 1544.13772455, 0, 0, 0 
2015-02-12T00:47:30, 1544.17365269, 0, 0, 0 
2015-02-12T00:52:30, 1544.18023256, 0, 0, 0 
2015-02-12T00:57:30, 1544.08176101, 0, 0, 0 
2015-02-12T01:02:30, 1544.01657459, 0, 0, 0 
2015-02-12T01:07:30, 1543.89795918, 0, 0, 0 
2015-02-12T01:12:30, 1544.03448276, 0, 0, 0 
2015-02-12T01:17:30, 1543.91764706, 0, 0, 0 
2015-02-12T01:22:30, 1543.91017964, 0, 0, 0 
2015-02-12T01:27:30, 1543.95480226, 0, 0, 0 
2015-02-12T01:32:30, 1543.87878788, 0, 0, 0 
2015-02-12T01:37:30, 1543.8496732, 0, 0, 0 
2015-02-12T01:42:30, 1544.05172414, 0, 0, 0 
2015-02-12T01:47:30, 1544.0, 0, 0, 0 
2015-02-12T01:52:30, 1544.04733728, 0, 0, 0 
2015-02-12T01:57:30, 1543.99371069, 0, 0, 0 
2015-02-12T02:02:30, 1543.95757576, 0, 0, 0 
2015-02-12T02:07:30, 1543.95209581, 0, 0, 0 
2015-02-12T02:12:30, 1543.92307692, 0, 0, 0 
2015-02-12T02:17:30, 1544.01935484, 0, 0, 0 
2015-02-12T02:22:30, 1544.02380952, 0, 0, 0 
2015-02-12T02:27:30, 1544.00632911, 0, 0, 0 
2015-02-12T02:32:30, 1544.01219512, 0, 0, 0 
2015-02-12T02:37:30, 1544.07926829, 0, 0, 0 
2015-02-12T02:42:30, 1544.06626506, 0, 0, 0 
2015-02-12T02:47:30, 1544.05031447, 0, 0, 0 
2015-02-12T02:52:30, 1544.05232558, 0, 0, 0 
2015-02-12T02:57:30, 1544.08227848, 0, 0, 0 
2015-02-12T03:02:30, 1544.06134969, 0, 0, 0 
2015-02-12T03:07:30, 1544.16666667, 0, 0, 0 
2015-02-12T03:12:30, 1544.16374269, 0, 0, 0 
2015-02-12T03:17:30, 1544.14285714, 0, 0, 0 
2015-02-12T03:22:30, 1544.18589744, 0, 0, 0 
2015-02-12T03:27:30, 1544.21052632, 0, 0, 0 
2015-02-12T03:32:30, 1544.18831169, 0, 0, 0 
2015-02-12T03:37:30, 1544.07878788, 0, 0, 0 
2015-02-12T03:42:30, 1544.04848485, 0, 0, 0 
2015-02-12T03:47:30, 1544.20253165, 0, 0, 0 
2015-02-12T03:52:30, 1544.16216216, 0, 0, 0 
2015-02-12T03:57:30, 1544.22699387, 0, 0, 0 
2015-02-12T04:02:30, 1544.21710526, 0, 0, 0 
2015-02-12T04:07:30, 1544.13513514, 0, 0, 0 
2015-02-12T04:12:30, 1544.18292683, 0, 0, 0 
2015-02-12T04:17:30, 1544.15028902, 0, 0, 0 
2015-02-12T04:22:30, 1544.17088608, 0, 0, 0 
2015-02-12T04:27:30, 1544.05586592, 0, 0, 0 
2015-02-12T04:32:30, 1544.1097561, 0, 0, 0 
2015-02-12T04:37:30, 1544.18787879, 0, 0, 0 
2015-02-12T04:42:30, 1544.20606061, 0, 0, 0 
2015-02-12T04:47:30, 1544.1497006, 0, 0, 0 
2015-02-12T04:52:30, 1544.17365269, 0, 0, 0 
2015-02-12T04:57:30, 1544.0, 0, 0, 0 
2015-02-12T05:02:30, 1544.11320755, 0, 0, 0 
2015-02-12T05:07:30, 1544.02484472, 0, 0, 0 
2015-02-12T05:12:30, 1544.11176471, 0, 0, 0 
2015-02-12T05:17:30, 1544.0955414, 0, 0, 0 
2015-02-12T05:22:30, 1544.04347826, 0, 0, 0 
2015-02-12T05:27:30, 1543.95266272, 0, 0, 0 
2015-02-12T05:32:30, 1544.0443038, 0, 0, 0 
2015-02-12T05:37:30, 1543.91304348, 0, 0, 0 
2015-02-12T05:42:30, 1543.87248322, 0, 0, 0 
2015-02-12T05:47:30, 1543.92405063, 0, 0, 0 
2015-02-12T05:52:30, 1543.81935484, 0, 0, 0 
2015-02-12T05:57:30, 1543.90963855, 0, 0, 0 
2015-02-12T06:02:30, 1543.90285714, 0, 0, 0 
2015-02-12T06:07:30, 1543.81456954, 0, 0, 0 
2015-02-12T06:12:30, 1543.89240506, 0, 0, 0 
2015-02-12T06:17:30, 1543.87333333, 0, 0, 0 
2015-02-12T06:22:30, 1543.89375, 0, 0, 0 
2015-02-12T06:27:30, 1543.94047619, 0, 0, 0 
2015-02-12T06:32:30, 1544.03636364, 0, 0, 0 
2015-02-12T06:37:30, 1544.05031447, 0, 0, 0 
2015-02-12T06:42:30, 1544.33333333, 0, 0, 0 
2015-02-12T06:47:30, 1544.5, 0, 0, 0 
2015-02-12T06:52:30, 1544.63690476, 0, 0, 0 
2015-02-12T06:57:30, 1544.34756098, 0, 0, 0 
2015-02-12T07:02:30, 1544.19620253, 0, 0, 0 
2015-02-12T07:07:30, 1544.11764706, 0, 0, 0 
2015-02-12T07:12:30, 1544.11931818, 0, 0, 0 
2015-02-12T07:17:30, 1544.08433735, 0, 0, 0 
2015-02-12T07:22:30, 1544.60693642, 0, 0, 0 
2015-02-12T07:27:30, 1544.97916667, 0, 0, 0 
2015-02-12T07:32:30, 1544.99456522, 0, 0, 0 
2015-02-12T07:37:30, 1544.38150289, 0, 0, 0 
2015-02-12T07:42:30, 1544.71657754, 0, 0, 0 
2015-02-12T07:47:30, 1544.31891892, 0, 0, 0 
2015-02-12T07:52:30, 1545.15384615, 0, 0, 0 
2015-02-12T07:57:30, 1544.93193717, 0, 0, 0 
2015-02-12T08:02:30, 1544.82446809, 0, 0, 0 
2015-02-12T08:07:30, 1545.21428571, 0, 0, 0 
2015-02-12T08:12:30, 1544.53488372, 0, 0, 0 
2015-02-12T08:17:30, 1544.31213873, 0, 0, 0 
2015-02-12T08:22:30, 1544.34659091, 0, 0, 0 
2015-02-12T08:27:30, 1544.76767677, 0, 0, 0 
2015-02-12T08:32:30, 1544.53672316, 0, 0, 0 
2015-02-12T08:37:30, 1544.38333333, 0, 0, 0 
2015-02-12T08:42:30, 1544.20571429, 0, 0, 0 
2015-02-12T08:47:30, 1544.20224719, 0, 0, 0 
2015-02-12T08:52:30, 1544.02484472, 0, 0, 0 
2015-02-12T08:57:30, 1544.27710843, 0, 0, 0 
2015-02-12T09:02:30, 1544.08092486, 0, 0, 0 
2015-02-12T09:07:30, 1544.00595238, 0, 0, 0 
2015-02-12T09:12:30, 1544.07428571, 0, 0, 0 
2015-02-12T09:17:30, 1544.28571429, 0, 0, 0 
2015-02-12T09:22:30, 1544.12727273, 0, 0, 0 
2015-02-12T09:27:30, 1544.19879518, 0, 0, 0 
2015-02-12T09:32:30, 1544.16853933, 0, 0, 0 
2015-02-12T09:37:30, 1544.13836478, 0, 0, 0 
2015-02-12T09:42:30, 1543.97959184, 0, 0, 0 
2015-02-12T09:47:30, 1544.01807229, 0, 0, 0 
2015-02-12T09:52:30, 1544.11904762, 0, 0, 0 
2015-02-12T09:57:30, 1544.08974359, 0, 0, 0 
2015-02-12T10:02:30, 1544.10062893, 0, 0, 0 
2015-02-12T10:07:30, 1544.12716763, 0, 0, 0 
2015-02-12T10:12:30, 1544.12865497, 0, 0, 0 
2015-02-12T10:17:30, 1544.22641509, 0, 0, 0 
2015-02-12T10:22:30, 1544.22360248, 0, 0, 0 
2015-02-12T10:27:30, 1544.26712329, 0, 0, 0 
2015-02-12T10:32:30, 1544.15976331, 0, 0, 0 
2015-02-12T10:37:30, 1544.125, 0, 0, 0 
2015-02-12T10:42:30, 1544.21212121, 0, 0, 0 
2015-02-12T10:47:30, 1544.15686275, 0, 0, 0 
2015-02-12T10:52:30, 1544.11695906, 0, 0, 0 
2015-02-12T10:57:30, 1544.19879518, 0, 0, 0 
2015-02-12T11:02:30, 1544.14556962, 0, 0, 0 
2015-02-12T11:07:30, 1544.0875, 0, 0, 0 
2015-02-12T11:12:30, 1544.22077922, 0, 0, 0 
2015-02-12T11:17:30, 1544.26797386, 0, 0, 0 
2015-02-12T11:22:30, 1544.24431818, 0, 0, 0 
2015-02-12T11:27:30, 1544.21637427, 0, 0, 0 
2015-02-12T11:32:30, 1544.26190476, 0, 0, 0 
2015-02-12T11:37:30, 1544.19277108, 0, 0, 0 
2015-02-12T11:42:30, 1544.18, 0, 0, 0 
2015-02-12T11:47:30, 1544.21621622, 0, 0, 0 
2015-02-12T11:52:30, 1544.15, 0, 0, 0 
2015-02-12T11:57:30, 1544.10429448, 0, 0, 0 
2015-02-12T12:02:30, 1544.09202454, 0, 0, 0 
2015-02-12T12:07:30, 1544.1958042, 0, 0, 0 
2015-02-12T12:12:30, 1544.14, 0, 0, 0 
2015-02-12T12:17:30, 1544.22972973, 0, 0, 0 
2015-02-12T12:22:30, 1544.19463087, 0, 0, 0 
2015-02-12T12:27:30, 1544.21854305, 0, 0, 0 
2015-02-12T12:32:30, 1544.20547945, 0, 0, 0 
2015-02-12T12:37:30, 1544.33082707, 0, 0, 0 
2015-02-12T12:42:30, 1544.28057554, 0, 0, 0 
2015-02-12T12:47:30, 1544.28125, 0, 0, 0 
2015-02-12T12:52:30, 1544.21678322, 0, 0, 0 
2015-02-12T12:57:30, 1544.24342105, 0, 0, 0 
2015-02-12T13:02:30, 1544.28965517, 0, 0, 0 
2015-02-12T13:07:30, 1544.32352941, 0, 0, 0 
2015-02-12T13:12:30, 1544.19607843, 0, 0, 0 
2015-02-12T13:17:30, 1544.28965517, 0, 0, 0 
2015-02-12T13:22:30, 1544.24460432, 0, 0, 0 
2015-02-12T13:27:30, 1544.25974026, 0, 0, 0 
2015-02-12T13:32:30, 1544.26573427, 0, 0, 0 
2015-02-12T13:37:30, 1544.24475524, 0, 0, 0 
2015-02-12T13:42:30, 1544.07236842, 0, 0, 0 
2015-02-12T13:47:30, 1544.1192053, 0, 0, 0 
2015-02-12T13:52:30, 1544.24503311, 0, 0, 0 
2015-02-12T13:57:30, 1544.0212766, 0, 0, 0 
2015-02-12T14:02:30, 1544.26277372, 0, 0, 0 
2015-02-12T14:07:30, 1544.33333333, 0, 0, 0 
2015-02-12T14:12:30, 1544.2, 0, 0, 0 
2015-02-12T14:17:30, 1543.98064516, 0, 0, 0 
2015-02-12T14:22:30, 1544.19760479, 0, 0, 0 
2015-02-12T14:27:30, 1544.18709677, 0, 0, 0 
2015-02-12T14:32:30, 1544.13690476, 0, 0, 0 
2015-02-12T14:37:30, 1544.14705882, 0, 0, 0 
2015-02-12T14:42:30, 1544.1547619, 0, 0, 0 
2015-02-12T14:47:30, 1544.21341463, 0, 0, 0 
2015-02-12T14:52:30, 1544.2012987, 0, 0, 0 
2015-02-12T14:57:30, 1544.22818792, 0, 0, 0 
2015-02-12T15:02:30, 1544.1474359, 0, 0, 0 
2015-02-12T15:07:30, 1544.18072289, 0, 0, 0 
2015-02-12T15:12:30, 1544.00617284, 0, 0, 0 
2015-02-12T15:17:30, 1543.01098901, 0, 0, 0 
2015-02-12T15:22:30, 1543.21965318, 0, 0, 0 
2015-02-12T15:27:30, 1543.57792208, 0, 0, 0 
2015-02-12T15:32:30, 1542.77439024, 0, 0, 0 
2015-02-12T15:37:30, 1543.2513089, 0, 0, 0 
2015-02-12T15:42:30, 1543.63125, 0, 0, 0 
2015-02-12T15:47:30, 1543.35519126, 0, 0, 0 
2015-02-12T15:52:30, 1544.03164557, 0, 0, 0 
2015-02-12T15:57:30, 1544.26797386, 0, 0, 0 
2015-02-12T16:02:30, 1544.35555556, 0, 0, 0 
2015-02-12T16:07:30, 1544.22641509, 0, 0, 0 
2015-02-12T16:12:30, 1544.2016129, 0, 0, 0 
2015-02-12T16:17:30, 1544.2016129, 0, 0, 0 
2015-02-12T16:22:30, 1544.2016129, 0, 0, 0 
2015-02-12T16:27:30, 1543.95833333, 0, 0, 0 
2015-02-12T16:32:30, 1543.43181818, 0, 0, 0 
2015-02-12T16:37:30, 1543.69512195, 0, 0, 0 
2015-02-12T16:42:30, 1543.75301205, 0, 0, 0 
2015-02-12T16:47:30, 1543.7027027, 0, 0, 0 
2015-02-12T16:52:30, 1543.79746835, 0, 0, 0 
2015-02-12T16:57:30, 1543.72289157, 0, 0, 0 
2015-02-12T17:02:30, 1543.91216216, 0, 0, 0 
2015-02-12T17:07:30, 1543.66071429, 0, 0, 0 
2015-02-12T17:12:30, 1544.04907975, 0, 0, 0 
2015-02-12T17:17:30, 1544.17532468, 0, 0, 0 
2015-02-12T17:22:30, 1543.88888889, 0, 0, 0 
2015-02-12T17:27:30, 1543.84415584, 0, 0, 0 
2015-02-12T17:32:30, 1543.85119048, 0, 0, 0 
2015-02-12T17:37:30, 1543.70520231, 0, 0, 0 
2015-02-12T17:42:30, 1543.85889571, 0, 0, 0 
2015-02-12T17:47:30, 1543.85310734, 0, 0, 0 
2015-02-12T17:52:30, 1544.09090909, 0, 0, 0 
2015-02-12T17:57:30, 1544.0, 0, 0, 0 
2015-02-12T18:02:30, 1544.09248555, 0, 0, 0 
2015-02-12T18:07:30, 1544.06666667, 0, 0, 0 
2015-02-12T18:12:30, 1544.01851852, 0, 0, 0 
2015-02-12T18:17:30, 1544.0375, 0, 0, 0 
2015-02-12T18:22:30, 1544.0273224, 0, 0, 0 
2015-02-12T18:27:30, 1544.0310559, 0, 0, 0 
2015-02-12T18:32:30, 1544.00595238, 0, 0, 0 
2015-02-12T18:37:30, 1544.00617284, 0, 0, 0 
2015-02-12T18:42:30, 1544.00598802, 0, 0, 0 
2015-02-12T18:47:30, 1543.98773006, 0, 0, 0 
2015-02-12T18:52:30, 1543.98863636, 0, 0, 0 
2015-02-12T18:57:30, 1544.04166667, 0, 0, 0 
2015-02-12T19:02:30, 1543.94267516, 0, 0, 0 
2015-02-12T19:07:30, 1544.15204678, 0, 0, 0 
2015-02-12T19:12:30, 1544.08235294, 0, 0, 0 
2015-02-12T19:17:30, 1543.98830409, 0, 0, 0 
2015-02-12T19:22:30, 1543.89634146, 0, 0, 0 
2015-02-12T19:27:30, 1543.89142857, 0, 0, 0 
2015-02-12T19:32:30, 1543.90728477, 0, 0, 0 
2015-02-12T19:37:30, 1543.99415205, 0, 0, 0 
2015-02-12T19:42:30, 1543.92356688, 0, 0, 0 
2015-02-12T19:47:30, 1543.93630573, 0, 0, 0 
2015-02-12T19:52:30, 1544.01796407, 0, 0, 0 
2015-02-12T19:57:30, 1544.00632911, 0, 0, 0 
2015-02-12T20:02:30, 1543.99393939, 0, 0, 0 
2015-02-12T20:07:30, 1544.03529412, 0, 0, 0 
2015-02-12T20:12:30, 1543.98181818, 0, 0, 0 
2015-02-12T20:17:30, 1543.98305085, 0, 0, 0 
2015-02-12T20:22:30, 1543.93167702, 0, 0, 0 
2015-02-12T20:27:30, 1543.92207792, 0, 0, 0 
2015-02-12T20:32:30, 1543.92638037, 0, 0, 0 
2015-02-12T20:37:30, 1543.88953488, 0, 0, 0 
2015-02-12T20:42:30, 1543.95918367, 0, 0, 0 
2015-02-12T20:47:30, 1543.89506173, 0, 0, 0 
2015-02-12T20:52:30, 1543.95652174, 0, 0, 0 
2015-02-12T20:57:30, 1543.81875, 0, 0, 0 
2015-02-12T21:02:30, 1543.92857143, 0, 0, 0 
2015-02-12T21:07:30, 1543.94610778, 0, 0, 0 
2015-02-12T21:12:30, 1543.88757396, 0, 0, 0 
2015-02-12T21:17:30, 1543.88888889, 0, 0, 0 
2015-02-12T21:22:30, 1543.9244186, 0, 0, 0 
2015-02-12T21:27:30, 1543.84353741, 0, 0, 0 
2015-02-12T21:32:30, 1543.82389937, 0, 0, 0 
2015-02-12T21:37:30, 1543.84615385, 0, 0, 0 
2015-02-12T21:42:30, 1543.94267516, 0, 0, 0 
2015-02-12T21:47:30, 1543.94011976, 0, 0, 0 
2015-02-12T21:52:30, 1543.97159091, 0, 0, 0 
2015-02-12T21:57:30, 1544.01612903, 0, 0, 0 
2015-02-12T22:02:30, 1544.02469136, 0, 0, 0 
2015-02-12T22:07:30, 1543.98245614, 0, 0, 0 
2015-02-12T22:12:30, 1544.04469274, 0, 0, 0 
2015-02-12T22:17:30, 1543.9939759, 0, 0, 0 
2015-02-12T22:22:30, 1544.10404624, 0, 0, 0 
2015-02-12T22:27:30, 1544.16352201, 0, 0, 0 
2015-02-12T22:32:30, 1544.01796407, 0, 0, 0 
2015-02-12T22:37:30, 1543.96296296, 0, 0, 0 
2015-02-12T22:42:30, 1544.11585366, 0, 0, 0 
2015-02-12T22:47:30, 1544.00574713, 0, 0, 0 
2015-02-12T22:52:30, 1544.10778443, 0, 0, 0 
2015-02-12T22:57:30, 1544.02484472, 0, 0, 0 
2015-02-12T23:02:30, 1543.9695122, 0, 0, 0 
2015-02-12T23:07:30, 1544.05882353, 0, 0, 0 
2015-02-12T23:12:30, 1544.05389222, 0, 0, 0 
2015-02-12T23:17:30, 1544.04487179, 0, 0, 0 
2015-02-12T23:22:30, 1543.98214286, 0, 0, 0 
2015-02-12T23:27:30, 1543.97126437, 0, 0, 0 
2015-02-12T23:32:30, 1543.96551724, 0, 0, 0 
2015-02-12T23:37:30, 1543.89473684, 0, 0, 0 
2015-02-12T23:42:30, 1543.85964912, 0, 0, 0 
2015-02-12T23:47:30, 1543.96815287, 0, 0, 0 
2015-02-12T23:52:30, 1543.95597484, 0, 0, 0 
2015-02-12T23:57:30, 1544.02649007, 0, 0, 0 
2015-02-13T00:02:30, 1543.99421965, 0, 0, 0 
2015-02-13T00:07:30, 1544.05555556, 0, 0, 0 
2015-02-13T00:12:30, 1543.98224852, 0, 0, 0 
2015-02-13T00:17:30, 1544.0130719, 0, 0, 0 
2015-02-13T00:22:30, 1543.86538462, 0, 0, 0 
2015-02-13T00:27:30, 1543.84615385, 0, 0, 0 
2015-02-13T00:32:30, 1543.81818182, 0, 0, 0 
2015-02-13T00:37:30, 1543.81528662, 0, 0, 0 
2015-02-13T00:42:30, 1543.88484848, 0, 0, 0 
2015-02-13T00:47:30, 1543.96178344, 0, 0, 0 
2015-02-13T00:52:30, 1543.89473684, 0, 0, 0 
2015-02-13T00:57:30, 1543.86781609, 0, 0, 0 
2015-02-13T01:02:30, 1543.98369565, 0, 0, 0 
2015-02-13T01:07:30, 1544.04624277, 0, 0, 0 
2015-02-13T01:12:30, 1543.96153846, 0, 0, 0 
2015-02-13T01:17:30, 1544.05142857, 0, 0, 0 
2015-02-13T01:22:30, 1543.99450549, 0, 0, 0 
2015-02-13T01:27:30, 1543.99404762, 0, 0, 0 
2015-02-13T01:32:30, 1544.04705882, 0, 0, 0 
2015-02-13T01:37:30, 1543.92638037, 0, 0, 0 
2015-02-13T01:42:30, 1544.01675978, 0, 0, 0 
2015-02-13T01:47:30, 1543.99382716, 0, 0, 0 
2015-02-13T01:52:30, 1543.95375723, 0, 0, 0 
2015-02-13T01:57:30, 1544.05681818, 0, 0, 0 
2015-02-13T02:02:30, 1544.02352941, 0, 0, 0 
2015-02-13T02:07:30, 1544.01156069, 0, 0, 0 
2015-02-13T02:12:30, 1543.98717949, 0, 0, 0 
2015-02-13T02:17:30, 1544.05844156, 0, 0, 0 
2015-02-13T02:22:30, 1544.1627907, 0, 0, 0 
2015-02-13T02:27:30, 1544.07602339, 0, 0, 0 
2015-02-13T02:32:30, 1544.05031447, 0, 0, 0 
2015-02-13T02:37:30, 1544.0952381, 0, 0, 0 
2015-02-13T02:42:30, 1544.16049383, 0, 0, 0 
2015-02-13T02:47:30, 1544.04093567, 0, 0, 0 
2015-02-13T02:52:30, 1544.12209302, 0, 0, 0 
2015-02-13T02:57:30, 1544.04733728, 0, 0, 0 
2015-02-13T03:02:30, 1544.01197605, 0, 0, 0 
2015-02-13T03:07:30, 1544.1030303, 0, 0, 0 
2015-02-13T03:12:30, 1543.88050314, 0, 0, 0 
2015-02-13T03:17:30, 1543.95294118, 0, 0, 0 
2015-02-13T03:22:30, 1543.83225806, 0, 0, 0 
2015-02-13T03:27:30, 1543.85802469, 0, 0, 0 
2015-02-13T03:32:30, 1543.8630137, 0, 0, 0 
2015-02-13T03:37:30, 1543.96385542, 0, 0, 0 
2015-02-13T03:42:30, 1543.95679012, 0, 0, 0 
2015-02-13T03:47:30, 1544.15483871, 0, 0, 0 
2015-02-13T03:52:30, 1544.01764706, 0, 0, 0 
2015-02-13T03:57:30, 1543.98026316, 0, 0, 0 
2015-02-13T04:02:30, 1543.9408284, 0, 0, 0 
2015-02-13T04:07:30, 1544.12643678, 0, 0, 0 
2015-02-13T04:12:30, 1544.14619883, 0, 0, 0 
2015-02-13T04:17:30, 1543.99390244, 0, 0, 0 
2015-02-13T04:22:30, 1543.90643275, 0, 0, 0 
2015-02-13T04:27:30, 1543.80769231, 0, 0, 0 
2015-02-13T04:32:30, 1543.93918919, 0, 0, 0 
2015-02-13T04:37:30, 1543.87341772, 0, 0, 0 
2015-02-13T04:42:30, 1543.86986301, 0, 0, 0 
2015-02-13T04:47:30, 1543.89473684, 0, 0, 0 
2015-02-13T04:52:30, 1543.89473684, 0, 0, 0 
2015-02-13T04:57:30, 1544.0754717, 0, 0, 0 
2015-02-13T05:02:30, 1544.0, 0, 0, 0 
2015-02-13T05:07:30, 1543.80128205, 0, 0, 0 
2015-02-13T05:12:30, 1543.8502994, 0, 0, 0 
2015-02-13T05:17:30, 1543.85806452, 0, 0, 0 
2015-02-13T05:22:30, 1544.25308642, 0, 0, 0 
2015-02-13T05:27:30, 1544.10759494, 0, 0, 0 
2015-02-13T05:32:30, 1544.00558659, 0, 0, 0 
2015-02-13T05:37:30, 1544.32402235, 0, 0, 0 
2015-02-13T05:42:30, 1544.59509202, 0, 0, 0 
2015-02-13T05:47:30, 1544.01197605, 0, 0, 0 
2015-02-13T05:52:30, 1544.53614458, 0, 0, 0 
2015-02-13T05:57:30, 1544.25698324, 0, 0, 0 
2015-02-13T06:02:30, 1544.01123596, 0, 0, 0 
2015-02-13T06:07:30, 1544.02666667, 0, 0, 0 
2015-02-13T06:12:30, 1544.03797468, 0, 0, 0 
2015-02-13T06:17:30, 1544.04968944, 0, 0, 0 
2015-02-13T06:22:30, 1544.06586826, 0, 0, 0 
2015-02-13T06:27:30, 1544.51204819, 0, 0, 0 
2015-02-13T06:32:30, 1544.08433735, 0, 0, 0 
2015-02-13T06:37:30, 1544.06962025, 0, 0, 0 
2015-02-13T06:42:30, 1544.33695652, 0, 0, 0 
2015-02-13T06:47:30, 1544.52071006, 0, 0, 0 
2015-02-13T06:52:30, 1544.66666667, 0, 0, 0 
2015-02-13T06:57:30, 1544.44623656, 0, 0, 0 
2015-02-13T07:02:30, 1544.71204188, 0, 0, 0 
2015-02-13T07:07:30, 1544.77348066, 0, 0, 0 
2015-02-13T07:12:30, 1544.09039548, 0, 0, 0 
2015-02-13T07:17:30, 1544.16571429, 0, 0, 0 
2015-02-13T07:22:30, 1544.35978836, 0, 0, 0 
2015-02-13T07:27:30, 1544.07777778, 0, 0, 0 
2015-02-13T07:32:30, 1544.2195122, 0, 0, 0 
2015-02-13T07:37:30, 1544.9010989, 0, 0, 0 
2015-02-13T07:42:30, 1544.77272727, 0, 0, 0 
2015-02-13T07:47:30, 1545.31958763, 0, 0, 0 
2015-02-13T07:52:30, 1544.51955307, 0, 0, 0 
2015-02-13T07:57:30, 1544.26857143, 0, 0, 0 
2015-02-13T08:02:30, 1544.08823529, 0, 0, 0 
2015-02-13T08:07:30, 1544.02515723, 0, 0, 0 
2015-02-13T08:12:30, 1543.91017964, 0, 0, 0 
2015-02-13T08:17:30, 1544.04519774, 0, 0, 0 
2015-02-13T08:22:30, 1543.99408284, 0, 0, 0 
2015-02-13T08:27:30, 1543.88023952, 0, 0, 0 
2015-02-13T08:32:30, 1543.6, 0, 0, 0 
2015-02-13T08:37:30, 1543.6, 0, 0, 0 
2015-02-13T08:42:30, 1543.6, 0, 0, 0 
2015-02-13T08:47:30, 1543.6, 0, 0, 0 
2015-02-13T08:52:30, 1543.6, 0, 0, 0 
2015-02-13T08:57:30, 1543.6, 0, 0, 0 
2015-02-13T09:02:30, 1543.6, 0, 0, 0 
2015-02-13T09:07:30, 1543.6, 0, 0, 0 
2015-02-13T09:12:30, 1543.6, 0, 0, 0 
2015-02-13T09:17:30, 1543.6, 0, 0, 0 
2015-02-13T09:22:30, 1543.6, 0, 0, 0 
2015-02-13T09:27:30, 1543.6, 0, 0, 0 
2015-02-13T09:32:30, 1543.6, 0, 0, 0 
2015-02-13T09:37:30, 1543.6, 0, 0, 0 
2015-02-13T09:42:30, 1543.6, 0, 0, 0 
2015-02-13T09:47:30, 1543.6, 0, 0, 0 
2015-02-13T09:52:30, 1543.6, 0, 0, 0 
2015-02-13T09:57:30, 1543.6, 0, 0, 0 
2015-02-13T10:02:30, 1543.6, 0, 0, 0 
2015-02-13T10:07:30, 1543.6, 0, 0, 0 
2015-02-13T10:12:30, 1543.6, 0, 0, 0 
2015-02-13T10:17:30, 1543.6, 0, 0, 0 
2015-02-13T10:22:30, 1543.6, 0, 0, 0 
2015-02-13T10:27:30, 1543.6, 0, 0, 0 
2015-02-13T10:32:30, 1543.6, 0, 0, 0 
2015-02-13T10:37:30, 1543.6, 0, 0, 0 
2015-02-13T10:42:30, 1543.6, 0, 0, 0 
2015-02-13T10:47:30, 1544.0, 0, 0, 0 
2015-02-13T10:52:30, 1543.94578313, 0, 0, 0 
2015-02-13T10:57:30, 1544.0130719, 0, 0, 0 
2015-02-13T11:02:30, 1544.14906832, 0, 0, 0 
2015-02-13T11:07:30, 1544.1875, 0, 0, 0 
2015-02-13T11:12:30, 1544.18857143, 0, 0, 0 
2015-02-13T11:17:30, 1544.09146341, 0, 0, 0 
2015-02-13T11:22:30, 1544.1958042, 0, 0, 0 
2015-02-13T11:27:30, 1544.18965517, 0, 0, 0 
2015-02-13T11:32:30, 1544.13414634, 0, 0, 0 
2015-02-13T11:37:30, 1544.16860465, 0, 0, 0 
2015-02-13T11:42:30, 1544.15686275, 0, 0, 0 
2015-02-13T11:47:30, 1544.11560694, 0, 0, 0 
2015-02-13T11:52:30, 1544.15333333, 0, 0, 0 
2015-02-13T11:57:30, 1544.19411765, 0, 0, 0 
2015-02-13T12:02:30, 1544.09285714, 0, 0, 0 
2015-02-13T12:07:30, 1544.10778443, 0, 0, 0 
2015-02-13T12:12:30, 1544.17857143, 0, 0, 0 
2015-02-13T12:17:30, 1544.14935065, 0, 0, 0 
2015-02-13T12:22:30, 1544.1589404, 0, 0, 0 
2015-02-13T12:27:30, 1544.13450292, 0, 0, 0 
2015-02-13T12:32:30, 1544.19277108, 0, 0, 0 
2015-02-13T12:37:30, 1544.18404908, 0, 0, 0 
2015-02-13T12:42:30, 1544.17721519, 0, 0, 0 
2015-02-13T12:47:30, 1544.19375, 0, 0, 0 
2015-02-13T12:52:30, 1544.0304878, 0, 0, 0 
2015-02-13T12:57:30, 1544.00625, 0, 0, 0 
2015-02-13T13:02:30, 1543.87790698, 0, 0, 0 
2015-02-13T13:07:30, 1543.91011236, 0, 0, 0 
2015-02-13T13:12:30, 1544.07514451, 0, 0, 0 
2015-02-13T13:17:30, 1543.54761905, 0, 0, 0 
2015-02-13T13:22:30, 1543.46892655, 0, 0, 0 
2015-02-13T13:27:30, 1543.11445783, 0, 0, 0 
2015-02-13T13:32:30, 1541.80487805, 0, 0, 0 
2015-02-13T13:37:30, 1543.52631579, 0, 0, 0 
2015-02-13T13:42:30, 1543.80838323, 0, 0, 0 
2015-02-13T13:47:30, 1544.06976744, 0, 0, 0 
2015-02-13T13:52:30, 1544.13450292, 0, 0, 0 
2015-02-13T13:57:30, 1544.13291139, 0, 0, 0 
2015-02-13T14:02:30, 1544.10067114, 0, 0, 0 
2015-02-13T14:07:30, 1543.99444444, 0, 0, 0 
2015-02-13T14:12:30, 1544.07738095, 0, 0, 0 
2015-02-13T14:17:30, 1543.95054945, 0, 0, 0 
2015-02-13T14:22:30, 1543.95505618, 0, 0, 0 
2015-02-13T14:27:30, 1544.16883117, 0, 0, 0 
2015-02-13T14:32:30, 1544.11320755, 0, 0, 0 
2015-02-13T14:37:30, 1544.15606936, 0, 0, 0 
2015-02-13T14:42:30, 1544.14473684, 0, 0, 0 
2015-02-13T14:47:30, 1544.20408163, 0, 0, 0 
2015-02-13T14:52:30, 1544.23448276, 0, 0, 0 
2015-02-13T14:57:30, 1544.28930818, 0, 0, 0 
2015-02-13T15:02:30, 1544.2278481, 0, 0, 0 
2015-02-13T15:07:30, 1544.17687075, 0, 0, 0 
2015-02-13T15:12:30, 1544.25547445, 0, 0, 0 
2015-02-13T15:17:30, 1544.1375, 0, 0, 0 
2015-02-13T15:22:30, 1544.21621622, 0, 0, 0 
2015-02-13T15:27:30, 541.32972973, 0, 0, 0 
2015-02-13T15:32:30, 122.54822335, 0, 0, 0 
2015-02-13T15:37:30, 109.125925926, 0, 0, 0 
2015-02-13T15:42:30, 115.526627219, 0, 0, 0 
2015-02-13T15:47:30, 115.648148148, 0, 0, 0 
2015-02-13T15:52:30, 117.47260274, 0, 0, 0 
2015-02-13T15:57:30, 118.450331126, 0, 0, 0 
2015-02-13T16:02:30, 118.933774834, 0, 0, 0 
2015-02-13T16:07:30, 118.727272727, 0, 0, 0 
2015-02-13T16:12:30, 118.924369748, 0, 0, 0 
2015-02-13T16:17:30, 119.510067114, 0, 0, 0 
2015-02-13T16:22:30, 119.419117647, 0, 0, 0 
2015-02-13T16:27:30, 119.911392405, 0, 0, 0 
2015-02-13T16:32:30, 119.054263566, 0, 0, 0 
2015-02-13T16:37:30, 120.248322148, 0, 0, 0 
2015-02-13T16:42:30, 120.788732394, 0, 0, 0 
2015-02-13T16:47:30, 120.788732394, 0, 0, 0 
