[0.]
[0.01]
[0.02]
[0.03]
[0.04]
[0.05]
[0.06]
[0.07]
[0.08]
[0.09]
[0.1]
[0.11]
[0.12]
[0.13]
[0.14]
[0.15]
[0.16]
[0.17]
[0.18]
[0.19]
[0.2]
[0.21]
[0.22]
[0.23]
[0.24]
[0.25]
[0.26]
[0.27]
[0.28]
[0.29]
[0.3]
[0.31]
[0.32]
[0.33]
[0.34]
[0.35]
[0.36]
[0.37]
[0.38]
[0.39]
[0.4]
[0.41]
[0.42]
[0.43]
[0.44]
[0.45]
[0.46]
[0.47]
[0.48]
[0.49]
[0.5]
[0.51]
[0.52]
[0.53]
[0.54]
[0.55]
[0.56]
[0.57]
[0.58]
[0.59]
[0.6]
[0.61]
[0.62]
[0.63]
[0.64]
[0.65]
[0.66]
[0.67]
[0.68]
[0.69]
[0.7]
[0.71]
[0.72]
[0.73]
[0.74]
[0.75]
[0.76]
[0.77]
[0.78]
[0.79]
[0.8]
[0.81]
[0.82]
[0.83]
[0.84]
[0.85]
[0.86]
[0.87]
[0.88]
[0.89]
[0.9]
[0.91]
[0.92]
[0.93]
[0.94]
[0.95]
[0.96]
[0.97]
[0.98]
[0.99]
[1.]
[1.01]
[1.02]
[1.03]
[1.04]
[1.05]
[1.06]
[1.07]
[1.08]
[1.09]
[1.1]
[1.11]
[1.12]
[1.13]
[1.14]
[1.15]
[1.16]
[1.17]
[1.18]
[1.19]
[1.2]
[1.21]
[1.22]
[1.23]
[1.24]
[1.25]
[1.26]
[1.27]
[1.28]
[1.29]
[1.3]
[1.31]
[1.32]
[1.33]
[1.34]
[1.35]
[1.36]
[1.37]
[1.38]
[1.39]
[1.4]
[1.41]
[1.42]
[1.43]
[1.44]
[1.45]
[1.46]
[1.47]
[1.48]
[1.49]
[1.5]
[1.51]
[1.52]
[1.53]
[1.54]
[1.55]
[1.56]
[1.57]
[1.58]
[1.59]
[1.6]
[1.61]
[1.62]
[1.63]
[1.64]
[1.65]
[1.66]
[1.67]
[1.68]
[1.69]
[1.7]
[1.71]
[1.72]
[1.73]
[1.74]
[1.75]
[1.76]
[1.77]
[1.78]
[1.79]
[1.8]
[1.81]
[1.82]
[1.83]
[1.84]
[1.85]
[1.86]
[1.87]
[1.88]
[1.89]
[1.9]
[1.91]
[1.92]
[1.93]
[1.94]
[1.95]
[1.96]
[1.97]
[1.98]
[1.99]
[2.]
[2.01]
[2.02]
[2.03]
[2.04]
[2.05]
[2.06]
[2.07]
[2.08]
[2.09]
[2.1]
[2.11]
[2.12]
[2.13]
[2.14]
[2.15]
[2.16]
[2.17]
[2.18]
[2.19]
[2.2]
[2.21]
[2.22]
[2.23]
[2.24]
[2.25]
[2.26]
[2.27]
[2.28]
[2.29]
[2.3]
[2.31]
[2.32]
[2.33]
[2.34]
[2.35]
[2.36]
[2.37]
[2.38]
[2.39]
[2.4]
[2.41]
[2.42]
[2.43]
[2.44]
[2.45]
[2.46]
[2.47]
[2.48]
[2.49]
[2.5]
[2.51]
[2.52]
[2.53]
[2.54]
[2.55]
[2.56]
[2.57]
[2.58]
[2.59]
[2.6]
[2.61]
[2.62]
[2.63]
[2.64]
[2.65]
[2.66]
[2.67]
[2.68]
[2.69]
[2.7]
[2.71]
[2.72]
[2.73]
[2.74]
[2.75]
[2.76]
[2.77]
[2.78]
[2.79]
[2.8]
[2.81]
[2.82]
[2.83]
[2.84]
[2.85]
[2.86]
[2.87]
[2.88]
[2.89]
[2.9]
[2.91]
[2.92]
[2.93]
[2.94]
[2.95]
[2.96]
[2.97]
[2.98]
[2.99]
[3.]
[3.01]
[3.02]
[3.03]
[3.04]
[3.05]
[3.06]
[3.07]
[3.08]
[3.09]
[3.1]
[3.11]
[3.12]
[3.13]
[3.14]
[3.15]
[3.16]
[3.17]
[3.18]
[3.19]
[3.2]
[3.21]
[3.22]
[3.23]
[3.24]
[3.25]
[3.26]
[3.27]
[3.28]
[3.29]
[3.3]
[3.31]
[3.32]
[3.33]
[3.34]
[3.35]
[3.36]
[3.37]
[3.38]
[3.39]
[3.4]
[3.41]
[3.42]
[3.43]
[3.44]
[3.45]
[3.46]
[3.47]
[3.48]
[3.49]
[3.5]
[3.51]
[3.52]
[3.53]
[3.54]
[3.55]
[3.56]
[3.57]
[3.58]
[3.59]
[3.6]
[3.61]
[3.62]
[3.63]
[3.64]
[3.65]
[3.66]
[3.67]
[3.68]
[3.69]
[3.7]
[3.71]
[3.72]
[3.73]
[3.74]
[3.75]
[3.76]
[3.77]
[3.78]
[3.79]
[3.8]
[3.81]
[3.82]
[3.83]
[3.84]
[3.85]
[3.86]
[3.87]
[3.88]
[3.89]
[3.9]
[3.91]
[3.92]
[3.93]
[3.94]
[3.95]
[3.96]
[3.97]
[3.98]
[3.99]
[4.]
[4.01]
[4.02]
[4.03]
[4.04]
[4.05]
[4.06]
[4.07]
[4.08]
[4.09]
[4.1]
[4.11]
[4.12]
[4.13]
[4.14]
[4.15]
[4.16]
[4.17]
[4.18]
[4.19]
[4.2]
[4.21]
[4.22]
[4.23]
[4.24]
[4.25]
[4.26]
[4.27]
[4.28]
[4.29]
[4.3]
[4.31]
[4.32]
[4.33]
[4.34]
[4.35]
[4.36]
[4.37]
[4.38]
[4.39]
[4.4]
[4.41]
[4.42]
[4.43]
[4.44]
[4.45]
[4.46]
[4.47]
[4.48]
[4.49]
[4.5]
[4.51]
[4.52]
[4.53]
[4.54]
[4.55]
[4.56]
[4.57]
[4.58]
[4.59]
[4.6]
[4.61]
[4.62]
[4.63]
[4.64]
[4.65]
[4.66]
[4.67]
[4.68]
[4.69]
[4.7]
[4.71]
[4.72]
[4.73]
[4.74]
[4.75]
[4.76]
[4.77]
[4.78]
[4.79]
[4.8]
[4.81]
[4.82]
[4.83]
[4.84]
[4.85]
[4.86]
[4.87]
[4.88]
[4.89]
[4.9]
[4.91]
[4.92]
[4.93]
[4.94]
[4.95]
[4.96]
[4.97]
[4.98]
[4.99]
[5.]
[5.01]
[5.02]
[5.03]
[5.04]
[5.05]
[5.06]
[5.07]
[5.08]
[5.09]
[5.1]
[5.11]
[5.12]
[5.13]
[5.14]
[5.15]
[5.16]
[5.17]
[5.18]
[5.19]
[5.2]
[5.21]
[5.22]
[5.23]
[5.24]
[5.25]
[5.26]
[5.27]
[5.28]
[5.29]
[5.3]
[5.31]
[5.32]
[5.33]
[5.34]
[5.35]
[5.36]
[5.37]
[5.38]
[5.39]
[5.4]
[5.41]
[5.42]
[5.43]
[5.44]
[5.45]
[5.46]
[5.47]
[5.48]
[5.49]
[5.5]
[5.51]
[5.52]
[5.53]
[5.54]
[5.55]
[5.56]
[5.57]
[5.58]
[5.59]
[5.6]
[5.61]
[5.62]
[5.63]
[5.64]
[5.65]
[5.66]
[5.67]
[5.68]
[5.69]
[5.7]
[5.71]
[5.72]
[5.73]
[5.74]
[5.75]
[5.76]
[5.77]
[5.78]
[5.79]
[5.8]
[5.81]
[5.82]
[5.83]
[5.84]
[5.85]
[5.86]
[5.87]
[5.88]
[5.89]
1e-06
5.7e-05
0.000113
0.000168
0.000224
0.00028
0.000335
0.000391
0.000446
0.000502
0.000557
0.000612
0.000667
0.000722
0.000777
0.000832
0.000887
0.000942
0.000997
0.001052
0.001106
0.001161
0.001215
0.00127
0.001324
0.001378
0.001433
0.001487
0.001541
0.001595
0.001649
0.001703
0.001757
0.001811
0.001865
0.001919
0.001973
0.002027
0.00208
0.002134
0.002188
0.002241
0.002295
0.002348
0.002402
0.002455
0.002509
0.002562
0.002615
0.002668
0.002722
0.002775
0.002828
0.002881
0.002934
0.002987
0.00304
0.003094
0.003147
0.003199
0.003252
0.003305
0.003358
0.003411
0.003464
0.003517
0.003569
0.003622
0.003675
0.003728
0.00378
0.003833
0.003886
0.003938
0.003991
0.004043
0.004096
0.004149
0.004201
0.004254
0.004306
0.004359
0.004411
0.004463
0.004516
0.004568
0.004621
0.004673
0.004726
0.004778
0.00483
0.004883
0.004935
0.004987
0.005039
0.005092
0.005144
0.005196
0.005249
0.005301
0.005353
0.005405
0.005458
0.00551
0.005562
0.005614
0.005666
0.005719
0.005771
0.005823
0.005875
0.005927
0.005979
0.006032
0.006084
0.006136
0.006188
0.00624
0.006292
0.006344
0.006396
0.006449
0.006501
0.006553
0.006605
0.006657
0.006709
0.006761
0.006813
0.006865
0.006918
0.00697
0.007022
0.007074
0.007126
0.007178
0.00723
0.007282
0.007334
0.007386
0.007438
0.007491
0.007543
0.007595
0.007647
0.007699
0.007751
0.007803
0.007855
0.007907
0.007959
0.008012
0.008064
0.008116
0.008168
0.00822
0.008272
0.008324
0.008376
0.008428
0.008481
0.008533
0.008585
0.008637
0.008689
0.008741
0.008793
0.008845
0.008898
0.00895
0.009002
0.009054
0.009106
0.009158
0.00921
0.009263
0.009315
0.009367
0.009419
0.009471
0.009523
0.009576
0.009628
0.00968
0.009732
0.009784
0.009836
0.009889
0.009941
0.009993
0.010045
0.010097
0.01015
0.010202
0.010254
0.010306
0.010358
0.010411
0.010463
0.010515
0.010567
0.01062
0.010672
0.010724
0.010776
0.010829
0.010881
0.010933
0.010985
0.011038
0.01109
0.011142
0.011194
0.011247
0.011299
0.011351
0.011403
0.011456
0.011508
0.01156
0.011612
0.011665
0.011717
0.011769
0.011822
0.011874
0.011926
0.011979
0.012031
0.012083
0.012135
0.012188
0.01224
0.012292
0.012345
0.012397
0.012449
0.012502
0.012554
0.012606
0.012659
0.012711
0.012763
0.012815
0.012868
0.01292
0.012972
0.013025
0.013077
0.013129
0.013182
0.013234
0.013286
0.013339
0.013391
0.013443
0.013496
0.013548
0.0136
0.013653
0.013705
0.013757
0.01381
0.013862
0.013914
0.013967
0.014019
0.014071
0.014124
0.014176
0.014229
0.014281
0.014333
0.014386
0.014438
0.01449
0.014543
0.014595
0.014647
0.0147
0.014752
0.014804
0.014857
0.014909
0.014961
0.015014
0.015066
0.015118
0.015171
0.015223
0.015275
0.015328
0.01538
0.015432
0.015485
0.015537
0.015589
0.015641
0.015694
0.015746
0.015798
0.015851
0.015903
0.015955
0.016008
0.01606
0.016112
0.016165
0.016217
0.016269
0.016322
0.016374
0.016426
0.016478
0.016531
0.016583
0.016635
0.016688
0.01674
0.016792
0.016845
0.016897
0.016949
0.017001
0.017054
0.017106
0.017158
0.01721
0.017263
0.017315
0.017367
0.01742
0.017472
0.017524
0.017576
0.017629
0.017681
0.017733
0.017785
0.017838
0.01789
0.017942
0.017994
0.018047
0.018099
0.018151
0.018203
0.018256
0.018308
0.01836
0.018412
0.018465
0.018517
0.018569
0.018621
0.018674
0.018726
0.018778
0.01883
0.018882
0.018935
0.018987
0.019039
0.019091
0.019144
0.019196
0.019248
0.0193
0.019352
0.019405
0.019457
0.019509
0.019561
0.019613
0.019666
0.019718
0.01977
0.019822
0.019874
0.019927
0.019979
0.020031
0.020083
0.020135
0.020188
0.02024
0.020292
0.020344
0.020396
0.020448
0.020501
0.020553
0.020605
0.020657
0.020709
0.020762
0.020814
0.020866
0.020918
0.02097
0.021023
0.021075
0.021127
0.021179
0.021231
0.021283
0.021336
0.021388
0.02144
0.021492
0.021544
0.021597
0.021649
0.021701
0.021753
0.021805
0.021857
0.02191
0.021962
0.022014
0.022066
0.022118
0.022171
0.022223
0.022275
0.022327
0.022379
0.022432
0.022484
0.022536
0.022588
0.02264
0.022693
0.022745
0.022797
0.022849
0.022901
0.022954
0.023006
0.023058
0.02311
0.023162
0.023215
0.023267
0.023319
0.023371
0.023423
0.023476
0.023528
0.02358
0.023632
0.023685
0.023737
0.023789
0.023841
0.023894
0.023946
0.023998
0.02405
0.024103
0.024155
0.024207
0.024259
0.024312
0.024364
0.024416
0.024468
0.024521
0.024573
0.024625
0.024677
0.02473
0.024782
0.024834
0.024887
0.024939
0.024991
0.025043
0.025096
0.025148
0.0252
0.025253
0.025305
0.025357
0.02541
0.025462
0.025514
0.025566
0.025619
0.025671
0.025723
0.025776
0.025828
0.02588
0.025933
0.025985
0.026037
0.02609
0.026142
0.026194
0.026247
0.026299
0.026351
0.026404
0.026456
0.026509
0.026561
0.026613
0.026666
0.026718
0.02677
0.026823
0.026875
0.026927
0.02698
0.027032
0.027085
0.027137
0.027189
0.027242
0.027294
0.027346
0.027399
0.027451
0.027503
0.027556
0.027608
0.027661
0.027713
0.027765
0.027818
0.02787
0.027922
0.027975
0.028027
0.02808
0.028132
0.028184
0.028237
0.028289
0.028341
0.028394
0.028446
0.028498
0.028551
0.028603
0.028655
0.028708
0.02876
0.028812
0.028865
0.028917
0.028969
0.029022
0.029074
0.029126
0.029178
0.029231
0.029283
0.029335
0.029388
0.02944
0.029492
0.029544
0.029597
0.029649
0.029701
0.029753
0.029805
0.029858
0.02991
0.029962
0.030014
0.030066
0.030118
0.03017
0.030222
0.030275
0.030327
0.030379
0.030431
0.030483
0.030535
0.030587
0.030639
0.030691
0.030743
0.030795
0.030847
0.030899
