[0.]
[0.1]
[0.2]
[0.3]
[0.4]
[0.5]
[0.6]
[0.7]
[0.8]
[0.9]
[1.]
[1.1]
[1.2]
[1.3]
[1.4]
[1.5]
[1.6]
[1.7]
[1.8]
[1.9]
[2.]
[2.1]
[2.2]
[2.3]
[2.4]
[2.5]
[2.6]
[2.7]
[2.8]
[2.9]
[3.]
[3.1]
[3.2]
[3.3]
[3.4]
[3.5]
[3.6]
[3.7]
[3.8]
[3.9]
[4.]
[4.1]
[4.2]
[4.3]
[4.4]
[4.5]
[4.6]
[4.7]
[4.8]
[4.9]
[5.]
[5.1]
[5.2]
[5.3]
[5.4]
[5.5]
[5.6]
[5.7]
[5.8]
[5.9]
[6.]
[6.1]
[6.2]
[6.3]
[6.4]
[6.5]
[6.6]
[6.7]
[6.8]
[6.9]
[7.]
[7.1]
[7.2]
[7.3]
[7.4]
[7.5]
[7.6]
[7.7]
[7.8]
[7.9]
[8.]
[8.1]
[8.2]
[8.3]
[8.4]
[8.5]
[8.6]
[8.7]
[8.8]
[8.9]
[9.]
[9.1]
[9.2]
[9.3]
[9.4]
[9.5]
[9.6]
[9.7]
[9.8]
[9.9]
[10.]
[10.1]
[10.2]
[10.3]
[10.4]
[10.5]
[10.6]
[10.7]
[10.8]
[10.9]
[11.]
[11.1]
[11.2]
[11.3]
[11.4]
[11.5]
[11.6]
[11.7]
[11.8]
[11.9]
[12.]
[12.1]
[12.2]
[12.3]
[12.4]
[12.5]
[12.6]
[12.7]
[12.8]
[12.9]
[13.]
[13.1]
[13.2]
[13.3]
[13.4]
[13.5]
[13.6]
[13.7]
[13.8]
[13.9]
[14.]
[14.1]
[14.2]
[14.3]
[14.4]
[14.5]
[14.6]
[14.7]
[14.8]
[14.9]
[15.]
[15.1]
[15.2]
[15.3]
[15.4]
[15.5]
[15.6]
[15.7]
[15.8]
[15.9]
[16.]
[16.1]
[16.2]
[16.3]
[16.4]
[16.5]
[16.6]
[16.7]
[16.8]
[16.9]
[17.]
[17.1]
[17.2]
[17.3]
[17.4]
[17.5]
[17.6]
[17.7]
[17.8]
[17.9]
[18.]
[18.1]
[18.2]
[18.3]
[18.4]
[18.5]
[18.6]
[18.7]
[18.8]
[18.9]
[19.]
[19.1]
[19.2]
[19.3]
[19.4]
[19.5]
[19.6]
[19.7]
[19.8]
[19.9]
[20.]
[20.1]
[20.2]
[20.3]
[20.4]
[20.5]
[20.6]
[20.7]
[20.8]
[20.9]
[21.]
[21.1]
[21.2]
[21.3]
[21.4]
[21.5]
[21.6]
[21.7]
[21.8]
[21.9]
[22.]
[22.1]
[22.2]
[22.3]
[22.4]
[22.5]
[22.6]
[22.7]
[22.8]
[22.9]
[23.]
[23.1]
[23.2]
[23.3]
[23.4]
[23.5]
[23.6]
[23.7]
[23.8]
[23.9]
[24.]
[24.1]
[24.2]
[24.3]
[24.4]
[24.5]
[24.6]
[24.7]
[24.8]
[24.9]
[25.]
[25.1]
[25.2]
[25.3]
[25.4]
[25.5]
[25.6]
[25.7]
[25.8]
[25.9]
[26.]
[26.1]
[26.2]
[26.3]
[26.4]
[26.5]
[26.6]
[26.7]
[26.8]
[26.9]
[27.]
[27.1]
[27.2]
[27.3]
[27.4]
[27.5]
[27.6]
[27.7]
[27.8]
[27.9]
[28.]
[28.1]
[28.2]
[28.3]
[28.4]
[28.5]
[28.6]
[28.7]
[28.8]
[28.9]
[29.]
[29.1]
[29.2]
[29.3]
[29.4]
[29.5]
[29.6]
[29.7]
[29.8]
[29.9]
[30.]
[30.1]
[30.2]
[30.3]
[30.4]
[30.5]
[30.6]
[30.7]
[30.8]
[30.9]
[31.]
[31.1]
[31.2]
[31.3]
[31.4]
[31.5]
[31.6]
[31.7]
[31.8]
[31.9]
[32.]
[32.1]
[32.2]
[32.3]
[32.4]
[32.5]
[32.6]
[32.7]
[32.8]
[32.9]
[33.]
[33.1]
[33.2]
[33.3]
[33.4]
[33.5]
[33.6]
[33.7]
[33.8]
[33.9]
[34.]
[34.1]
[34.2]
[34.3]
[34.4]
[34.5]
[34.6]
[34.7]
[34.8]
[34.9]
[35.]
[35.1]
[35.2]
[35.3]
[35.4]
[35.5]
[35.6]
[35.7]
[35.8]
[35.9]
[36.]
[36.1]
[36.2]
[36.3]
[36.4]
[36.5]
[36.6]
[36.7]
[36.8]
[36.9]
[37.]
[37.1]
[37.2]
[37.3]
[37.4]
[37.5]
[37.6]
[37.7]
[37.8]
[37.9]
[38.]
[38.1]
[38.2]
[38.3]
[38.4]
[38.5]
[38.6]
[38.7]
[38.8]
[38.9]
[39.]
[39.1]
[39.2]
[39.3]
[39.4]
[39.5]
[39.6]
[39.7]
[39.8]
[39.9]
[40.]
[40.1]
[40.2]
[40.3]
[40.4]
[40.5]
[40.6]
[40.7]
[40.8]
[40.9]
[41.]
[41.1]
[41.2]
[41.3]
[41.4]
[41.5]
[41.6]
[41.7]
[41.8]
[41.9]
[42.]
[42.1]
[42.2]
[42.3]
[42.4]
[42.5]
[42.6]
[42.7]
[42.8]
[42.9]
[43.]
[43.1]
[43.2]
[43.3]
[43.4]
[43.5]
[43.6]
[43.7]
[43.8]
[43.9]
[44.]
[44.1]
[44.2]
[44.3]
[44.4]
[44.5]
[44.6]
[44.7]
[44.8]
[44.9]
[45.]
[45.1]
[45.2]
[45.3]
[45.4]
[45.5]
[45.6]
[45.7]
[45.8]
[45.9]
[46.]
[46.1]
[46.2]
[46.3]
[46.4]
[46.5]
[46.6]
[46.7]
[46.8]
[46.9]
[47.]
[47.1]
[47.2]
[47.3]
[47.4]
[47.5]
[47.6]
[47.7]
[47.8]
[47.9]
[48.]
[48.1]
[48.2]
[48.3]
[48.4]
[48.5]
[48.6]
[48.7]
[48.8]
[48.9]
[49.]
[49.1]
[49.2]
[49.3]
[49.4]
[49.5]
[49.6]
[49.7]
[49.8]
[49.9]
[50.]
[50.1]
[50.2]
[50.3]
[50.4]
[50.5]
[50.6]
[50.7]
[50.8]
[50.9]
[51.]
[51.1]
[51.2]
[51.3]
[51.4]
[51.5]
[51.6]
[51.7]
[51.8]
[51.9]
[52.]
[52.1]
[52.2]
[52.3]
[52.4]
[52.5]
[52.6]
[52.7]
[52.8]
[52.9]
[53.]
[53.1]
[53.2]
[53.3]
[53.4]
[53.5]
[53.6]
[53.7]
[53.8]
[53.9]
[54.]
[54.1]
[54.2]
[54.3]
[54.4]
[54.5]
[54.6]
[54.7]
[54.8]
[54.9]
[55.]
[55.1]
[55.2]
[55.3]
[55.4]
[55.5]
[55.6]
[55.7]
[55.8]
[55.9]
[56.]
[56.1]
[56.2]
[56.3]
[56.4]
[56.5]
[56.6]
[56.7]
[56.8]
[56.9]
[57.]
[57.1]
[57.2]
[57.3]
[57.4]
[57.5]
[57.6]
[57.7]
[57.8]
[57.9]
[58.]
[58.1]
[58.2]
[58.3]
[58.4]
[58.5]
[58.6]
[58.7]
[58.8]
[58.9]
[59.]
[59.1]
[59.2]
[59.3]
[59.4]
[59.5]
[59.6]
[59.7]
[59.8]
[59.9]
[60.]
[60.1]
[60.2]
[60.3]
[60.4]
[60.5]
[60.6]
[60.7]
[60.8]
[60.9]
[61.]
[61.1]
[61.2]
[61.3]
[61.4]
[61.5]
[61.6]
[61.7]
[61.8]
[61.9]
[62.]
[62.1]
[62.2]
[62.3]
[62.4]
[62.5]
[62.6]
[62.7]
[62.8]
[62.9]
[63.]
[63.1]
[63.2]
[63.3]
[63.4]
[63.5]
[63.6]
[63.7]
[63.8]
[63.9]
[64.]
[64.1]
[64.2]
[64.3]
[64.4]
[64.5]
[64.6]
[64.7]
[64.8]
[64.9]
[65.]
[65.1]
[65.2]
[65.3]
[65.4]
[65.5]
[65.6]
[65.7]
[65.8]
[65.9]
[66.]
[66.1]
[66.2]
[66.3]
[66.4]
[66.5]
[66.6]
[66.7]
[66.8]
[66.9]
[67.]
[67.1]
[67.2]
[67.3]
[67.4]
[67.5]
[67.6]
[67.7]
[67.8]
[67.9]
[68.]
[68.1]
[68.2]
[68.3]
[68.4]
[68.5]
[68.6]
[68.7]
[68.8]
[68.9]
[69.]
[69.1]
[69.2]
[69.3]
[69.4]
[69.5]
[69.6]
[69.7]
[69.8]
[69.9]
[70.]
[70.1]
[70.2]
[70.3]
[70.4]
[70.5]
[70.6]
[70.7]
[70.8]
[70.9]
[71.]
[71.1]
[71.2]
[71.3]
[71.4]
[71.5]
[71.6]
[71.7]
[71.8]
[71.9]
[72.]
[72.1]
[72.2]
[72.3]
[72.4]
[72.5]
[72.6]
[72.7]
[72.8]
[72.9]
[73.]
[73.1]
[73.2]
[73.3]
[73.4]
[73.5]
[73.6]
[73.7]
[73.8]
[73.9]
[74.]
[74.1]
[74.2]
[74.3]
[74.4]
[74.5]
[74.6]
[74.7]
[74.8]
[74.9]
[75.]
[75.1]
[75.2]
[75.3]
[75.4]
[75.5]
[75.6]
[75.7]
[75.8]
[75.9]
[76.]
[76.1]
[76.2]
[76.3]
[76.4]
[76.5]
[76.6]
[76.7]
[76.8]
[76.9]
[77.]
[77.1]
[77.2]
[77.3]
[77.4]
[77.5]
[77.6]
[77.7]
[77.8]
[77.9]
[78.]
[78.1]
[78.2]
[78.3]
[78.4]
[78.5]
[78.6]
[78.7]
[78.8]
[78.9]
[79.]
[79.1]
[79.2]
[79.3]
[79.4]
[79.5]
[79.6]
[79.7]
[79.8]
[79.9]
[80.]
[80.1]
[80.2]
[80.3]
[80.4]
[80.5]
[80.6]
[80.7]
[80.8]
[80.9]
[81.]
[81.1]
[81.2]
[81.3]
[81.4]
[81.5]
[81.6]
[81.7]
[81.8]
[81.9]
[82.]
[82.1]
[82.2]
[82.3]
[82.4]
[82.5]
[82.6]
[82.7]
[82.8]
[82.9]
[83.]
[83.1]
[83.2]
[83.3]
[83.4]
[83.5]
[83.6]
[83.7]
[83.8]
[83.9]
[84.]
[84.1]
[84.2]
[84.3]
[84.4]
[84.5]
[84.6]
[84.7]
[84.8]
[84.9]
[85.]
[85.1]
[85.2]
[85.3]
[85.4]
[85.5]
[85.6]
[85.7]
[85.8]
[85.9]
[86.]
[86.1]
[86.2]
[86.3]
[86.4]
[86.5]
[86.6]
[86.7]
[86.8]
[86.9]
[87.]
[87.1]
[87.2]
[87.3]
[87.4]
[87.5]
[87.6]
[87.7]
[87.8]
[87.9]
[88.]
[88.1]
[88.2]
[88.3]
[88.4]
[88.5]
[88.6]
[88.7]
[88.8]
[88.9]
[89.]
[89.1]
[89.2]
[89.3]
[89.4]
[89.5]
[89.6]
[89.7]
[89.8]
[89.9]
[90.]
[90.1]
[90.2]
[90.3]
[90.4]
[90.5]
[90.6]
[90.7]
[90.8]
[90.9]
[91.]
[91.1]
[91.2]
[91.3]
[91.4]
[91.5]
[91.6]
[91.7]
[91.8]
[91.9]
[92.]
[92.1]
[92.2]
[92.3]
[92.4]
[92.5]
[92.6]
[92.7]
[92.8]
[92.9]
[93.]
[93.1]
[93.2]
[93.3]
[93.4]
[93.5]
[93.6]
[93.7]
[93.8]
[93.9]
[94.]
[94.1]
[94.2]
[94.3]
[94.4]
[94.5]
[94.6]
[94.7]
[94.8]
[94.9]
[95.]
[95.1]
[95.2]
[95.3]
[95.4]
[95.5]
[95.6]
[95.7]
[95.8]
[95.9]
[96.]
[96.1]
[96.2]
[96.3]
[96.4]
[96.5]
[96.6]
[96.7]
[96.8]
[96.9]
[97.]
[97.1]
[97.2]
[97.3]
[97.4]
[97.5]
[97.6]
[97.7]
[97.8]
[97.9]
[98.]
[98.1]
[98.2]
[98.3]
[98.4]
[98.5]
[98.6]
[98.7]
[98.8]
[98.9]
[99.]
[99.1]
[99.2]
[99.3]
[99.4]
[99.5]
[99.6]
[99.7]
[99.8]
[99.9]
[100.]
[100.1]
[100.2]
[100.3]
[100.4]
[100.5]
[100.6]
[100.7]
[100.8]
[100.9]
[101.]
[101.1]
[101.2]
[101.3]
[101.4]
[101.5]
[101.6]
[101.7]
[101.8]
[101.9]
[102.]
[102.1]
[102.2]
[102.3]
[102.4]
[102.5]
[102.6]
[102.7]
[102.8]
[102.9]
[103.]
[103.1]
[103.2]
[103.3]
[103.4]
[103.5]
[103.6]
[103.7]
[103.8]
[103.9]
[104.]
[104.1]
[104.2]
[104.3]
[104.4]
[104.5]
[104.6]
[104.7]
[104.8]
[104.9]
[105.]
[105.1]
[105.2]
[105.3]
[105.4]
[105.5]
[105.6]
[105.7]
[105.8]
[105.9]
[106.]
[106.1]
[106.2]
[106.3]
[106.4]
[106.5]
[106.6]
[106.7]
[106.8]
[106.9]
[107.]
[107.1]
[107.2]
[107.3]
[107.4]
[107.5]
[107.6]
[107.7]
[107.8]
[107.9]
[108.]
[108.1]
[108.2]
[108.3]
[108.4]
[108.5]
[108.6]
[108.7]
[108.8]
[108.9]
[109.]
[109.1]
[109.2]
[109.3]
[109.4]
[109.5]
[109.6]
[109.7]
[109.8]
[109.9]
[110.]
[110.1]
[110.2]
[110.3]
[110.4]
[110.5]
[110.6]
[110.7]
[110.8]
[110.9]
[111.]
[111.1]
[111.2]
[111.3]
[111.4]
[111.5]
[111.6]
[111.7]
[111.8]
[111.9]
[112.]
[112.1]
[112.2]
[112.3]
[112.4]
[112.5]
[112.6]
[112.7]
[112.8]
[112.9]
[113.]
[113.1]
[113.2]
[113.3]
[113.4]
[113.5]
[113.6]
[113.7]
[113.8]
[113.9]
[114.]
[114.1]
[114.2]
[114.3]
[114.4]
[114.5]
[114.6]
[114.7]
[114.8]
[114.9]
[115.]
[115.1]
[115.2]
[115.3]
[115.4]
[115.5]
[115.6]
[115.7]
[115.8]
[115.9]
[116.]
[116.1]
[116.2]
[116.3]
[116.4]
[116.5]
[116.6]
[116.7]
[116.8]
[116.9]
[117.]
[117.1]
[117.2]
[117.3]
[117.4]
[117.5]
[117.6]
[117.7]
[117.8]
[117.9]
[118.]
[118.1]
[118.2]
[118.3]
[118.4]
[118.5]
[118.6]
[118.7]
[118.8]
[118.9]
[119.]
[119.1]
[119.2]
[119.3]
[119.4]
[119.5]
[119.6]
[119.7]
[119.8]
[119.9]
[120.]
[120.1]
[120.2]
[120.3]
[120.4]
[120.5]
[120.6]
[120.7]
[120.8]
[120.9]
[121.]
[121.1]
[121.2]
[121.3]
[121.4]
[121.5]
[121.6]
[121.7]
[121.8]
[121.9]
[122.]
[122.1]
[122.2]
[122.3]
[122.4]
[122.5]
[122.6]
[122.7]
[122.8]
[122.9]
[123.]
[123.1]
[123.2]
[123.3]
[123.4]
[123.5]
[123.6]
[123.7]
[123.8]
[123.9]
[124.]
[124.1]
[124.2]
[124.3]
[124.4]
[124.5]
[124.6]
[124.7]
[124.8]
[124.9]
[125.]
[125.1]
[125.2]
[125.3]
[125.4]
[125.5]
[125.6]
[125.7]
[125.8]
[125.9]
[126.]
[126.1]
[126.2]
[126.3]
[126.4]
[126.5]
[126.6]
[126.7]
[126.8]
[126.9]
[127.]
[127.1]
[127.2]
[127.3]
[127.4]
[127.5]
[127.6]
[127.7]
[127.8]
[127.9]
[128.]
[128.1]
[128.2]
[128.3]
[128.4]
[128.5]
[128.6]
[128.7]
[128.8]
[128.9]
[129.]
[129.1]
[129.2]
[129.3]
[129.4]
[129.5]
[129.6]
[129.7]
[129.8]
[129.9]
[130.]
[130.1]
[130.2]
[130.3]
[130.4]
[130.5]
[130.6]
[130.7]
[130.8]
[130.9]
[131.]
[131.1]
[131.2]
[131.3]
[131.4]
[131.5]
[131.6]
[131.7]
[131.8]
[131.9]
[132.]
[132.1]
[132.2]
[132.3]
[132.4]
[132.5]
[132.6]
[132.7]
[132.8]
[132.9]
[133.]
[133.1]
[133.2]
[133.3]
[133.4]
[133.5]
[133.6]
[133.7]
[133.8]
[133.9]
[134.]
[134.1]
[134.2]
[134.3]
[134.4]
[134.5]
[134.6]
[134.7]
[134.8]
[134.9]
[135.]
[135.1]
[135.2]
[135.3]
[135.4]
[135.5]
[135.6]
[135.7]
[135.8]
[135.9]
[136.]
[136.1]
[136.2]
[136.3]
[136.4]
[136.5]
[136.6]
[136.7]
[136.8]
[136.9]
[137.]
[137.1]
[137.2]
[137.3]
[137.4]
[137.5]
[137.6]
[137.7]
[137.8]
[137.9]
[138.]
[138.1]
[138.2]
[138.3]
[138.4]
[138.5]
[138.6]
[138.7]
[138.8]
[138.9]
[139.]
[139.1]
[139.2]
[139.3]
[139.4]
[139.5]
[139.6]
[139.7]
[139.8]
[139.9]
[140.]
[140.1]
[140.2]
[140.3]
[140.4]
[140.5]
[140.6]
[140.7]
[140.8]
[140.9]
[141.]
[141.1]
[141.2]
[141.3]
[141.4]
[141.5]
[141.6]
[141.7]
[141.8]
[141.9]
[142.]
[142.1]
[142.2]
[142.3]
[142.4]
[142.5]
[142.6]
[142.7]
[142.8]
[142.9]
[143.]
[143.1]
[143.2]
[143.3]
[143.4]
[143.5]
[143.6]
[143.7]
[143.8]
[143.9]
[144.]
[144.1]
[144.2]
[144.3]
[144.4]
[144.5]
[144.6]
[144.7]
[144.8]
[144.9]
[145.]
[145.1]
[145.2]
[145.3]
[145.4]
[145.5]
[145.6]
[145.7]
[145.8]
[145.9]
[146.]
[146.1]
[146.2]
[146.3]
[146.4]
[146.5]
[146.6]
[146.7]
[146.8]
[146.9]
[147.]
[147.1]
[147.2]
[147.3]
[147.4]
[147.5]
[147.6]
[147.7]
[147.8]
[147.9]
[148.]
[148.1]
[148.2]
[148.3]
[148.4]
[148.5]
[148.6]
[148.7]
[148.8]
[148.9]
[149.]
[149.1]
[149.2]
[149.3]
[149.4]
[149.5]
[149.6]
[149.7]
[149.8]
[149.9]
[150.]
[150.1]
[150.2]
[150.3]
[150.4]
[150.5]
[150.6]
[150.7]
[150.8]
[150.9]
[151.]
[151.1]
[151.2]
[151.3]
[151.4]
[151.5]
[151.6]
[151.7]
[151.8]
[151.9]
[152.]
[152.1]
[152.2]
[152.3]
[152.4]
[152.5]
[152.6]
[152.7]
[152.8]
[152.9]
[153.]
[153.1]
[153.2]
[153.3]
[153.4]
[153.5]
[153.6]
[153.7]
[153.8]
[153.9]
[154.]
[154.1]
[154.2]
[154.3]
[154.4]
[154.5]
[154.6]
[154.7]
[154.8]
[154.9]
[155.]
[155.1]
[155.2]
[155.3]
[155.4]
[155.5]
[155.6]
[155.7]
[155.8]
[155.9]
[156.]
[156.1]
[156.2]
[156.3]
[156.4]
[156.5]
[156.6]
[156.7]
[156.8]
[156.9]
[157.]
[157.1]
[157.2]
[157.3]
[157.4]
[157.5]
[157.6]
[157.7]
[157.8]
[157.9]
[158.]
[158.1]
[158.2]
[158.3]
[158.4]
[158.5]
[158.6]
[158.7]
[158.8]
[158.9]
[159.]
[159.1]
[159.2]
[159.3]
[159.4]
[159.5]
[159.6]
[159.7]
[159.8]
[159.9]
[160.]
[160.1]
[160.2]
[160.3]
[160.4]
[160.5]
[160.6]
[160.7]
[160.8]
[160.9]
[161.]
[161.1]
[161.2]
[161.3]
[161.4]
[161.5]
[161.6]
[161.7]
[161.8]
[161.9]
[162.]
[162.1]
[162.2]
[162.3]
[162.4]
[162.5]
[162.6]
[162.7]
[162.8]
[162.9]
[163.]
[163.1]
[163.2]
[163.3]
[163.4]
[163.5]
[163.6]
[163.7]
[163.8]
[163.9]
[164.]
[164.1]
[164.2]
[164.3]
[164.4]
[164.5]
[164.6]
[164.7]
[164.8]
[164.9]
[165.]
[165.1]
[165.2]
[165.3]
[165.4]
[165.5]
[165.6]
[165.7]
[165.8]
[165.9]
[166.]
[166.1]
[166.2]
[166.3]
[166.4]
[166.5]
[166.6]
[166.7]
[166.8]
[166.9]
[167.]
[167.1]
[167.2]
[167.3]
[167.4]
[167.5]
[167.6]
[167.7]
[167.8]
[167.9]
[168.]
[168.1]
[168.2]
[168.3]
[168.4]
[168.5]
[168.6]
[168.7]
[168.8]
[168.9]
[169.]
[169.1]
[169.2]
[169.3]
[169.4]
[169.5]
[169.6]
[169.7]
[169.8]
[169.9]
[170.]
[170.1]
[170.2]
[170.3]
[170.4]
[170.5]
[170.6]
[170.7]
[170.8]
[170.9]
[171.]
[171.1]
[171.2]
[171.3]
[171.4]
[171.5]
[171.6]
[171.7]
[171.8]
[171.9]
[172.]
[172.1]
[172.2]
[172.3]
[172.4]
[172.5]
[172.6]
[172.7]
[172.8]
[172.9]
[173.]
[173.1]
[173.2]
[173.3]
[173.4]
[173.5]
[173.6]
[173.7]
[173.8]
[173.9]
[174.]
[174.1]
[174.2]
[174.3]
[174.4]
[174.5]
[174.6]
[174.7]
[174.8]
[174.9]
[175.]
[175.1]
[175.2]
[175.3]
[175.4]
[175.5]
[175.6]
[175.7]
[175.8]
[175.9]
[176.]
[176.1]
[176.2]
[176.3]
[176.4]
[176.5]
[176.6]
[176.7]
[176.8]
[176.9]
[177.]
[177.1]
[177.2]
[177.3]
[177.4]
[177.5]
[177.6]
[177.7]
[177.8]
[177.9]
[178.]
[178.1]
[178.2]
[178.3]
[178.4]
[178.5]
[178.6]
[178.7]
[178.8]
[178.9]
[179.]
[179.1]
[179.2]
[179.3]
[179.4]
[179.5]
[179.6]
[179.7]
[179.8]
[179.9]
[180.]
[180.1]
[180.2]
[180.3]
[180.4]
[180.5]
[180.6]
[180.7]
[180.8]
[180.9]
[181.]
[181.1]
[181.2]
[181.3]
[181.4]
[181.5]
[181.6]
[181.7]
[181.8]
[181.9]
[182.]
[182.1]
[182.2]
[182.3]
[182.4]
[182.5]
[182.6]
[182.7]
[182.8]
[182.9]
[183.]
[183.1]
[183.2]
[183.3]
[183.4]
[183.5]
[183.6]
[183.7]
[183.8]
[183.9]
[184.]
[184.1]
[184.2]
[184.3]
[184.4]
[184.5]
[184.6]
[184.7]
[184.8]
[184.9]
[185.]
[185.1]
[185.2]
[185.3]
[185.4]
[185.5]
[185.6]
[185.7]
[185.8]
[185.9]
[186.]
-0.000663
0.016708
0.034081
0.051457
0.068834
0.086213
0.103594
0.120977
0.138362
0.155748
0.173137
0.190527
0.207919
0.225312
0.242708
0.260105
0.277504
0.294904
0.312306
0.32971
0.347115
0.364522
0.381931
0.39934
0.416752
0.434165
0.451579
0.468995
0.486413
0.503831
0.521251
0.538673
0.556096
0.57352
0.590945
0.608372
0.6258
0.64323
0.66066
0.678092
0.695525
0.712959
0.730395
0.747831
0.765269
0.782707
0.800147
0.817588
0.83503
0.852473
0.869917
0.887362
0.904808
0.922255
0.939703
0.957152
0.974602
0.992052
1.009504
1.026956
1.04441
1.061864
1.079319
1.096774
1.114231
1.131688
1.149146
1.166605
1.184065
1.201525
1.218986
1.236447
1.25391
1.271373
1.288836
1.3063
1.323765
1.34123
1.358696
1.376163
1.39363
1.411097
1.428565
1.446034
1.463503
1.480972
1.498442
1.515913
1.533384
1.550855
1.568327
1.585799
1.603271
1.620744
1.638217
1.65569
1.673164
1.690638
1.708113
1.725587
1.743062
1.760537
1.778013
1.795488
1.812964
1.83044
1.847917
1.865393
1.88287
1.900347
1.917824
1.935301
1.952778
1.970255
1.987733
2.00521
2.022688
2.040165
2.057643
2.075121
2.092599
2.110076
2.127554
2.145032
2.16251
2.179988
2.197465
2.214943
2.232421
2.249898
2.267376
2.284853
2.302331
2.319808
2.337285
2.354762
2.372239
2.389716
2.407192
2.424669
2.442145
2.459621
2.477097
2.494573
2.512048
2.529524
2.546999
2.564474
2.581948
2.599422
2.616897
2.63437
2.651844
2.669317
2.68679
2.704263
2.721735
2.739207
2.756679
2.77415
2.791621
2.809092
2.826562
2.844032
2.861502
2.878971
2.89644
2.913908
2.931376
2.948844
2.966311
2.983778
3.001244
3.01871
3.036176
3.053641
3.071105
3.088569
3.106033
3.123496
3.140959
3.158421
3.175883
3.193344
3.210804
3.228265
3.245724
3.263183
3.280642
3.2981
3.315557
3.333014
3.350471
3.367927
3.385382
3.402837
3.420291
3.437744
3.455197
3.472649
3.490101
3.507552
3.525003
3.542453
3.559902
3.577351
3.594799
3.612246
3.629693
3.647139
3.664585
3.68203
3.699474
3.716917
3.73436
3.751802
3.769244
3.786685
3.804125
3.821564
3.839003
3.856441
3.873879
3.891315
3.908752
3.926187
3.943621
3.961055
3.978488
3.995921
4.013353
4.030784
4.048214
4.065643
4.083072
4.1005
4.117928
4.135354
4.15278
4.170205
4.187629
4.205053
4.222476
4.239898
4.257319
4.27474
4.292159
4.309578
4.326996
4.344414
4.361831
4.379246
4.396661
4.414076
4.431489
4.448902
4.466314
4.483725
4.501135
4.518545
4.535954
4.553362
4.570769
4.588175
4.60558
4.622985
4.640389
4.657792
4.675194
4.692596
4.709997
4.727396
4.744795
4.762194
4.779591
4.796988
4.814383
4.831778
4.849172
4.866566
4.883958
4.90135
4.918741
4.936131
4.95352
4.970908
4.988296
5.005682
5.023068
5.040453
5.057837
5.075221
5.092603
5.109985
5.127366
5.144746
5.162125
5.179503
5.196881
5.214258
5.231634
5.249009
5.266383
5.283756
5.301129
5.3185
5.335871
5.353241
5.370611
5.387979
5.405347
5.422713
5.440079
5.457444
5.474809
5.492172
5.509535
5.526896
5.544257
5.561618
5.578977
5.596335
5.613693
5.63105
5.648406
5.665761
5.683116
5.700469
5.717822
5.735174
5.752525
5.769875
5.787225
5.804574
5.821922
5.839269
5.856615
5.87396
5.891305
5.908649
5.925992
5.943334
5.960676
5.978017
5.995357
6.012696
6.030034
6.047371
6.064708
6.082044
6.099379
6.116714
6.134047
6.15138
6.168712
6.186044
6.203374
6.220704
6.238033
6.255361
6.272689
6.290015
6.307341
6.324666
6.341991
6.359315
6.376637
6.39396
6.411281
6.428602
6.445922
6.463241
6.480559
6.497877
6.515194
6.53251
6.549826
6.567141
6.584455
6.601768
6.619081
6.636393
6.653704
6.671015
6.688324
6.705634
6.722942
6.74025
6.757557
6.774863
6.792169
6.809474
6.826778
6.844082
6.861385
6.878687
6.895988
6.913289
6.930589
6.947889
6.965188
6.982486
6.999784
7.017081
7.034377
7.051673
7.068968
7.086262
7.103556
7.120849
7.138141
7.155433
7.172725
7.190015
7.207305
7.224595
7.241883
7.259172
7.276459
7.293746
7.311032
7.328318
7.345603
7.362888
7.380172
7.397456
7.414738
7.432021
7.449302
7.466584
7.483864
7.501144
7.518424
7.535703
7.552981
7.570259
7.587536
7.604813
7.622089
7.639365
7.65664
7.673915
7.691189
7.708463
7.725736
7.743009
7.760281
7.777552
7.794823
7.812094
7.829364
7.846634
7.863903
7.881172
7.89844
7.915708
7.932975
7.950242
7.967508
7.984774
8.00204
8.019305
8.03657
8.053834
8.071097
8.088361
8.105624
8.122886
8.140148
8.15741
8.174671
8.191932
8.209192
8.226452
8.243712
8.260971
8.27823
8.295489
8.312747
8.330004
8.347262
8.364519
8.381775
8.399032
8.416288
8.433543
8.450798
8.468053
8.485308
8.502562
8.519816
8.537069
8.554323
8.571576
8.588828
8.606081
8.623333
8.640584
8.657836
8.675087
8.692338
8.709588
8.726839
8.744089
8.761338
8.778588
8.795837
8.813086
8.830335
8.847583
8.864831
8.882079
8.899327
8.916574
8.933822
8.951069
8.968316
8.985562
9.002809
9.020055
9.037301
9.054546
9.071792
9.089037
9.106283
9.123528
9.140773
9.158017
9.175262
9.192506
9.20975
9.226994
9.244238
9.261482
9.278725
9.295969
9.313212
9.330455
9.347698
9.364941
9.382184
9.399427
9.416669
9.433912
9.451154
9.468396
9.485638
9.50288
9.520122
9.537364
9.554606
9.571848
9.589089
9.606331
9.623573
9.640814
9.658055
9.675297
9.692538
9.709779
9.727021
9.744262
9.761503
9.778744
9.795985
9.813226
9.830467
9.847708
9.864949
9.882191
9.899432
9.916673
9.933914
9.951155
9.968396
9.985637
10.002878
10.020119
10.037361
10.054602
10.071843
10.089084
10.106326
10.123567
10.140809
10.15805
10.175292
10.192534
10.209775
10.227017
10.244259
10.261501
10.278743
10.295985
10.313228
10.33047
10.347712
10.364955
10.382198
10.39944
10.416683
10.433926
10.451169
10.468413
10.485656
10.5029
10.520143
10.537387
10.554631
10.571875
10.589119
10.606364
10.623608
10.640853
10.658098
10.675343
10.692588
10.709834
10.727079
10.744325
10.761571
10.778817
10.796063
10.81331
10.830557
10.847804
10.865051
10.882298
10.899546
10.916793
10.934041
10.95129
10.968538
10.985787
11.003036
11.020285
11.037534
11.054784
11.072034
11.089284
11.106534
11.123785
11.141036
11.158287
11.175538
11.19279
11.210042
11.227294
11.244547
11.261799
11.279052
11.296306
11.313559
11.330813
11.348068
11.365322
11.382577
11.399832
11.417087
11.434343
11.451599
11.468855
11.486112
11.503369
11.520626
11.537884
11.555142
11.5724
11.589659
11.606918
11.624177
11.641437
11.658696
11.675957
11.693217
11.710478
11.72774
11.745001
11.762263
11.779526
11.796789
11.814052
11.831315
11.848579
11.865843
11.883108
11.900373
11.917638
11.934904
11.95217
11.969436
11.986703
12.003971
12.021238
12.038506
12.055775
12.073044
12.090313
12.107582
12.124852
12.142123
12.159394
12.176665
12.193937
12.211209
12.228481
12.245754
12.263027
12.280301
12.297575
12.31485
12.332125
12.3494
12.366676
12.383952
12.401229
12.418506
12.435783
12.453061
12.47034
12.487618
12.504898
12.522177
12.539458
12.556738
12.574019
12.591301
12.608583
12.625865
12.643148
12.660431
12.677715
12.694999
12.712283
12.729569
12.746854
12.76414
12.781426
12.798713
12.816001
12.833288
12.850577
12.867865
12.885155
12.902444
12.919734
12.937025
12.954316
12.971607
12.988899
13.006192
13.023485
13.040778
13.058072
13.075366
13.092661
13.109956
13.127252
13.144548
13.161844
13.179141
13.196439
13.213737
13.231036
13.248334
13.265634
13.282934
13.300234
13.317535
13.334836
13.352138
13.36944
13.386743
13.404046
13.42135
13.438654
13.455959
13.473264
13.49057
13.507876
13.525182
13.542489
13.559796
13.577104
13.594413
13.611722
13.629031
13.646341
13.663651
13.680962
13.698273
13.715584
13.732897
13.750209
13.767522
13.784836
13.80215
13.819464
13.836779
13.854094
13.87141
13.888726
13.906043
13.92336
13.940678
13.957996
13.975314
13.992633
14.009953
14.027273
14.044593
14.061914
14.079235
14.096557
14.113879
14.131201
14.148524
14.165848
14.183171
14.200496
14.21782
14.235145
14.252471
14.269797
14.287123
14.30445
14.321778
14.339105
14.356433
14.373762
14.391091
14.40842
14.42575
14.44308
14.460411
14.477742
14.495073
14.512405
14.529737
14.54707
14.564403
14.581736
14.59907
14.616404
14.633739
14.651074
14.668409
14.685745
14.703081
14.720417
14.737754
14.755091
14.772429
14.789766
14.807105
14.824443
14.841782
14.859122
14.876461
14.893801
14.911142
14.928482
14.945823
14.963165
14.980506
14.997848
15.015191
15.032534
15.049877
15.06722
15.084563
15.101907
15.119252
15.136596
15.153941
15.171286
15.188631
15.205977
15.223323
15.240669
15.258016
15.275363
15.29271
15.310057
15.327405
15.344753
15.362101
15.379449
15.396798
15.414147
15.431496
15.448845
15.466195
15.483544
15.500894
15.518245
15.535595
15.552946
15.570296
15.587647
15.604999
15.62235
15.639702
15.657054
15.674405
15.691758
15.70911
15.726462
15.743815
15.761168
15.778521
15.795874
15.813227
15.83058
15.847934
15.865287
15.882641
15.899995
15.917349
15.934703
15.952057
15.969411
15.986766
16.00412
16.021474
16.038829
16.056184
16.073538
16.090893
16.108248
16.125603
16.142958
16.160312
16.177667
16.195022
16.212377
16.229732
16.247087
16.264442
16.281797
16.299152
16.316507
16.333862
16.351217
16.368572
16.385927
16.403281
16.420636
16.437991
16.455345
16.4727
16.490054
16.507408
16.524763
16.542117
16.559471
16.576825
16.594178
16.611532
16.628886
16.646239
16.663592
16.680945
16.698298
16.715651
16.733003
16.750356
16.767708
16.78506
16.802412
16.819763
16.837115
16.854466
16.871817
16.889167
16.906518
16.923868
16.941218
16.958568
16.975917
16.993266
17.010615
17.027963
17.045311
17.062659
17.080007
17.097354
17.114701
17.132047
17.149393
17.166739
17.184085
17.20143
17.218774
17.236119
17.253462
17.270806
17.288149
17.305491
17.322834
17.340175
17.357517
17.374857
17.392198
17.409538
17.426877
17.444216
17.461554
17.478892
17.496229
17.513566
17.530902
17.548238
17.565573
17.582908
17.600242
17.617575
17.634908
17.65224
17.669572
17.686903
17.704233
17.721563
17.738892
17.75622
17.773548
17.790875
17.808202
17.825527
17.842852
17.860177
17.8775
17.894823
17.912145
17.929466
17.946787
17.964107
17.981426
17.998744
18.016061
18.033378
18.050693
18.068008
18.085322
18.102636
18.119948
18.13726
18.15457
18.17188
18.189189
18.206496
18.223803
18.241109
18.258414
18.275719
18.293022
18.310324
18.327625
18.344925
18.362224
18.379522
18.39682
18.414116
18.431411
18.448705
18.465997
18.483289
18.50058
18.517869
18.535158
18.552445
18.569731
18.587016
18.6043
18.621583
18.638864
18.656144
18.673423
18.690701
18.707978
18.725253
18.742527
18.7598
18.777071
18.794342
18.811611
18.828878
18.846144
18.863409
18.880673
18.897935
18.915196
18.932455
18.949713
18.96697
18.984225
19.001479
19.018731
19.035982
19.053231
19.070479
19.087725
19.10497
19.122213
19.139455
19.156695
19.173934
19.191171
19.208406
19.22564
19.242872
19.260103
19.277332
19.294559
19.311785
19.329009
19.346231
19.363452
19.38067
19.397888
19.415103
19.432316
19.449528
19.466738
19.483946
19.501153
19.518357
19.53556
19.552761
19.56996
19.587157
19.604352
19.621545
19.638737
19.655926
19.673114
19.690299
19.707483
19.724664
19.741844
19.759021
19.776197
19.79337
19.810541
19.827711
19.844878
19.862043
19.879206
19.896366
19.913525
19.930681
19.947836
19.964988
19.982138
19.999285
20.016431
20.033574
20.050715
20.067853
20.08499
20.102124
20.119255
20.136384
20.153511
20.170636
20.187758
20.204878
20.221995
20.23911
20.256223
20.273333
20.29044
20.307545
20.324648
20.341748
20.358845
20.37594
20.393032
20.410122
20.427209
20.444293
20.461375
20.478454
20.495531
20.512605
20.529676
20.546744
20.56381
20.580873
20.597933
20.61499
20.632045
20.649097
20.666146
20.683192
20.700235
20.717275
20.734313
20.751347
20.768379
20.785408
20.802433
20.819456
20.836476
20.853493
20.870506
20.887517
20.904525
20.921529
20.938531
20.955529
20.972524
20.989516
21.006505
21.023491
21.040473
21.057453
21.074429
21.091401
21.108371
21.125337
21.1423
21.15926
21.176216
21.193169
21.210119
21.227065
21.244008
21.260947
21.277883
21.294816
21.311745
21.32867
21.345592
21.362511
21.379426
21.396337
21.413245
21.430149
21.44705
21.463947
21.48084
21.49773
21.514616
21.531498
21.548377
21.565251
21.582122
21.59899
21.615853
21.632713
21.649568
21.66642
21.683269
21.700113
21.716953
21.733789
21.750622
21.76745
21.784275
21.801095
21.817912
21.834724
21.851532
21.868337
21.885137
21.901933
21.918725
21.935512
21.952296
21.969075
21.985851
22.002622
22.019388
22.036151
22.052909
22.069663
22.086412
22.103158
22.119899
22.136635
22.153367
22.170095
22.186818
22.203537
22.220251
22.236961
22.253666
22.270367
22.287063
22.303754
22.320441
22.337124
22.353801
22.370474
22.387143
22.403806
22.420465
22.43712
22.453769
22.470414
22.487054
22.503689
22.520319
22.536944
22.553565
22.570181
22.586791
22.603397
22.619998
22.636594
22.653185
22.66977
22.686351
22.702927
22.719497
22.736063
22.752623
22.769179
22.785729
22.802274
22.818813
22.835348
22.851877
22.868401
22.88492
22.901433
22.917941
22.934444
22.950941
22.967433
22.98392
23.000401
23.016876
23.033347
23.049811
23.06627
23.082724
23.099172
23.115614
23.132051
23.148482
23.164908
23.181328
23.197742
23.214151
23.230553
23.24695
23.263342
23.279727
23.296107
23.312481
23.328848
23.345211
23.361567
23.377917
23.394261
23.410599
23.426932
23.443258
23.459578
23.475892
23.492201
23.508503
23.524798
23.541088
23.557372
23.573649
23.58992
23.606185
23.622444
23.638696
23.654943
23.671182
23.687416
23.703643
23.719864
23.736078
23.752286
23.768487
23.784682
23.80087
23.817052
23.833228
23.849396
23.865559
23.881714
23.897863
23.914005
23.930141
23.94627
23.962392
23.978507
23.994616
24.010718
24.026813
24.042901
24.058982
24.075057
24.091124
24.107185
24.123239
24.139285
24.155325
24.171358
24.187383
24.203402
24.219413
24.235417
24.251415
24.267405
24.283387
24.299363
24.315331
24.331293
24.347246
24.363193
24.379132
24.395064
24.410989
24.426906
24.442816
24.458718
24.474613
24.4905
24.50638
24.522252
24.538117
24.553974
24.569823
24.585665
24.601499
24.617326
24.633145
24.648956
24.664759
24.680555
24.696343
24.712123
24.727895
24.743659
24.759416
24.775164
24.790905
24.806637
24.822362
24.838079
24.853787
24.869488
24.88518
24.900864
24.916541
24.932209
24.947869
24.96352
24.979164
24.994799
25.010426
25.026044
25.041655
25.057257
25.07285
25.088436
25.104012
25.119581
25.135141
25.150692
25.166235
25.181769
25.197295
25.212812
25.228321
25.243821
25.259312
25.274794
25.290268
25.305733
25.32119
25.336637
25.352076
25.367506
25.382927
25.39834
25.413743
25.429137
25.444523
25.459899
25.475267
25.490625
25.505974
25.521315
25.536646
25.551968
25.567281
25.582585
25.597879
25.613165
25.628441
25.643707
25.658965
25.674213
25.689452
25.704681
25.719901
25.735112
25.750313
25.765505
25.780687
25.79586
25.811023
25.826177
25.841321
25.856455
25.87158
25.886695
25.9018
25.916896
25.931981
25.947058
25.962124
25.97718
25.992227
26.007264
26.022291
26.037308
26.052315
26.067312
26.082299
26.097276
26.112243
26.127199
26.142146
26.157083
26.172009
26.186926
26.201832
26.216728
26.231614
26.246489
26.261354
26.276209
26.291053
26.305887
26.320711
26.335524
26.350327
26.365119
26.379901
26.394673
26.409433
26.424184
26.438923
26.453652
26.46837
26.483078
26.497775
26.512461
26.527137
26.541801
26.556455
26.571098
26.58573
26.600352
26.614962
26.629562
26.64415
26.658728
26.673294
26.68785
26.702394
26.716928
26.73145
26.745961
26.760461
26.77495
26.789428
26.803894
26.818349
26.832793
26.847225
26.861647
26.876056
26.890455
26.904842
26.919218
26.933582
26.947934
26.962276
26.976605
26.990923
27.00523
27.019525
27.033808
27.048079
27.062339
27.076587
27.090824
27.105048
27.119261
27.133462
27.147652
27.161829
27.175994
27.190148
27.20429
27.218419
27.232537
27.246643
27.260736
27.274818
27.288887
27.302944
27.31699
27.331023
27.345043
27.359052
27.373048
27.387032
27.401004
27.414964
27.428911
27.442846
27.456768
27.470678
27.484575
27.49846
27.512333
27.526193
27.54004
27.553875
27.567697
27.581507
27.595304
27.609088
27.62286
27.636619
27.650365
27.664098
27.677819
27.691527
27.705222
27.718904
27.732573
27.746229
27.759872
27.773503
27.78712
27.800724
27.814315
27.827894
27.841459
27.855011
27.868549
27.882075
27.895587
27.909086
27.922572
27.936045
27.949504
27.96295
27.976383
27.989802
28.003208
28.016601
28.02998
28.043345
28.056697
28.070036
28.083361
28.096672
28.10997
28.123254
28.136525
28.149782
28.163025
28.176254
28.18947
28.202672
28.21586
28.229034
28.242195
28.255341
28.268474
28.281593
28.294698
28.307788
28.320865
28.333928
28.346977
28.360012
28.373032
28.386039
28.399031
28.41201
28.424974
28.437923
28.450859
28.46378
28.476687
28.48958
28.502458
28.515322
28.528172
28.541007
28.553828
28.566635
28.579426
28.592204
28.604967
28.617715
28.630449
28.643168
28.655872
28.668562
28.681237
28.693898
28.706543
28.719174
28.731791
28.744392
28.756979
28.76955
28.782107
28.794649
28.807176
28.819688
28.832186
28.844668
28.857135
28.869587
28.882024
28.894446
28.906853
28.919245
28.931622
28.943983
28.95633
28.968661
28.980976
28.993277
29.005562
29.017832
29.030087
29.042326
29.05455
29.066758
29.078951
29.091129
29.103291
29.115438
29.127569
29.139684
29.151784
29.163869
29.175937
29.187991
29.200028
29.21205
29.224056
29.236046
29.248021
29.25998
29.271923
29.28385
29.295761
29.307656
29.319536
29.3314
29.343247
29.355079
29.366895
29.378695
29.390479
29.402246
29.413998
29.425733
29.437453
29.449156
29.460843
29.472514
29.484169
29.495808
29.50743
29.519036
29.530626
29.542199
29.553756
29.565297
29.576821
29.588329
29.599821
29.611296
29.622754
29.634196
29.645622
29.657031
29.668423
29.679799
29.691159
29.702501
29.713827
29.725137
29.73643
29.747706
29.758965
29.770207
29.781433
29.792642
29.803834
29.81501
29.826168
29.83731
29.848435
29.859542
29.870633
29.881707
29.892764
29.903804
29.914827
29.925833
29.936822
29.947793
29.958748
29.969686
29.980606
29.991509
30.002395
30.013264
30.024116
30.03495
30.045767
30.056567
30.067349
30.078115
30.088862
30.099593
30.110306
30.121002
30.13168
30.142341
30.152984
30.16361
30.174218
30.184809
30.195382
30.205938
30.216476
30.226997
30.237499
30.247985
30.258452
30.268902
30.279335
30.289749
30.300146
30.310525
30.320886
30.33123
30.341555
30.351863
30.362153
