[0.]
[0.01]
[0.02]
[0.03]
[0.04]
[0.05]
[0.06]
[0.07]
[0.08]
[0.09]
[0.1]
[0.11]
[0.12]
[0.13]
[0.14]
[0.15]
[0.16]
[0.17]
[0.18]
[0.19]
[0.2]
[0.21]
[0.22]
[0.23]
[0.24]
[0.25]
[0.26]
[0.27]
[0.28]
[0.29]
[0.3]
[0.31]
[0.32]
[0.33]
[0.34]
[0.35]
[0.36]
[0.37]
[0.38]
[0.39]
[0.4]
[0.41]
[0.42]
[0.43]
[0.44]
[0.45]
[0.46]
[0.47]
[0.48]
[0.49]
[0.5]
[0.51]
[0.52]
[0.53]
[0.54]
[0.55]
[0.56]
[0.57]
[0.58]
[0.59]
[0.6]
[0.61]
[0.62]
[0.63]
[0.64]
[0.65]
[0.66]
[0.67]
[0.68]
[0.69]
[0.7]
[0.71]
[0.72]
[0.73]
[0.74]
[0.75]
[0.76]
[0.77]
[0.78]
[0.79]
[0.8]
[0.81]
[0.82]
[0.83]
[0.84]
[0.85]
[0.86]
[0.87]
[0.88]
[0.89]
[0.9]
[0.91]
[0.92]
[0.93]
[0.94]
[0.95]
[0.96]
[0.97]
[0.98]
[0.99]
[1.]
[1.01]
[1.02]
[1.03]
[1.04]
[1.05]
[1.06]
[1.07]
[1.08]
[1.09]
[1.1]
[1.11]
[1.12]
[1.13]
[1.14]
[1.15]
[1.16]
[1.17]
[1.18]
[1.19]
[1.2]
[1.21]
[1.22]
[1.23]
[1.24]
[1.25]
[1.26]
[1.27]
[1.28]
[1.29]
[1.3]
[1.31]
[1.32]
[1.33]
[1.34]
[1.35]
[1.36]
[1.37]
[1.38]
[1.39]
[1.4]
[1.41]
[1.42]
[1.43]
[1.44]
[1.45]
[1.46]
[1.47]
[1.48]
[1.49]
[1.5]
[1.51]
[1.52]
[1.53]
[1.54]
[1.55]
[1.56]
[1.57]
[1.58]
[1.59]
[1.6]
[1.61]
[1.62]
[1.63]
[1.64]
[1.65]
[1.66]
[1.67]
[1.68]
[1.69]
[1.7]
[1.71]
[1.72]
[1.73]
[1.74]
[1.75]
[1.76]
[1.77]
[1.78]
[1.79]
[1.8]
[1.81]
[1.82]
[1.83]
[1.84]
[1.85]
[1.86]
[1.87]
[1.88]
[1.89]
[1.9]
[1.91]
[1.92]
[1.93]
[1.94]
[1.95]
[1.96]
[1.97]
[1.98]
[1.99]
[2.]
[2.01]
[2.02]
[2.03]
[2.04]
[2.05]
[2.06]
[2.07]
[2.08]
[2.09]
[2.1]
[2.11]
[2.12]
[2.13]
[2.14]
[2.15]
[2.16]
[2.17]
[2.18]
[2.19]
[2.2]
[2.21]
[2.22]
[2.23]
[2.24]
[2.25]
[2.26]
[2.27]
[2.28]
[2.29]
[2.3]
[2.31]
[2.32]
[2.33]
[2.34]
[2.35]
[2.36]
[2.37]
[2.38]
[2.39]
[2.4]
[2.41]
[2.42]
[2.43]
[2.44]
[2.45]
[2.46]
[2.47]
[2.48]
[2.49]
[2.5]
[2.51]
[2.52]
[2.53]
[2.54]
[2.55]
[2.56]
[2.57]
[2.58]
[2.59]
[2.6]
[2.61]
[2.62]
[2.63]
[2.64]
[2.65]
[2.66]
[2.67]
[2.68]
[2.69]
[2.7]
[2.71]
[2.72]
[2.73]
[2.74]
[2.75]
[2.76]
[2.77]
[2.78]
[2.79]
[2.8]
[2.81]
[2.82]
[2.83]
[2.84]
[2.85]
[2.86]
[2.87]
[2.88]
[2.89]
[2.9]
[2.91]
[2.92]
[2.93]
[2.94]
[2.95]
[2.96]
[2.97]
[2.98]
[2.99]
[3.]
[3.01]
[3.02]
[3.03]
[3.04]
[3.05]
[3.06]
[3.07]
[3.08]
[3.09]
[3.1]
[3.11]
[3.12]
[3.13]
[3.14]
[3.15]
[3.16]
[3.17]
[3.18]
[3.19]
[3.2]
[3.21]
[3.22]
[3.23]
[3.24]
[3.25]
[3.26]
[3.27]
[3.28]
[3.29]
[3.3]
[3.31]
[3.32]
[3.33]
[3.34]
[3.35]
[3.36]
[3.37]
[3.38]
[3.39]
[3.4]
[3.41]
[3.42]
[3.43]
[3.44]
[3.45]
[3.46]
[3.47]
[3.48]
[3.49]
[3.5]
[3.51]
[3.52]
[3.53]
[3.54]
[3.55]
[3.56]
[3.57]
[3.58]
[3.59]
[3.6]
[3.61]
[3.62]
[3.63]
[3.64]
[3.65]
[3.66]
[3.67]
[3.68]
[3.69]
[3.7]
[3.71]
[3.72]
[3.73]
[3.74]
[3.75]
[3.76]
[3.77]
[3.78]
[3.79]
[3.8]
[3.81]
[3.82]
[3.83]
[3.84]
[3.85]
[3.86]
[3.87]
[3.88]
[3.89]
[3.9]
[3.91]
[3.92]
[3.93]
[3.94]
[3.95]
[3.96]
[3.97]
[3.98]
[3.99]
[4.]
[4.01]
[4.02]
[4.03]
[4.04]
[4.05]
[4.06]
[4.07]
[4.08]
[4.09]
[4.1]
[4.11]
[4.12]
[4.13]
[4.14]
[4.15]
[4.16]
[4.17]
[4.18]
[4.19]
[4.2]
[4.21]
[4.22]
[4.23]
[4.24]
[4.25]
[4.26]
[4.27]
[4.28]
[4.29]
[4.3]
[4.31]
[4.32]
[4.33]
[4.34]
[4.35]
[4.36]
[4.37]
[4.38]
[4.39]
[4.4]
[4.41]
[4.42]
[4.43]
[4.44]
[4.45]
[4.46]
[4.47]
[4.48]
[4.49]
[4.5]
[4.51]
[4.52]
[4.53]
[4.54]
[4.55]
[4.56]
[4.57]
[4.58]
[4.59]
[4.6]
[4.61]
[4.62]
[4.63]
[4.64]
[4.65]
[4.66]
[4.67]
[4.68]
[4.69]
[4.7]
[4.71]
[4.72]
[4.73]
[4.74]
[4.75]
[4.76]
[4.77]
[4.78]
[4.79]
[4.8]
[4.81]
[4.82]
[4.83]
[4.84]
[4.85]
[4.86]
[4.87]
[4.88]
[4.89]
[4.9]
[4.91]
[4.92]
[4.93]
[4.94]
[4.95]
[4.96]
[4.97]
[4.98]
[4.99]
[5.]
[5.01]
[5.02]
[5.03]
[5.04]
[5.05]
[5.06]
[5.07]
[5.08]
[5.09]
[5.1]
[5.11]
[5.12]
[5.13]
[5.14]
[5.15]
[5.16]
[5.17]
[5.18]
[5.19]
[5.2]
[5.21]
[5.22]
[5.23]
[5.24]
[5.25]
[5.26]
[5.27]
[5.28]
[5.29]
[5.3]
[5.31]
[5.32]
[5.33]
[5.34]
[5.35]
[5.36]
[5.37]
[5.38]
[5.39]
[5.4]
[5.41]
[5.42]
[5.43]
[5.44]
[5.45]
[5.46]
[5.47]
[5.48]
[5.49]
[5.5]
[5.51]
[5.52]
[5.53]
[5.54]
[5.55]
[5.56]
[5.57]
[5.58]
[5.59]
[5.6]
[5.61]
[5.62]
[5.63]
[5.64]
[5.65]
[5.66]
[5.67]
[5.68]
[5.69]
[5.7]
[5.71]
[5.72]
[5.73]
[5.74]
[5.75]
[5.76]
[5.77]
[5.78]
[5.79]
[5.8]
[5.81]
[5.82]
[5.83]
[5.84]
[5.85]
[5.86]
[5.87]
[5.88]
[5.89]
[5.9]
[5.91]
[5.92]
[5.93]
[5.94]
[5.95]
[5.96]
[5.97]
[5.98]
[5.99]
[6.]
[6.01]
[6.02]
[6.03]
[6.04]
[6.05]
[6.06]
[6.07]
[6.08]
[6.09]
[6.1]
[6.11]
[6.12]
[6.13]
[6.14]
[6.15]
[6.16]
[6.17]
[6.18]
[6.19]
[6.2]
[6.21]
[6.22]
[6.23]
[6.24]
[6.25]
[6.26]
[6.27]
[6.28]
[6.29]
[6.3]
[6.31]
[6.32]
[6.33]
[6.34]
[6.35]
[6.36]
[6.37]
[6.38]
[6.39]
[6.4]
[6.41]
[6.42]
[6.43]
[6.44]
[6.45]
[6.46]
[6.47]
[6.48]
[6.49]
[6.5]
[6.51]
[6.52]
[6.53]
[6.54]
[6.55]
[6.56]
[6.57]
[6.58]
[6.59]
[6.6]
[6.61]
[6.62]
[6.63]
[6.64]
[6.65]
[6.66]
[6.67]
[6.68]
[6.69]
[6.7]
[6.71]
[6.72]
[6.73]
[6.74]
[6.75]
[6.76]
[6.77]
[6.78]
[6.79]
[6.8]
[6.81]
[6.82]
[6.83]
[6.84]
[6.85]
[6.86]
[6.87]
[6.88]
[6.89]
[6.9]
[6.91]
[6.92]
[6.93]
[6.94]
[6.95]
[6.96]
[6.97]
[6.98]
[6.99]
[7.]
[7.01]
[7.02]
[7.03]
[7.04]
[7.05]
[7.06]
[7.07]
[7.08]
[7.09]
[7.1]
[7.11]
[7.12]
[7.13]
[7.14]
[7.15]
[7.16]
[7.17]
[7.18]
[7.19]
[7.2]
[7.21]
[7.22]
[7.23]
[7.24]
[7.25]
[7.26]
[7.27]
[7.28]
[7.29]
[7.3]
[7.31]
[7.32]
[7.33]
[7.34]
[7.35]
[7.36]
[7.37]
[7.38]
[7.39]
[7.4]
[7.41]
[7.42]
[7.43]
[7.44]
[7.45]
[7.46]
[7.47]
[7.48]
[7.49]
[7.5]
[7.51]
[7.52]
[7.53]
[7.54]
[7.55]
[7.56]
[7.57]
[7.58]
[7.59]
[7.6]
[7.61]
[7.62]
[7.63]
[7.64]
[7.65]
[7.66]
[7.67]
[7.68]
[7.69]
[7.7]
[7.71]
[7.72]
[7.73]
[7.74]
[7.75]
[7.76]
[7.77]
[7.78]
[7.79]
[7.8]
[7.81]
[7.82]
[7.83]
[7.84]
[7.85]
[7.86]
[7.87]
[7.88]
[7.89]
[7.9]
[7.91]
[7.92]
[7.93]
[7.94]
[7.95]
[7.96]
[7.97]
[7.98]
[7.99]
[8.]
[8.01]
[8.02]
[8.03]
[8.04]
[8.05]
[8.06]
[8.07]
[8.08]
[8.09]
[8.1]
[8.11]
[8.12]
[8.13]
[8.14]
[8.15]
[8.16]
[8.17]
[8.18]
[8.19]
[8.2]
[8.21]
[8.22]
[8.23]
[8.24]
[8.25]
[8.26]
[8.27]
[8.28]
[8.29]
[8.3]
[8.31]
[8.32]
[8.33]
[8.34]
[8.35]
[8.36]
[8.37]
[8.38]
[8.39]
[8.4]
[8.41]
[8.42]
[8.43]
[8.44]
[8.45]
[8.46]
[8.47]
[8.48]
[8.49]
[8.5]
[8.51]
[8.52]
[8.53]
[8.54]
[8.55]
[8.56]
[8.57]
[8.58]
[8.59]
[8.6]
[8.61]
[8.62]
[8.63]
[8.64]
[8.65]
[8.66]
[8.67]
[8.68]
[8.69]
[8.7]
[8.71]
[8.72]
[8.73]
[8.74]
[8.75]
[8.76]
[8.77]
[8.78]
[8.79]
9e-06
5.6e-05
0.000104
0.000151
0.000199
0.000246
0.000292
0.000339
0.000385
0.000432
0.000478
0.000523
0.000569
0.000614
0.00066
0.000705
0.00075
0.000794
0.000839
0.000883
0.000927
0.000971
0.001015
0.001059
0.001102
0.001146
0.001189
0.001232
0.001275
0.001318
0.00136
0.001403
0.001445
0.001487
0.001529
0.001571
0.001612
0.001654
0.001695
0.001737
0.001778
0.001819
0.00186
0.0019
0.001941
0.001981
0.002022
0.002062
0.002102
0.002142
0.002182
0.002222
0.002261
0.002301
0.00234
0.00238
0.002419
0.002458
0.002497
0.002536
0.002575
0.002613
0.002652
0.00269
0.002729
0.002767
0.002805
0.002843
0.002881
0.002919
0.002957
0.002994
0.003032
0.00307
0.003107
0.003144
0.003182
0.003219
0.003256
0.003293
0.00333
0.003367
0.003404
0.00344
0.003477
0.003514
0.00355
0.003587
0.003623
0.003659
0.003695
0.003732
0.003768
0.003804
0.00384
0.003876
0.003912
0.003947
0.003983
0.004019
0.004054
0.00409
0.004126
0.004161
0.004196
0.004232
0.004267
0.004302
0.004338
0.004373
0.004408
0.004443
0.004478
0.004513
0.004548
0.004583
0.004618
0.004652
0.004687
0.004722
0.004757
0.004791
0.004826
0.004861
0.004895
0.00493
0.004964
0.004999
0.005033
0.005067
0.005102
0.005136
0.00517
0.005205
0.005239
0.005273
0.005307
0.005341
0.005376
0.00541
0.005444
0.005478
0.005512
0.005546
0.00558
0.005614
0.005648
0.005682
0.005716
0.00575
0.005783
0.005817
0.005851
0.005885
0.005919
0.005953
0.005986
0.00602
0.006054
0.006088
0.006121
0.006155
0.006189
0.006222
0.006256
0.00629
0.006323
0.006357
0.006391
0.006424
0.006458
0.006492
0.006525
0.006559
0.006592
0.006626
0.006659
0.006693
0.006727
0.00676
0.006794
0.006827
0.006861
0.006894
0.006928
0.006961
0.006995
0.007029
0.007062
0.007096
0.007129
0.007163
0.007196
0.00723
0.007263
0.007297
0.00733
0.007364
0.007397
0.007431
0.007464
0.007498
0.007532
0.007565
0.007599
0.007632
0.007666
0.007699
0.007733
0.007766
0.0078
0.007833
0.007867
0.007901
0.007934
0.007968
0.008001
0.008035
0.008069
0.008102
0.008136
0.008169
0.008203
0.008237
0.00827
0.008304
0.008338
0.008371
0.008405
0.008439
0.008472
0.008506
0.00854
0.008573
0.008607
0.008641
0.008674
0.008708
0.008742
0.008776
0.008809
0.008843
0.008877
0.008911
0.008945
0.008978
0.009012
0.009046
0.00908
0.009114
0.009147
0.009181
0.009215
0.009249
0.009283
0.009317
0.009351
0.009385
0.009419
0.009452
0.009486
0.00952
0.009554
0.009588
0.009622
0.009656
0.00969
0.009724
0.009758
0.009792
0.009826
0.00986
0.009894
0.009928
0.009962
0.009996
0.010031
0.010065
0.010099
0.010133
0.010167
0.010201
0.010235
0.010269
0.010304
0.010338
0.010372
0.010406
0.01044
0.010474
0.010509
0.010543
0.010577
0.010611
0.010646
0.01068
0.010714
0.010748
0.010783
0.010817
0.010851
0.010885
0.01092
0.010954
0.010988
0.011023
0.011057
0.011091
0.011126
0.01116
0.011195
0.011229
0.011263
0.011298
0.011332
0.011367
0.011401
0.011435
0.01147
0.011504
0.011539
0.011573
0.011608
0.011642
0.011677
0.011711
0.011746
0.01178
0.011815
0.011849
0.011884
0.011918
0.011953
0.011987
0.012022
0.012056
0.012091
0.012125
0.01216
0.012195
0.012229
0.012264
0.012298
0.012333
0.012367
0.012402
0.012437
0.012471
0.012506
0.01254
0.012575
0.01261
0.012644
0.012679
0.012714
0.012748
0.012783
0.012818
0.012852
0.012887
0.012921
0.012956
0.012991
0.013025
0.01306
0.013095
0.013129
0.013164
0.013199
0.013234
0.013268
0.013303
0.013338
0.013372
0.013407
0.013442
0.013476
0.013511
0.013546
0.01358
0.013615
0.01365
0.013684
0.013719
0.013754
0.013789
0.013823
0.013858
0.013893
0.013927
0.013962
0.013997
0.014032
0.014066
0.014101
0.014136
0.01417
0.014205
0.01424
0.014274
0.014309
0.014344
0.014379
0.014413
0.014448
0.014483
0.014517
0.014552
0.014587
0.014621
0.014656
0.014691
0.014725
0.01476
0.014795
0.014829
0.014864
0.014899
0.014934
0.014968
0.015003
0.015038
0.015072
0.015107
0.015142
0.015176
0.015211
0.015245
0.01528
0.015315
0.015349
0.015384
0.015419
0.015453
0.015488
0.015523
0.015557
0.015592
0.015626
0.015661
0.015696
0.01573
0.015765
0.015799
0.015834
0.015869
0.015903
0.015938
0.015972
0.016007
0.016041
0.016076
0.01611
0.016145
0.01618
0.016214
0.016249
0.016283
0.016318
0.016352
0.016387
0.016421
0.016456
0.01649
0.016525
0.016559
0.016594
0.016628
0.016663
0.016697
0.016732
0.016766
0.016801
0.016835
0.016869
0.016904
0.016938
0.016973
0.017007
0.017042
0.017076
0.01711
0.017145
0.017179
0.017214
0.017248
0.017282
0.017317
0.017351
0.017385
0.01742
0.017454
0.017488
0.017523
0.017557
0.017591
0.017626
0.01766
0.017694
0.017729
0.017763
0.017797
0.017832
0.017866
0.0179
0.017934
0.017969
0.018003
0.018037
0.018072
0.018106
0.01814
0.018174
0.018208
0.018243
0.018277
0.018311
0.018345
0.01838
0.018414
0.018448
0.018482
0.018516
0.018551
0.018585
0.018619
0.018653
0.018687
0.018721
0.018755
0.01879
0.018824
0.018858
0.018892
0.018926
0.01896
0.018994
0.019029
0.019063
0.019097
0.019131
0.019165
0.019199
0.019233
0.019267
0.019301
0.019335
0.019369
0.019403
0.019438
0.019472
0.019506
0.01954
0.019574
0.019608
0.019642
0.019676
0.01971
0.019744
0.019778
0.019812
0.019846
0.01988
0.019914
0.019948
0.019982
0.020016
0.02005
0.020084
0.020118
0.020152
0.020186
0.02022
0.020254
0.020288
0.020322
0.020356
0.02039
0.020424
0.020458
0.020492
0.020526
0.02056
0.020594
0.020628
0.020662
0.020696
0.02073
0.020764
0.020798
0.020832
0.020866
0.0209
0.020934
0.020968
0.021002
0.021036
0.021069
0.021103
0.021137
0.021171
0.021205
0.021239
0.021273
0.021307
0.021341
0.021375
0.021409
0.021443
0.021477
0.021511
0.021545
0.021579
0.021613
0.021647
0.021681
0.021715
0.021749
0.021783
0.021817
0.021851
0.021885
0.021919
0.021953
0.021987
0.022021
0.022055
0.022089
0.022123
0.022157
0.022191
0.022225
0.022259
0.022293
0.022327
0.022361
0.022395
0.022429
0.022463
0.022497
0.022531
0.022565
0.022599
0.022633
0.022667
0.022701
0.022736
0.02277
0.022804
0.022838
0.022872
0.022906
0.02294
0.022974
0.023008
0.023042
0.023077
0.023111
0.023145
0.023179
0.023213
0.023247
0.023281
0.023316
0.02335
0.023384
0.023418
0.023452
0.023486
0.023521
0.023555
0.023589
0.023623
0.023657
0.023692
0.023726
0.02376
0.023794
0.023829
0.023863
0.023897
0.023932
0.023966
0.024
0.024034
0.024069
0.024103
0.024137
0.024172
0.024206
0.02424
0.024275
0.024309
0.024343
0.024378
0.024412
0.024447
0.024481
0.024515
0.02455
0.024584
0.024619
0.024653
0.024687
0.024722
0.024756
0.024791
0.024825
0.02486
0.024894
0.024929
0.024963
0.024998
0.025032
0.025067
0.025101
0.025136
0.02517
0.025205
0.02524
0.025274
0.025309
0.025343
0.025378
0.025412
0.025447
0.025482
0.025516
0.025551
0.025586
0.02562
0.025655
0.02569
0.025724
0.025759
0.025794
0.025828
0.025863
0.025898
0.025932
0.025967
0.026002
0.026037
0.026071
0.026106
0.026141
0.026175
0.02621
0.026245
0.02628
0.026315
0.026349
0.026384
0.026419
0.026454
0.026488
0.026523
0.026558
0.026593
0.026628
0.026662
0.026697
0.026732
0.026767
0.026802
0.026837
0.026871
0.026906
0.026941
0.026976
0.027011
0.027046
0.027081
0.027115
0.02715
0.027185
0.02722
0.027255
0.02729
0.027325
0.027359
0.027394
0.027429
0.027464
0.027499
0.027534
0.027569
0.027603
0.027638
0.027673
0.027708
0.027743
0.027778
0.027812
0.027847
0.027882
0.027917
0.027952
0.027987
0.028021
0.028056
0.028091
0.028126
0.02816
0.028195
0.02823
0.028265
0.028299
0.028334
0.028369
0.028404
0.028438
0.028473
0.028508
0.028542
0.028577
0.028612
0.028646
0.028681
0.028716
0.02875
0.028785
0.028819
0.028854
0.028888
0.028923
0.028957
0.028992
0.029026
0.029061
0.029095
0.029129
0.029164
0.029198
0.029233
0.029267
0.029301
0.029335
0.02937
0.029404
0.029438
0.029472
0.029506
0.02954
0.029574
0.029609
0.029643
0.029677
0.029711
0.029744
0.029778
0.029812
0.029846
0.02988
0.029914
0.029947
0.029981
0.030015
0.030048
0.030082
0.030115
0.030149
0.030182
0.030216
0.030249
0.030282
0.030316
0.030349
0.030382
0.030415
0.030448
0.030481
0.030514
0.030547
0.03058
0.030613
0.030646
0.030679
0.030711
0.030744
