36 : # of CX sensors
PVName Serial    Ohms Range       ZL              ZU          Coeffi0     Coeffi 1    Coeffi2    Coeffi3    Coeffi4    Coeffi5    Coeefi6    Coeffi7    Coeffi8    Coeffi9

CX001, X94131, 361.6,  2032, 2.52952819254, 3.39093638222,   5.642091,   -6.448127,  2.739424, -0.947274,  0.272522, -0.061560,  0.008603,  0.000484, -0.001653,         0
CX001, X94131, 144.9, 361.6, 2.13092581477, 2.59239025167,  42.763063,  -38.007007,  8.228689, -0.952460,  0.093796, -0.001019, -0.008901,  0.000943,         0,         0
CX001, X94131, 58.17, 144.9, 1.76011808184, 2.19431148638, 178.839275, -127.397020, 20.716237, -2.527542,  0.496952, -0.086347,  0.006151, -0.003311,         0,         0

CX002, X94104, 402.0,  2488, 2.57376530933, 3.48335346943,   5.638683,   -6.449374,  2.747275, -0.949983,  0.269827, -0.059414,  0.007167,  0.001416, -0.001589,  0.000710
CX002, X94104, 149.9, 402.0, 2.14285120118, 2.64026187146,  42.968882,  -38.089928,  8.033483, -0.869156,  0.082093, -0.000118, -0.007883,         0,         0,         0
CX002, X94104, 55.01, 149.9, 1.73548853891, 2.21241070146, 178.687892, -127.253547, 20.832682, -2.658212,  0.528057, -0.095579,  0.010524, -0.004812,         0,         0

CX003, X94101, 395.7,  2483, 2.56754946935, 3.48410963658,   5.604582,   -6.412228,  2.757579, -0.974875,  0.289489, -0.069693,  0.011381, -0.000046, -0.001438,         0
CX003, X94101, 156.1, 395.7, 2.16346417316, 2.63283881210,  42.567019,  -37.935971,  8.417019, -1.020362,  0.098576, -0.002348, -0.007430,         0,         0,         0
CX003, X94101, 62.47, 156.1, 1.79102528958, 2.22692539677, 179.088257, -127.570609, 20.513749, -2.368040,  0.452150, -0.076296,  0.004103, -0.002747,         0,         0

CX004, X94100, 399.2,  2531, 2.57124339459, 3.49241455299,   5.602746,   -6.410553,  2.758489, -0.976100,  0.289937, -0.070146,  0.011529,  0.000041, -0.001247,  0.000702
CX004, X94100, 156.8, 399.2, 2.16507676466, 2.63678388255,  42.576804,  -37.941729,  8.410708, -1.017278,  0.097638, -0.001017, -0.009509,  0.001205,  0.000589,         0
CX004, X94100, 62.42, 156.8, 1.79066681472, 2.22891557440, 179.072828, -127.555854, 20.519958, -2.375323,  0.457316, -0.077206,  0.002268, -0.003002,         0,         0

CX005, X88075,  3468, 58450, 3.47347119494, 4.87374797589,  11.768355,  -11.059074,  3.633573, -0.866971,  0.134275, -0.006154, -0.001729,  0.000118,  0.000593,         0
CX005, X88075, 530.6,  3468, 2.63315204872, 3.61623612940,  63.887418,  -52.815697, 11.495740, -1.614320,  0.156767, -0.006386,  0.001640, -0.001143,         0,         0
CX005, X88075, 136.8, 530.6, 2.12812346305, 2.80476115223, 193.750842, -114.932358, 18.331325, -2.516261,  0.414141, -0.069502,  0.011202, -0.004156,         0,         0

CX006, X81888,  1445, 14000, 3.10378461342, 4.23046615338,  11.882679,  -11.167799,  3.595895, -0.822671,  0.115035, -0.001043, -0.002298,         0,         0,         0
CX006, X81888, 294.8,  1445, 2.38989142424, 3.22288021172,  64.340988,  -53.015715, 11.146793, -1.463603,  0.125585, -0.002035,  0.001929, -0.001211,         0,         0
CX006, X81888, 89.20, 294.8, 1.94318346256, 2.53855522420, 194.451511, -115.098129, 17.791830, -2.351413,  0.379789, -0.058736,  0.009137, -0.002675, -0.001395,  0.002326

CX007, X98283,  1404, 40360, 3.09916440937, 4.79777352438,   5.439292,   -6.304041,  2.895585, -1.119460,  0.367214, -0.097484,  0.017607, -0.000500, -0.002525,         0
CX007, X98283, 298.9,  1404, 2.42608236517, 3.20553034967,  42.743983,  -37.912841,  8.419392, -1.061416,  0.113179, -0.005899, -0.004531,  0.000516,         0,         0
CX007, X98283, 71.45, 298.9, 1.84710716139, 2.53075230933, 177.132736, -126.677635, 22.501473, -3.155986,  0.578156, -0.110165,  0.014957, -0.002564,  0.000902, -0.003474

CX008, X98323,  1257, 32220, 3.05203949667, 4.69086429093,   5.461587,   -6.325020,  2.886132, -1.103699,  0.356511, -0.092476,  0.015895, -0.000159, -0.002411,         0
CX008, X98323, 274.7,  1257, 2.39004656005, 3.15604752828,  42.784661,  -37.924531,  8.379859, -1.049100,  0.111195, -0.004887, -0.004923,  0.000391,  0.000816,         0
CX008, X98323, 66.93, 274.7, 1.81875956452, 2.49322966404, 177.136310, -126.670472, 22.500239, -3.166128,  0.580295, -0.110434,  0.012908,         0,         0,         0

CX009, X98324,  1326, 35620, 3.07477918808, 4.73773281883,   5.453840,   -6.317383,  2.889276, -1.109217,  0.360277, -0.094233,  0.016520, -0.000211, -0.002402,         0
CX009, X98324, 286.3,  1326, 2.40778456830, 3.17977739046,  42.767586,  -37.918722,  8.398036, -1.056065,  0.112539, -0.004855, -0.005751,  0.001814,         0,         0
CX009, X98324, 69.39, 286.3, 1.83442751509, 2.51161892206, 177.051000, -126.631279, 22.572003, -3.198134,  0.590972, -0.114021,  0.015056, -0.004064,         0,         0

CX010, X88329,  2843, 37280, 3.39172543341, 4.66977971109,  11.819269,  -11.122401,  3.641063, -0.858590,  0.128372, -0.004047, -0.002439, -0.000083,  0.000854,         0
CX010, X88329, 495.7,  2843, 2.60834964208, 3.52382095118,  64.187544,  -52.948099, 11.279044, -1.504807,  0.130013, -0.001951,  0.001159, -0.000571,         0,         0
CX010, X88329, 134.7, 495.7, 2.12151153484, 2.77063138670, 194.392444, -115.121986, 17.804602, -2.328787,  0.369832, -0.058274,  0.008881,         0,         0,         0

CX011, X88323,  2953, 40130, 3.40748692143, 4.70202107333,  11.813555,  -11.118201,  3.645410, -0.862421,  0.130119, -0.004803, -0.002061,  0.000012,  0.000638,         0
CX011, X88323, 506.5,  2953, 2.61704085274, 3.54102421372,  64.162986,  -52.938023, 11.300782, -1.513735,  0.130789, -0.001907,  0.001466, -0.001838,         0,         0
CX011, X88323, 136.4, 506.5, 2.12684465941, 2.78060525981, 194.369113, -115.122054, 17.832635, -2.333588,  0.370399, -0.057438,  0.007263,         0,         0,         0

CX012, X74937,  1114,  9078, 2.99380657612, 4.03358205329,  11.955651,  -11.210166,  3.533915, -0.775856,  0.100314,  0.000313, -0.002229, -0.000374,         0,         0
CX012, X74937, 247.6,  1114, 2.31833068476, 3.10601567838,  64.325118,  -52.982430, 11.150654, -1.472467,  0.119908,  0.001422,  0.000732, -0.001427,         0,         0
CX012, X74937, 79.67, 247.6, 1.89450673192, 2.45901026986, 194.496221, -115.145315, 17.705839, -2.317620,  0.373643, -0.059211,  0.007386,         0,         0,         0

CX013, X74944,  1123,  9211, 2.99755999793, 4.04028167974,  11.947859,  -11.204933,  3.539413, -0.779713,  0.101479,  0.000076, -0.001995, -0.000581,         0,         0
CX013, X74944, 249.9,  1123, 2.32245544343, 3.10983053078,  64.312483,  -52.980409, 11.163445, -1.476056,  0.119082,  0.002443,  0.001221, -0.001214,         0,         0
CX013, X74944, 80.42, 249.9, 1.89859686015, 2.46297817481, 194.536306, -115.154984, 17.662435, -2.297713,  0.370853, -0.057996,  0.006684, -0.001798,         0,         0

CX014, X88328,  2774, 35790, 3.38136510600, 4.65011154237,  11.822581,  -11.124802,  3.638587, -0.856318,  0.127703, -0.004190, -0.002313,  0.000056,  0.000541,         0
CX014, X88328, 488.2,  2774, 2.60219639333, 3.51264886038,  64.192188,  -52.947307, 11.272587, -1.503981,  0.130314, -0.002712,  0.001590, -0.001788,         0,         0
CX014, X88328, 133.7, 488.2, 2.11834653349, 2.76363965227, 194.352158, -115.106260, 17.842154, -2.349314,  0.374371, -0.057062,  0.007328,         0,         0,         0

CX015, X88334,  2856, 38190, 3.39335734404, 4.67984928660,  11.817098,  -11.121333,  3.642901, -0.859837,  0.128879, -0.004369, -0.002176,  0.000071,  0.000655,         0
CX015, X88334, 493.7,  2856, 2.60620176743, 3.52623847896,  64.174505,  -52.942931, 11.291517, -1.510475,  0.130728, -0.001567,  0.001113, -0.001219,         0,         0
CX015, X88334, 133.6, 493.7, 2.11808811827, 2.76919280377, 194.344526, -115.108714, 17.847196, -2.343523,  0.372093, -0.057379,  0.005637, -0.000368,  0.001895,         0

CX016, X88333,  2821, 37140, 3.38826202803, 4.66723704054,  11.817387,  -11.121447,  3.642656, -0.859635,  0.128930, -0.004416, -0.002092, -0.000017,  0.000607,         0
CX016, X88333, 492.3,  2821, 2.60555087906, 3.52036361769,  64.169732,  -52.938281, 11.295495, -1.514992,  0.131868, -0.001926,  0.000906, -0.000823,         0,         0
CX016, X88333, 134.7, 492.3, 2.12174332127, 2.76752731904, 194.250028, -115.062079, 17.931478, -2.387389,  0.385335, -0.061399,  0.008274,         0,         0,         0

CX017, X74935,  1123,  9183, 2.99750535278, 4.03895492868,  11.948649,  -11.205985,  3.539081, -0.779525,  0.101389,  0.000140, -0.002075, -0.000374,         0,         0
CX017, X74935, 250.2,  1123, 2.32302493882, 3.10968107992,  64.312402,  -52.979123, 11.161656, -1.475689,  0.119787,  0.001217,  0.001842, -0.001561,         0,         0
CX017, X74935, 80.60, 250.2, 1.89956333172, 2.46341861007, 194.533754, -115.156531, 17.665028, -2.299992,  0.374104, -0.060112,  0.009171,         0,         0,         0

CX018, X88005,  3290, 53360, 3.45027115090, 4.83252911126,  11.801684,  -11.104867,  3.646169, -0.867457,  0.133608, -0.006307, -0.001899, -0.000144,  0.000656,         0
CX018, X88005, 511.5,  3290, 2.61766362193, 3.59272259493,  64.005331,  -52.900419, 11.454761, -1.584352,  0.146748, -0.004710,  0.000577, -0.000601,         0,         0
CX018, X88005, 131.4, 511.5, 2.11040960249, 2.78835541125, 194.180594, -115.047716, 18.051054, -2.393975,  0.376716, -0.058162,  0.009807, -0.003388,         0,         0

CX019, X97286, 921.7, 14570, 2.92237819506, 4.31179340348,   5.513619,   -6.365286,  2.852478, -1.057621,  0.327432, -0.080544,  0.012876,  0.000107, -0.001829,         0
CX019, X97286, 247.4, 921.7, 2.35269540396, 3.01476292775,  42.441040,  -37.794213,  8.668180, -1.215913,  0.145763, -0.007906, -0.006376,  0.000948,         0,         0
CX019, X97286, 77.10, 247.4, 1.88131031733, 2.43904847130, 176.886364, -126.679031, 22.804857, -3.201840,  0.590620, -0.114346,  0.014838, -0.003343,         0,         0

CX020, X97285, 977.2, 16760, 2.94684181566, 4.37783425493,   5.500894,   -6.353694,  2.859006, -1.066810,  0.333072, -0.082986,  0.013658, -0.000083, -0.001783,         0
CX020, X97285, 255.6, 977.2, 2.36622844601, 3.04127366375,  42.414454,  -37.781913,  8.691502, -1.226616,  0.147484, -0.008098, -0.006506,  0.001509,  0.000562,         0
CX020, X97285, 78.07, 255.6, 1.88661053511, 2.45407432843, 176.931466, -126.720525, 22.772309, -3.162924,  0.576092, -0.111340,  0.016904, -0.004921,         0,         0

CX021, X97680,  1127, 29350, 3.00450692917, 4.64622102489,   5.464581,   -6.319183,  2.880055, -1.103344,  0.358844, -0.094831,  0.017466, -0.000834, -0.001978,         0
CX021, X97680, 253.5,  1127, 2.35654337628, 3.10844129559,  42.528165,  -37.735766,  8.492461, -1.100995,  0.118178, -0.007507, -0.005587,  0.001195,         0,         0
CX021, X97680, 64.90, 253.5, 1.80594802652, 2.45705740633, 176.531784, -126.565706, 22.819251, -3.318952,  0.632075, -0.125477,  0.018564, -0.003112,         0,         0

CX022, X97684, 938.8, 19790, 2.92764113618, 4.46122393613,   5.491784,   -6.345425,  2.867966, -1.083646,  0.345840, -0.088924,  0.015525, -0.000424, -0.001815,         0
CX022, X97684, 225.2, 938.8, 2.30692546772, 3.02636347372,  42.598630,  -37.762680,  8.425254, -1.075076,  0.115149, -0.007187, -0.005650,  0.001166,  0.000266,  0.001565
CX022, X97684, 60.37, 225.2, 1.77471599331, 2.40366174516, 176.641805, -126.590623, 22.712448, -3.297416,  0.631930, -0.123733,  0.016701, -0.001988, -0.000628,         0

CX023, X98319,  1336, 36140, 3.07800757027, 4.74528161423,   5.447688,   -6.311917,  2.891685, -1.113361,  0.363171, -0.095724,  0.017111, -0.000469, -0.002307,         0
CX023, X98319, 289.2,  1336, 2.41233971939, 3.18294186369,  42.758499,  -37.916159,  8.403958, -1.057456,  0.113281, -0.006322, -0.004802,  0.000725,         0,         0
CX023, X98319, 70.26, 289.2, 1.83987382367, 2.51591687947, 177.076340, -126.640966, 22.542629, -3.183982,  0.584811, -0.110615,  0.015480,         0,         0,         0

CX024, X98322,  1414, 40730, 3.10190424692, 4.80078734544,  5.443832,    -6.307671,  2.893568, -1.116729,  0.365456, -0.096713,  0.017405, -0.000479, -0.002411,         0
CX024, X98322, 299.4,  1414, 2.42664594151, 3.20851580572,  42.747059,  -37.911648,  8.416197, -1.061590,  0.113549, -0.006045, -0.004535,  0.000367, -0.000518,         0
CX024, X98322, 71.21, 299.4, 1.84558630021, 2.53160935047, 177.137186, -126.670847, 22.496267, -3.152215,  0.575614, -0.110923,  0.014443, -0.004381,  0.002753, -0.003741

CX025, X94252, 813.8, 13310, 2.86893802967, 4.27714499975,   5.447466,   -6.287002,  2.855403, -1.088993,  0.354094, -0.094989,  0.018453, -0.001345, -0.001777,         0
CX025, X94252, 228.1, 813.8, 2.31854414424, 2.96028257631,  42.267013,  -37.757694,  8.707272, -1.184477,  0.130693, -0.006817, -0.005692,  0.000794,         0,         0
CX025, X94252, 72.06, 228.1, 1.85213961267, 2.40258999492, 177.291911, -126.956749, 22.230708, -2.947302,  0.536692, -0.100413,  0.008726,         0,         0,         0

CX026, X94256, 644.8,  8095, 2.77028493168, 4.04321233407,   5.506350,   -6.345133,  2.830917, -1.048067,  0.326441, -0.081928,  0.013730, -0.000307, -0.001596,         0
CX026, X94256, 190.9, 644.8, 2.24259219761, 2.85623243702,  42.496527,  -37.916988,  8.582273, -1.135289,  0.127112, -0.006128, -0.005182,         0,         0,         0
CX026, X94256, 62.84, 190.9, 1.79282541662, 2.32359741169, 177.314067, -126.751991, 22.325458, -3.078500,  0.585076, -0.113422,  0.014195, -0.004913,  0.002430,         0

CX027, X94248, 712.7, 10050, 2.81276273976, 4.14476696283,   5.478564,   -6.316836,  2.842138, -1.067217,  0.339268, -0.087884,  0.015816, -0.000585, -0.001919,         0
CX027, X94248, 206.3, 712.7, 2.27564050408, 2.90088498204,  42.363641,  -37.794714,  8.614739, -1.147190,  0.125245, -0.005285, -0.006149,  0.000183,  0.000852,         0
CX027, X94248, 66.27, 206.3, 1.81583912533, 2.35821954316, 177.353654, -126.948717, 22.148265, -2.945205,  0.544494, -0.103019,  0.012651, -0.003749,  0.002077,         0

CX028, X98320,  1245, 31160, 3.04794752851, 4.67519154814,   5.463736,   -6.327700,  2.885470, -1.101993,  0.355283, -0.091834,  0.015663, -0.000062, -0.002518,         0
CX028, X98320, 273.9,  1245, 2.38898858816, 3.15140912954,  42.790913,  -37.926404,  8.372636, -1.046696,  0.111870, -0.005498, -0.004720,  0.000590,         0,         0
CX028, X98320, 67.25, 273.9, 1.82087206116, 2.49175144078, 177.082096, -126.644980, 22.545641, -3.195943,  0.594021, -0.113790,  0.015062, -0.001193, -0.004173,         0

CX029, X98321,  1415, 41260, 3.10223258705, 4.80736434971,   5.442152,   -6.306061,  2.893938, -1.117689,  0.366259, -0.097165,  0.017674, -0.000628, -0.002313,         0
CX029, X98321, 298.6,  1415, 2.42541986336, 3.20913023783,  42.741989,  -37.909799,  8.420677, -1.063711,  0.114241, -0.006522, -0.005112,  0.001207, -0.001161,         0
CX029, X98321, 70.76, 298.6, 1.84276134279, 2.53056251060, 177.187175, -126.705369, 22.469843, -3.135530,  0.565670, -0.106977,  0.015522,         0,         0,         0

CX030, X98325,  1343, 36510, 3.08024822614, 4.74938635256,   5.449561,   -6.313218,  2.891321, -1.112594,  0.362618, -0.095302,  0.016902, -0.000345, -0.002398,         0
CX030, X98325, 289.8,  1343, 2.41296453923, 3.18534692244,  42.770967,  -37.922060,  8.395788, -1.052535,  0.111746, -0.005271, -0.005064,  0.001301, -0.001196,         0
CX030, X98325, 69.74, 289.8, 1.83658681138, 2.51689128778, 177.218572, -126.711803, 22.427912, -3.123854,  0.569116, -0.109895,  0.014268, -0.004605,  0.002524,         0

CX031, X97323, 716.2, 10110, 2.81515878037, 4.15020470339,   5.478049,   -6.326604,  2.855422, -1.077236,  0.344642, -0.090171,  0.016616, -0.001040, -0.001797,         0
CX031, X97323, 209.1, 716.2, 2.28190767296, 2.90276104706,  42.465608,  -37.895392,  8.658818, -1.156476,  0.125629, -0.005234, -0.006202,  0.001341,         0,         0
CX031, X97323, 67.67, 209.1, 1.82476615657, 2.36339700479, 177.814574, -126.980608, 21.925618, -2.843228,  0.513346, -0.093076,  0.006434,         0,         0,         0

CX032, X97675,  1414, 51860, 3.09937941292, 4.91455238224,   5.432004,   -6.286268,  2.892667, -1.127052,  0.375538, -0.103007,  0.020474, -0.001593, -0.001758,         0
CX032, X97675, 287.2,  1414, 2.40821196127, 3.21186412880,  42.393620,  -37.678138,  8.617720, -1.157094,  0.126924, -0.008996, -0.005119,  0.001651,         0,         0
CX032, X97675, 68.95, 287.2, 1.83197202706, 2.51436807454, 176.269228, -126.491153, 23.075228, -3.392908,  0.640864, -0.127908,  0.019859, -0.004227,         0,         0

CX033, X96761,  1517, 52590, 3.12937533543, 4.92117799822,   5.398297,   -6.239455,  2.871101, -1.117188,  0.371076, -0.101114,  0.019727, -0.001547, -0.001664,         0
CX033, X96761, 308.3,  1517, 2.43911835773, 3.24251187484,  42.329195,  -37.795795,  8.655786, -1.157931,  0.125107, -0.007780, -0.004003,  0.000985,  0.000563,         0
CX033, X96761, 73.58, 308.3, 1.85816452664, 2.54486021691, 177.206748, -127.313595, 22.964060, -3.277018,  0.601592, -0.114116,  0.014953, -0.001721,         0,         0

CX034, X97683,  1188, 33870, 3.02682233960, 4.71396022764,   5.452575,   -6.307071,  2.885240, -1.112286,  0.364923, -0.097685,  0.018377, -0.001077, -0.001977,         0
CX034, X97683, 260.9,  1188, 2.36845669544, 3.13282614759,  42.499120,  -37.724959,  8.519598, -1.111641,  0.119679, -0.007643, -0.005491,  0.001217,         0,         0
CX034, X97683, 65.65, 260.9, 1.81085033013, 2.47039159172, 176.499533, -126.564614, 22.857705, -3.326278,  0.631390, -0.122574,  0.016016, -0.004637,  0.001309,         0

CX035, X97676,  1508, 59780, 3.12652814887, 4.98133728987,   5.422303,   -6.276434,  2.896759, -1.134152,  0.380473, -0.105283,  0.021156, -0.001777, -0.001980,         0
CX035, X97676, 299.8,  1508, 2.42616592409, 3.24074024891,  42.381454,  -37.674908,  8.630199, -1.159812,  0.126646, -0.008743, -0.004483,  0.001300,  0.000164,         0
CX035, X97676, 70.69, 299.8, 1.84268964046, 2.53368041519, 176.273670, -126.502522, 23.077579, -3.386800,  0.636713, -0.124230,  0.015164,         0,         0,         0

CX036, X97682,  1175, 32730, 3.02200956812, 4.69775219921,   5.454161,   -6.308658,  2.884264, -1.110852,  0.364037, -0.097426,  0.018436, -0.001175, -0.001842,         0
CX036, X97682, 259.7,  1175, 2.36656571317, 3.12738217383,  42.509381,  -37.729068,  8.509886, -1.107641,  0.118484, -0.006948, -0.005372,  0.000676,  0.001238,         0
CX036, X97682, 65.55, 259.7, 1.81017470499, 2.46811712378, 176.560589, -126.594485, 22.808434, -3.298788,  0.621524, -0.121337,  0.018273, -0.004297,         0,         0
