0 0.00929439
0.032 0.00929483
0.064 0.00929616
0.096 0.00929837
0.128 0.00930146
0.16 0.00930544
0.192 0.0093103
0.224 0.00931606
0.256 0.0093227
0.288 0.00933024
0.32 0.00933868
0.352 0.00934802
0.384 0.00935826
0.416 0.00936941
0.448 0.00938148
0.48 0.00939446
0.512 0.00940836
0.544 0.0094232
0.576 0.00943896
0.608 0.00945567
0.64 0.00947333
0.672 0.00949195
0.704 0.00951152
0.736 0.00953207
0.768 0.0095536
0.8 0.00957612
0.832 0.00959964
0.864 0.00962416
0.896 0.00964971
0.928 0.00967629
0.96 0.00970391
0.992 0.00973259
1.024 0.00976233
1.056 0.00979316
1.088 0.00982508
1.12 0.00985812
1.152 0.00989228
1.184 0.00992758
1.216 0.00996404
1.248 0.0100017
1.28 0.0100405
1.312 0.0100806
1.344 0.0101218
1.376 0.0101644
1.408 0.0102082
1.44 0.0102533
1.472 0.0102997
1.504 0.0103475
1.536 0.0103967
1.568 0.0104472
1.6 0.0104992
1.632 0.0105526
1.664 0.0106076
1.696 0.010664
1.728 0.010722
1.76 0.0107816
1.792 0.0108428
1.824 0.0109056
1.856 0.0109702
1.888 0.0110364
1.92 0.0111045
1.952 0.0111744
1.984 0.0112462
2.016 0.0113199
2.048 0.0113955
2.08 0.0114732
2.112 0.011553
2.144 0.0116349
2.176 0.011719
2.208 0.0118053
2.24 0.011894
2.272 0.0119851
2.304 0.0120786
2.336 0.0121748
2.368 0.0122735
2.4 0.0123749
2.432 0.0124792
2.464 0.0125864
2.496 0.0126965
2.528 0.0128098
2.56 0.0129262
2.592 0.013046
2.624 0.0131693
2.656 0.0132961
2.688 0.0134266
2.72 0.013561
2.752 0.0136994
2.784 0.0138419
2.816 0.0139888
2.848 0.0141402
2.88 0.0142963
2.912 0.0144573
2.944 0.0146235
2.976 0.014795
3.008 0.0149721
3.04 0.015155
3.072 0.0153441
3.104 0.0155397
3.136 0.0157419
3.168 0.0159513
3.2 0.0161681
3.232 0.0163928
3.264 0.0166257
3.296 0.0168673
3.328 0.0171181
3.36 0.0173786
3.392 0.0176494
3.424 0.0179311
3.456 0.0182243
3.488 0.0185297
3.52 0.0188482
3.552 0.0191806
3.584 0.0195278
3.616 0.0198908
3.648 0.0202708
3.68 0.0206688
3.712 0.0210864
3.744 0.0215248
3.776 0.0219858
3.808 0.0224712
3.84 0.0229829
3.872 0.0235231
3.904 0.0240944
3.936 0.0246995
3.968 0.0253416
4 0.0260242
4.032 0.0267512
4.064 0.0275272
4.096 0.0283573
4.128 0.0292476
4.16 0.0302049
4.192 0.0312371
4.224 0.0323534
4.256 0.0335647
4.288 0.0348838
4.32 0.0363258
4.352 0.0379089
4.384 0.0396551
4.416 0.0415913
4.448 0.0437503
4.48 0.0461734
4.512 0.0489124
4.544 0.0520338
4.576 0.0556243
4.608 0.0597986
4.64 0.0647124
4.672 0.0705822
4.704 0.0777181
4.736 0.0865803
4.768 0.0978834
4.8 0.112799
4.832 0.133391
4.864 0.163667
4.896 0.212566
4.928 0.304919
4.96 0.545016
4.992 2.70579
5.024 0.895466
5.056 0.380988
5.088 0.240668
5.12 0.17518
5.152 0.137262
5.184 0.11253
5.216 0.0951232
5.248 0.0822073
5.28 0.0722424
5.312 0.0643208
5.344 0.0578727
5.376 0.0525221
5.408 0.048011
5.44 0.0441567
5.472 0.0408257
5.504 0.0379188
5.536 0.0353604
5.568 0.0330918
5.6 0.031067
5.632 0.0292494
5.664 0.0276094
5.696 0.0261228
5.728 0.0247699
5.76 0.0235341
5.792 0.0224017
5.824 0.021361
5.856 0.0204022
5.888 0.0195171
5.92 0.0186982
5.952 0.0179395
5.984 0.0172357
6.016 0.016582
6.048 0.0159745
6.08 0.0154095
6.112 0.0148841
6.144 0.0143955
6.176 0.0139413
6.208 0.0135193
6.24 0.0131278
6.272 0.0127651
6.304 0.0124297
6.336 0.0121202
6.368 0.0118356
6.4 0.0115747
6.432 0.0113366
6.464 0.0111205
6.496 0.0109255
6.528 0.0107508
6.56 0.010596
6.592 0.0104602
6.624 0.0103429
6.656 0.0102435
6.688 0.0101615
6.72 0.0100964
6.752 0.0100477
6.784 0.0100147
6.816 0.00999721
6.848 0.0099946
6.88 0.0100064
6.912 0.0100323
6.944 0.0100718
6.976 0.0101244
7.008 0.0101899
7.04 0.0102677
7.072 0.0103576
7.104 0.0104593
7.136 0.0105723
7.168 0.0106965
7.2 0.0108315
7.232 0.0109771
7.264 0.0111331
7.296 0.0112994
7.328 0.0114756
7.36 0.0116618
7.392 0.0118577
7.424 0.0120634
7.456 0.0122787
7.488 0.0125037
7.52 0.0127383
7.552 0.0129826
7.584 0.0132366
7.616 0.0135005
7.648 0.0137743
7.68 0.0140581
7.712 0.0143523
7.744 0.0146569
7.776 0.0149722
7.808 0.0152985
7.84 0.015636
7.872 0.0159852
7.904 0.0163464
7.936 0.0167199
7.968 0.0171063
8 0.0175059
8.032 0.0179195
8.064 0.0183474
8.096 0.0187904
8.128 0.0192492
8.16 0.0197244
8.192 0.0202168
8.224 0.0207273
8.256 0.0212569
8.288 0.0218064
8.32 0.0223771
8.352 0.0229701
8.384 0.0235866
8.416 0.0242281
8.448 0.0248961
8.48 0.0255921
8.512 0.0263179
8.544 0.0270755
8.576 0.0278671
8.608 0.0286948
8.64 0.0295613
8.672 0.0304693
8.704 0.0314219
8.736 0.0324224
8.768 0.0334746
8.8 0.0345826
8.832 0.035751
8.864 0.0369848
8.896 0.0382897
8.928 0.0396722
8.96 0.0411394
8.992 0.0426993
9.024 0.044361
9.056 0.0461349
9.088 0.0480329
9.12 0.0500684
9.152 0.0522571
9.184 0.0546169
9.216 0.0571689
9.248 0.0599376
9.28 0.0629518
9.312 0.0662459
9.344 0.0698609
9.376 0.073846
9.408 0.0782615
9.44 0.0831809
9.472 0.0886961
9.504 0.0949224
9.536 0.102007
9.568 0.11014
9.6 0.119574
9.632 0.130649
9.664 0.143831
9.696 0.159789
9.728 0.179501
9.76 0.204468
9.792 0.237117
9.824 0.281637
9.856 0.345944
9.888 0.446996
9.92 0.628888
9.952 1.0533
9.984 3.17537
10.016 3.19083
10.048 1.06876
10.08 0.644349
10.112 0.462457
10.144 0.361407
10.176 0.297102
10.208 0.252584
10.24 0.219937
10.272 0.194972
10.304 0.175264
10.336 0.15931
10.368 0.14613
10.4 0.13506
10.432 0.125631
10.464 0.117502
10.496 0.110423
10.528 0.104202
10.56 0.0986922
10.592 0.0937788
10.624 0.0893697
10.656 0.0853913
10.688 0.0817833
10.72 0.0784965
10.752 0.0754899
10.784 0.0727292
10.816 0.0701855
10.848 0.0678342
10.88 0.0656543
10.912 0.0636279
10.944 0.0617393
10.976 0.059975
11.008 0.0583232
11.04 0.0567736
11.072 0.0553169
11.104 0.0539451
11.136 0.0526511
11.168 0.0514284
11.2 0.0502714
11.232 0.049175
11.264 0.0481346
11.296 0.047146
11.328 0.0462056
11.36 0.0453098
11.392 0.0444558
11.424 0.0436406
11.456 0.0428617
11.488 0.0421168
11.52 0.0414037
11.552 0.0407205
11.584 0.0400654
11.616 0.0394368
11.648 0.038833
11.68 0.0382527
11.712 0.0376946
11.744 0.0371574
11.776 0.0366401
11.808 0.0361416
11.84 0.0356609
11.872 0.0351971
11.904 0.0347495
11.936 0.0343171
11.968 0.0338992
12 0.0334952
12.032 0.0331045
12.064 0.0327263
12.096 0.0323602
12.128 0.0320056
12.16 0.031662
12.192 0.0313289
12.224 0.0310059
12.256 0.0306926
12.288 0.0303885
12.32 0.0300933
12.352 0.0298067
12.384 0.0295283
12.416 0.0292577
12.448 0.0289947
12.48 0.028739
12.512 0.0284903
12.544 0.0282484
12.576 0.0280131
12.608 0.027784
12.64 0.0275609
12.672 0.0273438
12.704 0.0271323
12.736 0.0269262
12.768 0.0267254
12.8 0.0265298
12.832 0.0263391
12.864 0.0261532
12.896 0.0259719
12.928 0.0257951
12.96 0.0256226
12.992 0.0254544
13.024 0.0252903
13.056 0.0251301
13.088 0.0249738
13.12 0.0248212
13.152 0.0246723
13.184 0.0245269
13.216 0.0243849
13.248 0.0242463
13.28 0.024111
13.312 0.0239788
13.344 0.0238497
13.376 0.0237236
13.408 0.0236004
13.44 0.02348
13.472 0.0233625
13.504 0.0232477
13.536 0.0231355
13.568 0.0230258
13.6 0.0229187
13.632 0.0228141
13.664 0.0227119
13.696 0.022612
13.728 0.0225144
13.76 0.0224191
13.792 0.0223259
13.824 0.0222349
13.856 0.0221461
13.888 0.0220592
13.92 0.0219744
13.952 0.0218916
13.984 0.0218107
14.016 0.0217317
14.048 0.0216545
14.08 0.0215792
14.112 0.0215057
14.144 0.0214339
14.176 0.0213639
14.208 0.0212956
14.24 0.0212289
14.272 0.0211638
14.304 0.0211004
14.336 0.0210385
14.368 0.0209783
14.4 0.0209195
14.432 0.0208622
14.464 0.0208064
14.496 0.0207521
14.528 0.0206992
14.56 0.0206478
14.592 0.0205977
14.624 0.020549
14.656 0.0205017
14.688 0.0204557
14.72 0.020411
14.752 0.0203676
14.784 0.0203256
14.816 0.0202848
14.848 0.0202452
14.88 0.0202069
14.912 0.0201698
14.944 0.0201339
14.976 0.0200993
15.008 0.0200658
15.04 0.0200335
15.072 0.0200024
15.104 0.0199724
15.136 0.0199435
15.168 0.0199158
15.2 0.0198893
15.232 0.0198638
15.264 0.0198394
15.296 0.0198162
15.328 0.019794
15.36 0.0197729
15.392 0.0197529
15.424 0.0197339
15.456 0.019716
15.488 0.0196992
15.52 0.0196834
15.552 0.0196686
15.584 0.0196549
15.616 0.0196423
15.648 0.0196306
15.68 0.01962
15.712 0.0196104
15.744 0.0196018
15.776 0.0195943
15.808 0.0195877
15.84 0.0195822
15.872 0.0195776
15.904 0.0195741
15.936 0.0195716
15.968 0.0195701
