[0.0]	[-0.011]
[0.1]	[0.007]
[0.2]	[0.025]
[0.3]	[0.043]
[0.4]	[0.061]
[0.5]	[0.079]
[0.6]	[0.097]
[0.7]	[0.115]
[0.8]	[0.133]
[0.9]	[0.150]
[1.0]	[0.168]
[1.1]	[0.186]
[1.2]	[0.204]
[1.3]	[0.222]
[1.4]	[0.240]
[1.5]	[0.258]
[1.6]	[0.276]
[1.7]	[0.294]
[1.8]	[0.312]
[1.9]	[0.330]
[2.0]	[0.348]
[2.1]	[0.366]
[2.2]	[0.383]
[2.3]	[0.401]
[2.4]	[0.419]
[2.5]	[0.437]
[2.6]	[0.455]
[2.7]	[0.473]
[2.8]	[0.491]
[2.9]	[0.509]
[3.0]	[0.526]
[3.1]	[0.544]
[3.2]	[0.562]
[3.3]	[0.580]
[3.4]	[0.598]
[3.5]	[0.616]
[3.6]	[0.634]
[3.7]	[0.651]
[3.8]	[0.669]
[3.9]	[0.687]
[4.0]	[0.705]
[4.1]	[0.723]
[4.2]	[0.740]
[4.3]	[0.758]
[4.4]	[0.776]
[4.5]	[0.794]
[4.6]	[0.812]
[4.7]	[0.829]
[4.8]	[0.847]
[4.9]	[0.865]
[5.0]	[0.883]
[5.1]	[0.901]
[5.2]	[0.918]
[5.3]	[0.936]
[5.4]	[0.954]
[5.5]	[0.972]
[5.6]	[0.989]
[5.7]	[1.007]
[5.8]	[1.025]
[5.9]	[1.043]
[6.0]	[1.060]
[6.1]	[1.078]
[6.2]	[1.096]
[6.3]	[1.114]
[6.4]	[1.131]
[6.5]	[1.149]
[6.6]	[1.167]
[6.7]	[1.184]
[6.8]	[1.202]
[6.9]	[1.220]
[7.0]	[1.238]
[7.1]	[1.255]
[7.2]	[1.273]
[7.3]	[1.291]
[7.4]	[1.308]
[7.5]	[1.326]
[7.6]	[1.344]
[7.7]	[1.361]
[7.8]	[1.379]
[7.9]	[1.397]
[8.0]	[1.414]
[8.1]	[1.432]
[8.2]	[1.450]
[8.3]	[1.467]
[8.4]	[1.485]
[8.5]	[1.503]
[8.6]	[1.520]
[8.7]	[1.538]
[8.8]	[1.556]
[8.9]	[1.573]
[9.0]	[1.591]
[9.1]	[1.609]
[9.2]	[1.626]
[9.3]	[1.644]
[9.4]	[1.661]
[9.5]	[1.679]
[9.6]	[1.697]
[9.7]	[1.714]
[9.8]	[1.732]
[9.9]	[1.749]
[10.0]	[1.767]
[10.1]	[1.785]
[10.2]	[1.802]
[10.3]	[1.820]
[10.4]	[1.837]
[10.5]	[1.855]
[10.6]	[1.873]
[10.7]	[1.890]
[10.8]	[1.908]
[10.9]	[1.925]
[11.0]	[1.943]
[11.1]	[1.960]
[11.2]	[1.978]
[11.3]	[1.996]
[11.4]	[2.013]
[11.5]	[2.031]
[11.6]	[2.048]
[11.7]	[2.066]
[11.8]	[2.083]
[11.9]	[2.101]
[12.0]	[2.118]
[12.1]	[2.136]
[12.2]	[2.153]
[12.3]	[2.171]
[12.4]	[2.188]
[12.5]	[2.206]
[12.6]	[2.224]
[12.7]	[2.241]
[12.8]	[2.259]
[12.9]	[2.276]
[13.0]	[2.294]
[13.1]	[2.311]
[13.2]	[2.329]
[13.3]	[2.346]
[13.4]	[2.364]
[13.5]	[2.381]
[13.6]	[2.399]
[13.7]	[2.416]
[13.8]	[2.434]
[13.9]	[2.451]
[14.0]	[2.469]
[14.1]	[2.486]
[14.2]	[2.503]
[14.3]	[2.521]
[14.4]	[2.538]
[14.5]	[2.556]
[14.6]	[2.573]
[14.7]	[2.591]
[14.8]	[2.608]
[14.9]	[2.626]
[15.0]	[2.643]
[15.1]	[2.661]
[15.2]	[2.678]
[15.3]	[2.696]
[15.4]	[2.713]
[15.5]	[2.730]
[15.6]	[2.748]
[15.7]	[2.765]
[15.8]	[2.783]
[15.9]	[2.800]
[16.0]	[2.818]
[16.1]	[2.835]
[16.2]	[2.853]
[16.3]	[2.870]
[16.4]	[2.887]
[16.5]	[2.905]
[16.6]	[2.922]
[16.7]	[2.940]
[16.8]	[2.957]
[16.9]	[2.974]
[17.0]	[2.992]
[17.1]	[3.009]
[17.2]	[3.027]
[17.3]	[3.044]
[17.4]	[3.061]
[17.5]	[3.079]
[17.6]	[3.096]
[17.7]	[3.114]
[17.8]	[3.131]
[17.9]	[3.148]
[18.0]	[3.166]
[18.1]	[3.183]
[18.2]	[3.201]
[18.3]	[3.218]
[18.4]	[3.235]
[18.5]	[3.253]
[18.6]	[3.270]
[18.7]	[3.287]
[18.8]	[3.305]
[18.9]	[3.322]
[19.0]	[3.340]
[19.1]	[3.357]
[19.2]	[3.374]
[19.3]	[3.392]
[19.4]	[3.409]
[19.5]	[3.426]
[19.6]	[3.444]
[19.7]	[3.461]
[19.8]	[3.478]
[19.9]	[3.496]
[20.0]	[3.513]
[20.1]	[3.530]
[20.2]	[3.548]
[20.3]	[3.565]
[20.4]	[3.583]
[20.5]	[3.600]
[20.6]	[3.617]
[20.7]	[3.635]
[20.8]	[3.652]
[20.9]	[3.669]
[21.0]	[3.687]
[21.1]	[3.704]
[21.2]	[3.721]
[21.3]	[3.738]
[21.4]	[3.756]
[21.5]	[3.773]
[21.6]	[3.790]
[21.7]	[3.808]
[21.8]	[3.825]
[21.9]	[3.842]
[22.0]	[3.860]
[22.1]	[3.877]
[22.2]	[3.894]
[22.3]	[3.912]
[22.4]	[3.929]
[22.5]	[3.946]
[22.6]	[3.964]
[22.7]	[3.981]
[22.8]	[3.998]
[22.9]	[4.015]
[23.0]	[4.033]
[23.1]	[4.050]
[23.2]	[4.067]
[23.3]	[4.085]
[23.4]	[4.102]
[23.5]	[4.119]
[23.6]	[4.136]
[23.7]	[4.154]
[23.8]	[4.171]
[23.9]	[4.188]
[24.0]	[4.206]
[24.1]	[4.223]
[24.2]	[4.240]
[24.3]	[4.257]
[24.4]	[4.275]
[24.5]	[4.292]
[24.6]	[4.309]
[24.7]	[4.327]
[24.8]	[4.344]
[24.9]	[4.361]
[25.0]	[4.378]
[25.1]	[4.396]
[25.2]	[4.413]
[25.3]	[4.430]
[25.4]	[4.447]
[25.5]	[4.465]
[25.6]	[4.482]
[25.7]	[4.499]
[25.8]	[4.516]
[25.9]	[4.534]
[26.0]	[4.551]
[26.1]	[4.568]
[26.2]	[4.585]
[26.3]	[4.603]
[26.4]	[4.620]
[26.5]	[4.637]
[26.6]	[4.654]
[26.7]	[4.672]
[26.8]	[4.689]
[26.9]	[4.706]
[27.0]	[4.723]
[27.1]	[4.741]
[27.2]	[4.758]
[27.3]	[4.775]
[27.4]	[4.792]
[27.5]	[4.810]
[27.6]	[4.827]
[27.7]	[4.844]
[27.8]	[4.861]
[27.9]	[4.879]
[28.0]	[4.896]
[28.1]	[4.913]
[28.2]	[4.930]
[28.3]	[4.947]
[28.4]	[4.965]
[28.5]	[4.982]
[28.6]	[4.999]
[28.7]	[5.016]
[28.8]	[5.034]
[28.9]	[5.051]
[29.0]	[5.068]
[29.1]	[5.085]
[29.2]	[5.103]
[29.3]	[5.120]
[29.4]	[5.137]
[29.5]	[5.154]
[29.6]	[5.171]
[29.7]	[5.189]
[29.8]	[5.206]
[29.9]	[5.223]
[30.0]	[5.240]
[30.1]	[5.257]
[30.2]	[5.275]
[30.3]	[5.292]
[30.4]	[5.309]
[30.5]	[5.326]
[30.6]	[5.344]
[30.7]	[5.361]
[30.8]	[5.378]
[30.9]	[5.395]
[31.0]	[5.412]
[31.1]	[5.430]
[31.2]	[5.447]
[31.3]	[5.464]
[31.4]	[5.481]
[31.5]	[5.498]
[31.6]	[5.516]
[31.7]	[5.533]
[31.8]	[5.550]
[31.9]	[5.567]
[32.0]	[5.584]
[32.1]	[5.602]
[32.2]	[5.619]
[32.3]	[5.636]
[32.4]	[5.653]
[32.5]	[5.670]
[32.6]	[5.688]
[32.7]	[5.705]
[32.8]	[5.722]
[32.9]	[5.739]
[33.0]	[5.756]
[33.1]	[5.774]
[33.2]	[5.791]
[33.3]	[5.808]
[33.4]	[5.825]
[33.5]	[5.842]
[33.6]	[5.859]
[33.7]	[5.877]
[33.8]	[5.894]
[33.9]	[5.911]
[34.0]	[5.928]
[34.1]	[5.945]
[34.2]	[5.963]
[34.3]	[5.980]
[34.4]	[5.997]
[34.5]	[6.014]
[34.6]	[6.031]
[34.7]	[6.049]
[34.8]	[6.066]
[34.9]	[6.083]
[35.0]	[6.100]
[35.1]	[6.117]
[35.2]	[6.134]
[35.3]	[6.152]
[35.4]	[6.169]
[35.5]	[6.186]
[35.6]	[6.203]
[35.7]	[6.220]
[35.8]	[6.238]
[35.9]	[6.255]
[36.0]	[6.272]
[36.1]	[6.289]
[36.2]	[6.306]
[36.3]	[6.323]
[36.4]	[6.341]
[36.5]	[6.358]
[36.6]	[6.375]
[36.7]	[6.392]
[36.8]	[6.409]
[36.9]	[6.427]
[37.0]	[6.444]
[37.1]	[6.461]
[37.2]	[6.478]
[37.3]	[6.495]
[37.4]	[6.512]
[37.5]	[6.530]
[37.6]	[6.547]
[37.7]	[6.564]
[37.8]	[6.581]
[37.9]	[6.598]
[38.0]	[6.615]
[38.1]	[6.633]
[38.2]	[6.650]
[38.3]	[6.667]
[38.4]	[6.684]
[38.5]	[6.701]
[38.6]	[6.719]
[38.7]	[6.736]
[38.8]	[6.753]
[38.9]	[6.770]
[39.0]	[6.787]
[39.1]	[6.804]
[39.2]	[6.822]
[39.3]	[6.839]
[39.4]	[6.856]
[39.5]	[6.873]
[39.6]	[6.890]
[39.7]	[6.907]
[39.8]	[6.925]
[39.9]	[6.942]
[40.0]	[6.959]
[40.1]	[6.976]
[40.2]	[6.993]
[40.3]	[7.010]
[40.4]	[7.028]
[40.5]	[7.045]
[40.6]	[7.062]
[40.7]	[7.079]
[40.8]	[7.096]
[40.9]	[7.114]
[41.0]	[7.131]
[41.1]	[7.148]
[41.2]	[7.165]
[41.3]	[7.182]
[41.4]	[7.199]
[41.5]	[7.217]
[41.6]	[7.234]
[41.7]	[7.251]
[41.8]	[7.268]
[41.9]	[7.285]
[42.0]	[7.302]
[42.1]	[7.320]
[42.2]	[7.337]
[42.3]	[7.354]
[42.4]	[7.371]
[42.5]	[7.388]
[42.6]	[7.405]
[42.7]	[7.423]
[42.8]	[7.440]
[42.9]	[7.457]
[43.0]	[7.474]
[43.1]	[7.491]
[43.2]	[7.509]
[43.3]	[7.526]
[43.4]	[7.543]
[43.5]	[7.560]
[43.6]	[7.577]
[43.7]	[7.594]
[43.8]	[7.612]
[43.9]	[7.629]
[44.0]	[7.646]
[44.1]	[7.663]
[44.2]	[7.680]
[44.3]	[7.697]
[44.4]	[7.715]
[44.5]	[7.732]
[44.6]	[7.749]
[44.7]	[7.766]
[44.8]	[7.783]
[44.9]	[7.801]
[45.0]	[7.818]
[45.1]	[7.835]
[45.2]	[7.852]
[45.3]	[7.869]
[45.4]	[7.886]
[45.5]	[7.904]
[45.6]	[7.921]
[45.7]	[7.938]
[45.8]	[7.955]
[45.9]	[7.972]
[46.0]	[7.990]
[46.1]	[8.007]
[46.2]	[8.024]
[46.3]	[8.041]
[46.4]	[8.058]
[46.5]	[8.075]
[46.6]	[8.093]
[46.7]	[8.110]
[46.8]	[8.127]
[46.9]	[8.144]
[47.0]	[8.161]
[47.1]	[8.179]
[47.2]	[8.196]
[47.3]	[8.213]
[47.4]	[8.230]
[47.5]	[8.247]
[47.6]	[8.265]
[47.7]	[8.282]
[47.8]	[8.299]
[47.9]	[8.316]
[48.0]	[8.333]
[48.1]	[8.350]
[48.2]	[8.368]
[48.3]	[8.385]
[48.4]	[8.402]
[48.5]	[8.419]
[48.6]	[8.436]
[48.7]	[8.454]
[48.8]	[8.471]
[48.9]	[8.488]
[49.0]	[8.505]
[49.1]	[8.522]
[49.2]	[8.540]
[49.3]	[8.557]
[49.4]	[8.574]
[49.5]	[8.591]
[49.6]	[8.608]
[49.7]	[8.626]
[49.8]	[8.643]
[49.9]	[8.660]
[50.0]	[8.677]
[50.1]	[8.694]
[50.2]	[8.712]
[50.3]	[8.729]
[50.4]	[8.746]
[50.5]	[8.763]
[50.6]	[8.780]
[50.7]	[8.798]
[50.8]	[8.815]
[50.9]	[8.832]
[51.0]	[8.849]
[51.1]	[8.866]
[51.2]	[8.884]
[51.3]	[8.901]
[51.4]	[8.918]
[51.5]	[8.935]
[51.6]	[8.952]
[51.7]	[8.970]
[51.8]	[8.987]
[51.9]	[9.004]
[52.0]	[9.021]
[52.1]	[9.038]
[52.2]	[9.056]
[52.3]	[9.073]
[52.4]	[9.090]
[52.5]	[9.107]
[52.6]	[9.125]
[52.7]	[9.142]
[52.8]	[9.159]
[52.9]	[9.176]
[53.0]	[9.193]
[53.1]	[9.211]
[53.2]	[9.228]
[53.3]	[9.245]
[53.4]	[9.262]
[53.5]	[9.279]
[53.6]	[9.297]
[53.7]	[9.314]
[53.8]	[9.331]
[53.9]	[9.348]
[54.0]	[9.366]
[54.1]	[9.383]
[54.2]	[9.400]
[54.3]	[9.417]
[54.4]	[9.434]
[54.5]	[9.452]
[54.6]	[9.469]
[54.7]	[9.486]
[54.8]	[9.503]
[54.9]	[9.521]
[55.0]	[9.538]
[55.1]	[9.555]
[55.2]	[9.572]
[55.3]	[9.590]
[55.4]	[9.607]
[55.5]	[9.624]
[55.6]	[9.641]
[55.7]	[9.658]
[55.8]	[9.676]
[55.9]	[9.693]
[56.0]	[9.710]
[56.1]	[9.727]
[56.2]	[9.745]
[56.3]	[9.762]
[56.4]	[9.779]
[56.5]	[9.796]
[56.6]	[9.814]
[56.7]	[9.831]
[56.8]	[9.848]
[56.9]	[9.865]
[57.0]	[9.883]
[57.1]	[9.900]
[57.2]	[9.917]
[57.3]	[9.934]
[57.4]	[9.952]
[57.5]	[9.969]
[57.6]	[9.986]
[57.7]	[10.003]
[57.8]	[10.021]
[57.9]	[10.038]
[58.0]	[10.055]
[58.1]	[10.072]
[58.2]	[10.090]
[58.3]	[10.107]
[58.4]	[10.124]
[58.5]	[10.141]
[58.6]	[10.159]
[58.7]	[10.176]
[58.8]	[10.193]
[58.9]	[10.210]
[59.0]	[10.228]
[59.1]	[10.245]
[59.2]	[10.262]
[59.3]	[10.279]
[59.4]	[10.297]
[59.5]	[10.314]
[59.6]	[10.331]
[59.7]	[10.348]
[59.8]	[10.366]
[59.9]	[10.383]
[60.0]	[10.400]
[60.1]	[10.417]
[60.2]	[10.435]
[60.3]	[10.452]
[60.4]	[10.469]
[60.5]	[10.486]
[60.6]	[10.504]
[60.7]	[10.521]
[60.8]	[10.538]
[60.9]	[10.556]
[61.0]	[10.573]
[61.1]	[10.590]
[61.2]	[10.607]
[61.3]	[10.625]
[61.4]	[10.642]
[61.5]	[10.659]
[61.6]	[10.676]
[61.7]	[10.694]
[61.8]	[10.711]
[61.9]	[10.728]
[62.0]	[10.746]
[62.1]	[10.763]
[62.2]	[10.780]
[62.3]	[10.797]
[62.4]	[10.815]
[62.5]	[10.832]
[62.6]	[10.849]
[62.7]	[10.867]
[62.8]	[10.884]
[62.9]	[10.901]
[63.0]	[10.918]
[63.1]	[10.936]
[63.2]	[10.953]
[63.3]	[10.970]
[63.4]	[10.988]
[63.5]	[11.005]
[63.6]	[11.022]
[63.7]	[11.039]
[63.8]	[11.057]
[63.9]	[11.074]
[64.0]	[11.091]
[64.1]	[11.109]
[64.2]	[11.126]
[64.3]	[11.143]
[64.4]	[11.161]
[64.5]	[11.178]
[64.6]	[11.195]
[64.7]	[11.212]
[64.8]	[11.230]
[64.9]	[11.247]
[65.0]	[11.264]
[65.1]	[11.282]
[65.2]	[11.299]
[65.3]	[11.316]
[65.4]	[11.334]
[65.5]	[11.351]
[65.6]	[11.368]
[65.7]	[11.385]
[65.8]	[11.403]
[65.9]	[11.420]
[66.0]	[11.437]
[66.1]	[11.455]
[66.2]	[11.472]
[66.3]	[11.489]
[66.4]	[11.507]
[66.5]	[11.524]
[66.6]	[11.541]
[66.7]	[11.559]
[66.8]	[11.576]
[66.9]	[11.593]
[67.0]	[11.611]
[67.1]	[11.628]
[67.2]	[11.645]
[67.3]	[11.662]
[67.4]	[11.680]
[67.5]	[11.697]
[67.6]	[11.714]
[67.7]	[11.732]
[67.8]	[11.749]
[67.9]	[11.766]
[68.0]	[11.784]
[68.1]	[11.801]
[68.2]	[11.818]
[68.3]	[11.836]
[68.4]	[11.853]
[68.5]	[11.870]
[68.6]	[11.888]
[68.7]	[11.905]
[68.8]	[11.922]
[68.9]	[11.940]
[69.0]	[11.957]
[69.1]	[11.974]
[69.2]	[11.992]
[69.3]	[12.009]
[69.4]	[12.026]
[69.5]	[12.044]
[69.6]	[12.061]
[69.7]	[12.078]
[69.8]	[12.096]
[69.9]	[12.113]
[70.0]	[12.130]
[70.1]	[12.148]
[70.2]	[12.165]
[70.3]	[12.182]
[70.4]	[12.200]
[70.5]	[12.217]
[70.6]	[12.234]
[70.7]	[12.252]
[70.8]	[12.269]
[70.9]	[12.287]
[71.0]	[12.304]
[71.1]	[12.321]
[71.2]	[12.339]
[71.3]	[12.356]
[71.4]	[12.373]
[71.5]	[12.391]
[71.6]	[12.408]
[71.7]	[12.425]
[71.8]	[12.443]
[71.9]	[12.460]
[72.0]	[12.477]
[72.1]	[12.495]
[72.2]	[12.512]
[72.3]	[12.529]
[72.4]	[12.547]
[72.5]	[12.564]
[72.6]	[12.582]
[72.7]	[12.599]
[72.8]	[12.616]
[72.9]	[12.634]
[73.0]	[12.651]
[73.1]	[12.668]
[73.2]	[12.686]
[73.3]	[12.703]
[73.4]	[12.720]
[73.5]	[12.738]
[73.6]	[12.755]
[73.7]	[12.773]
[73.8]	[12.790]
[73.9]	[12.807]
[74.0]	[12.825]
[74.1]	[12.842]
[74.2]	[12.859]
[74.3]	[12.877]
[74.4]	[12.894]
[74.5]	[12.912]
[74.6]	[12.929]
[74.7]	[12.946]
[74.8]	[12.964]
[74.9]	[12.981]
[75.0]	[12.998]
[75.1]	[13.016]
[75.2]	[13.033]
[75.3]	[13.051]
[75.4]	[13.068]
[75.5]	[13.085]
[75.6]	[13.103]
[75.7]	[13.120]
[75.8]	[13.137]
[75.9]	[13.155]
[76.0]	[13.172]
[76.1]	[13.190]
[76.2]	[13.207]
[76.3]	[13.224]
[76.4]	[13.242]
[76.5]	[13.259]
[76.6]	[13.276]
[76.7]	[13.294]
[76.8]	[13.311]
[76.9]	[13.329]
[77.0]	[13.346]
[77.1]	[13.363]
[77.2]	[13.381]
[77.3]	[13.398]
[77.4]	[13.416]
[77.5]	[13.433]
[77.6]	[13.450]
[77.7]	[13.468]
[77.8]	[13.485]
[77.9]	[13.503]
[78.0]	[13.520]
[78.1]	[13.537]
[78.2]	[13.555]
[78.3]	[13.572]
[78.4]	[13.590]
[78.5]	[13.607]
[78.6]	[13.624]
[78.7]	[13.642]
[78.8]	[13.659]
[78.9]	[13.677]
[79.0]	[13.694]
[79.1]	[13.711]
[79.2]	[13.729]
[79.3]	[13.746]
[79.4]	[13.764]
[79.5]	[13.781]
[79.6]	[13.798]
[79.7]	[13.816]
[79.8]	[13.833]
[79.9]	[13.851]
[80.0]	[13.868]
[80.1]	[13.885]
[80.2]	[13.903]
[80.3]	[13.920]
[80.4]	[13.938]
[80.5]	[13.955]
[80.6]	[13.972]
[80.7]	[13.990]
[80.8]	[14.007]
[80.9]	[14.025]
[81.0]	[14.042]
[81.1]	[14.059]
[81.2]	[14.077]
[81.3]	[14.094]
[81.4]	[14.112]
[81.5]	[14.129]
[81.6]	[14.146]
[81.7]	[14.164]
[81.8]	[14.181]
[81.9]	[14.199]
[82.0]	[14.216]
[82.1]	[14.234]
[82.2]	[14.251]
[82.3]	[14.268]
[82.4]	[14.286]
[82.5]	[14.303]
[82.6]	[14.321]
[82.7]	[14.338]
[82.8]	[14.355]
[82.9]	[14.373]
[83.0]	[14.390]
[83.1]	[14.408]
[83.2]	[14.425]
[83.3]	[14.443]
[83.4]	[14.460]
[83.5]	[14.477]
[83.6]	[14.495]
[83.7]	[14.512]
[83.8]	[14.530]
[83.9]	[14.547]
[84.0]	[14.564]
[84.1]	[14.582]
[84.2]	[14.599]
[84.3]	[14.617]
[84.4]	[14.634]
[84.5]	[14.652]
[84.6]	[14.669]
[84.7]	[14.686]
[84.8]	[14.704]
[84.9]	[14.721]
[85.0]	[14.739]
[85.1]	[14.756]
[85.2]	[14.774]
[85.3]	[14.791]
[85.4]	[14.808]
[85.5]	[14.826]
[85.6]	[14.843]
[85.7]	[14.861]
[85.8]	[14.878]
[85.9]	[14.895]
[86.0]	[14.913]
[86.1]	[14.930]
[86.2]	[14.948]
[86.3]	[14.965]
[86.4]	[14.983]
[86.5]	[15.000]
[86.6]	[15.017]
[86.7]	[15.035]
[86.8]	[15.052]
[86.9]	[15.070]
[87.0]	[15.087]
[87.1]	[15.105]
[87.2]	[15.122]
[87.3]	[15.139]
[87.4]	[15.157]
[87.5]	[15.174]
[87.6]	[15.192]
[87.7]	[15.209]
[87.8]	[15.227]
[87.9]	[15.244]
[88.0]	[15.261]
[88.1]	[15.279]
[88.2]	[15.296]
[88.3]	[15.314]
[88.4]	[15.331]
[88.5]	[15.349]
[88.6]	[15.366]
[88.7]	[15.383]
[88.8]	[15.401]
[88.9]	[15.418]
[89.0]	[15.436]
[89.1]	[15.453]
[89.2]	[15.471]
[89.3]	[15.488]
[89.4]	[15.505]
[89.5]	[15.523]
[89.6]	[15.540]
[89.7]	[15.558]
[89.8]	[15.575]
[89.9]	[15.593]
[90.0]	[15.610]
[90.1]	[15.627]
[90.2]	[15.645]
[90.3]	[15.662]
[90.4]	[15.680]
[90.5]	[15.697]
[90.6]	[15.715]
[90.7]	[15.732]
[90.8]	[15.749]
[90.9]	[15.767]
[91.0]	[15.784]
[91.1]	[15.802]
[91.2]	[15.819]
[91.3]	[15.836]
[91.4]	[15.854]
[91.5]	[15.871]
[91.6]	[15.889]
[91.7]	[15.906]
[91.8]	[15.924]
[91.9]	[15.941]
[92.0]	[15.958]
[92.1]	[15.976]
[92.2]	[15.993]
[92.3]	[16.011]
[92.4]	[16.028]
[92.5]	[16.046]
[92.6]	[16.063]
[92.7]	[16.080]
[92.8]	[16.098]
[92.9]	[16.115]
[93.0]	[16.133]
[93.1]	[16.150]
[93.2]	[16.168]
[93.3]	[16.185]
[93.4]	[16.202]
[93.5]	[16.220]
[93.6]	[16.237]
[93.7]	[16.255]
[93.8]	[16.272]
[93.9]	[16.289]
[94.0]	[16.307]
[94.1]	[16.324]
[94.2]	[16.342]
[94.3]	[16.359]
[94.4]	[16.377]
[94.5]	[16.394]
[94.6]	[16.411]
[94.7]	[16.429]
[94.8]	[16.446]
[94.9]	[16.464]
[95.0]	[16.481]
[95.1]	[16.498]
[95.2]	[16.516]
[95.3]	[16.533]
[95.4]	[16.551]
[95.5]	[16.568]
[95.6]	[16.586]
[95.7]	[16.603]
[95.8]	[16.620]
[95.9]	[16.638]
[96.0]	[16.655]
[96.1]	[16.673]
[96.2]	[16.690]
[96.3]	[16.707]
[96.4]	[16.725]
[96.5]	[16.742]
[96.6]	[16.760]
[96.7]	[16.777]
[96.8]	[16.794]
[96.9]	[16.812]
[97.0]	[16.829]
[97.1]	[16.847]
[97.2]	[16.864]
[97.3]	[16.881]
[97.4]	[16.899]
[97.5]	[16.916]
[97.6]	[16.934]
[97.7]	[16.951]
[97.8]	[16.968]
[97.9]	[16.986]
[98.0]	[17.003]
[98.1]	[17.021]
[98.2]	[17.038]
[98.3]	[17.055]
[98.4]	[17.073]
[98.5]	[17.090]
[98.6]	[17.108]
[98.7]	[17.125]
[98.8]	[17.142]
[98.9]	[17.160]
[99.0]	[17.177]
[99.1]	[17.195]
[99.2]	[17.212]
[99.3]	[17.229]
[99.4]	[17.247]
[99.5]	[17.264]
[99.6]	[17.281]
[99.7]	[17.299]
[99.8]	[17.316]
[99.9]	[17.334]
[100.0]	[17.351]
[100.1]	[17.368]
[100.2]	[17.386]
[100.3]	[17.403]
[100.4]	[17.421]
[100.5]	[17.438]
[100.6]	[17.455]
[100.7]	[17.473]
[100.8]	[17.490]
[100.9]	[17.507]
[101.0]	[17.525]
[101.1]	[17.542]
[101.2]	[17.560]
[101.3]	[17.577]
[101.4]	[17.594]
[101.5]	[17.612]
[101.6]	[17.629]
[101.7]	[17.646]
[101.8]	[17.664]
[101.9]	[17.681]
[102.0]	[17.698]
[102.1]	[17.716]
[102.2]	[17.733]
[102.3]	[17.751]
[102.4]	[17.768]
[102.5]	[17.785]
[102.6]	[17.803]
[102.7]	[17.820]
[102.8]	[17.837]
[102.9]	[17.855]
[103.0]	[17.872]
[103.1]	[17.889]
[103.2]	[17.907]
[103.3]	[17.924]
[103.4]	[17.941]
[103.5]	[17.959]
[103.6]	[17.976]
[103.7]	[17.993]
[103.8]	[18.011]
[103.9]	[18.028]
[104.0]	[18.045]
[104.1]	[18.063]
[104.2]	[18.080]
[104.3]	[18.097]
[104.4]	[18.115]
[104.5]	[18.132]
[104.6]	[18.149]
[104.7]	[18.167]
[104.8]	[18.184]
[104.9]	[18.201]
[105.0]	[18.219]
[105.1]	[18.236]
[105.2]	[18.253]
[105.3]	[18.271]
[105.4]	[18.288]
[105.5]	[18.305]
[105.6]	[18.323]
[105.7]	[18.340]
[105.8]	[18.357]
[105.9]	[18.375]
[106.0]	[18.392]
[106.1]	[18.409]
[106.2]	[18.427]
[106.3]	[18.444]
[106.4]	[18.461]
[106.5]	[18.478]
[106.6]	[18.496]
[106.7]	[18.513]
[106.8]	[18.530]
[106.9]	[18.548]
[107.0]	[18.565]
[107.1]	[18.582]
[107.2]	[18.600]
[107.3]	[18.617]
[107.4]	[18.634]
[107.5]	[18.651]
[107.6]	[18.669]
[107.7]	[18.686]
[107.8]	[18.703]
[107.9]	[18.721]
[108.0]	[18.738]
[108.1]	[18.755]
[108.2]	[18.772]
[108.3]	[18.790]
[108.4]	[18.807]
[108.5]	[18.824]
[108.6]	[18.841]
[108.7]	[18.859]
[108.8]	[18.876]
[108.9]	[18.893]
[109.0]	[18.911]
[109.1]	[18.928]
[109.2]	[18.945]
[109.3]	[18.962]
[109.4]	[18.980]
[109.5]	[18.997]
[109.6]	[19.014]
[109.7]	[19.031]
[109.8]	[19.049]
[109.9]	[19.066]
[110.0]	[19.083]
[110.1]	[19.100]
[110.2]	[19.118]
[110.3]	[19.135]
[110.4]	[19.152]
[110.5]	[19.169]
[110.6]	[19.186]
[110.7]	[19.204]
[110.8]	[19.221]
[110.9]	[19.238]
[111.0]	[19.255]
[111.1]	[19.273]
[111.2]	[19.290]
[111.3]	[19.307]
[111.4]	[19.324]
[111.5]	[19.341]
[111.6]	[19.359]
[111.7]	[19.376]
[111.8]	[19.393]
[111.9]	[19.410]
[112.0]	[19.427]
[112.1]	[19.445]
[112.2]	[19.462]
[112.3]	[19.479]
[112.4]	[19.496]
[112.5]	[19.513]
[112.6]	[19.531]
[112.7]	[19.548]
[112.8]	[19.565]
[112.9]	[19.582]
[113.0]	[19.599]
[113.1]	[19.617]
[113.2]	[19.634]
[113.3]	[19.651]
[113.4]	[19.668]
[113.5]	[19.685]
[113.6]	[19.702]
[113.7]	[19.720]
[113.8]	[19.737]
[113.9]	[19.754]
[114.0]	[19.771]
[114.1]	[19.788]
[114.2]	[19.805]
[114.3]	[19.822]
[114.4]	[19.840]
[114.5]	[19.857]
[114.6]	[19.874]
[114.7]	[19.891]
[114.8]	[19.908]
[114.9]	[19.925]
[115.0]	[19.942]
[115.1]	[19.960]
[115.2]	[19.977]
[115.3]	[19.994]
[115.4]	[20.011]
[115.5]	[20.028]
[115.6]	[20.045]
[115.7]	[20.062]
[115.8]	[20.079]
[115.9]	[20.096]
[116.0]	[20.114]
[116.1]	[20.131]
[116.2]	[20.148]
[116.3]	[20.165]
[116.4]	[20.182]
[116.5]	[20.199]
[116.6]	[20.216]
[116.7]	[20.233]
[116.8]	[20.250]
[116.9]	[20.267]
[117.0]	[20.284]
[117.1]	[20.302]
[117.2]	[20.319]
[117.3]	[20.336]
[117.4]	[20.353]
[117.5]	[20.370]
[117.6]	[20.387]
[117.7]	[20.404]
[117.8]	[20.421]
[117.9]	[20.438]
[118.0]	[20.455]
[118.1]	[20.472]
[118.2]	[20.489]
[118.3]	[20.506]
[118.4]	[20.523]
[118.5]	[20.540]
[118.6]	[20.557]
[118.7]	[20.574]
[118.8]	[20.591]
[118.9]	[20.608]
[119.0]	[20.625]
[119.1]	[20.642]
[119.2]	[20.659]
[119.3]	[20.676]
[119.4]	[20.693]
[119.5]	[20.710]
[119.6]	[20.727]
[119.7]	[20.744]
[119.8]	[20.761]
[119.9]	[20.778]
[120.0]	[20.795]
[120.1]	[20.812]
[120.2]	[20.829]
[120.3]	[20.846]
[120.4]	[20.863]
[120.5]	[20.880]
[120.6]	[20.897]
[120.7]	[20.914]
[120.8]	[20.931]
[120.9]	[20.948]
[121.0]	[20.965]
[121.1]	[20.982]
[121.2]	[20.999]
[121.3]	[21.016]
[121.4]	[21.033]
[121.5]	[21.050]
[121.6]	[21.067]
[121.7]	[21.084]
[121.8]	[21.100]
[121.9]	[21.117]
[122.0]	[21.134]
[122.1]	[21.151]
[122.2]	[21.168]
[122.3]	[21.185]
[122.4]	[21.202]
[122.5]	[21.219]
[122.6]	[21.236]
[122.7]	[21.253]
[122.8]	[21.269]
[122.9]	[21.286]
[123.0]	[21.303]
[123.1]	[21.320]
[123.2]	[21.337]
[123.3]	[21.354]
[123.4]	[21.371]
[123.5]	[21.388]
[123.6]	[21.404]
[123.7]	[21.421]
[123.8]	[21.438]
[123.9]	[21.455]
[124.0]	[21.472]
[124.1]	[21.489]
[124.2]	[21.505]
[124.3]	[21.522]
[124.4]	[21.539]
[124.5]	[21.556]
[124.6]	[21.573]
[124.7]	[21.590]
[124.8]	[21.606]
[124.9]	[21.623]
[125.0]	[21.640]
[125.1]	[21.657]
[125.2]	[21.674]
[125.3]	[21.690]
[125.4]	[21.707]
[125.5]	[21.724]
[125.6]	[21.741]
[125.7]	[21.757]
[125.8]	[21.774]
[125.9]	[21.791]
[126.0]	[21.808]
[126.1]	[21.824]
[126.2]	[21.841]
[126.3]	[21.858]
[126.4]	[21.875]
[126.5]	[21.891]
[126.6]	[21.908]
[126.7]	[21.925]
[126.8]	[21.942]
[126.9]	[21.958]
[127.0]	[21.975]
[127.1]	[21.992]
[127.2]	[22.008]
[127.3]	[22.025]
[127.4]	[22.042]
[127.5]	[22.059]
[127.6]	[22.075]
[127.7]	[22.092]
[127.8]	[22.109]
[127.9]	[22.125]
[128.0]	[22.142]
[128.1]	[22.159]
[128.2]	[22.175]
[128.3]	[22.192]
[128.4]	[22.209]
[128.5]	[22.225]
[128.6]	[22.242]
[128.7]	[22.259]
[128.8]	[22.275]
[128.9]	[22.292]
[129.0]	[22.308]
[129.1]	[22.325]
[129.2]	[22.342]
[129.3]	[22.358]
[129.4]	[22.375]
[129.5]	[22.391]
[129.6]	[22.408]
[129.7]	[22.425]
[129.8]	[22.441]
[129.9]	[22.458]
[130.0]	[22.474]
[130.1]	[22.491]
[130.2]	[22.508]
[130.3]	[22.524]
[130.4]	[22.541]
[130.5]	[22.557]
[130.6]	[22.574]
[130.7]	[22.590]
[130.8]	[22.607]
[130.9]	[22.623]
[131.0]	[22.640]
[131.1]	[22.656]
[131.2]	[22.673]
[131.3]	[22.689]
[131.4]	[22.706]
[131.5]	[22.722]
[131.6]	[22.739]
[131.7]	[22.755]
[131.8]	[22.772]
[131.9]	[22.788]
[132.0]	[22.805]
[132.1]	[22.821]
[132.2]	[22.838]
[132.3]	[22.854]
[132.4]	[22.871]
[132.5]	[22.887]
[132.6]	[22.904]
[132.7]	[22.920]
[132.8]	[22.936]
[132.9]	[22.953]
[133.0]	[22.969]
[133.1]	[22.986]
[133.2]	[23.002]
[133.3]	[23.019]
[133.4]	[23.035]
[133.5]	[23.051]
[133.6]	[23.068]
[133.7]	[23.084]
[133.8]	[23.100]
[133.9]	[23.117]
[134.0]	[23.133]
[134.1]	[23.150]
[134.2]	[23.166]
[134.3]	[23.182]
[134.4]	[23.199]
[134.5]	[23.215]
[134.6]	[23.231]
[134.7]	[23.248]
[134.8]	[23.264]
[134.9]	[23.280]
[135.0]	[23.297]
[135.1]	[23.313]
[135.2]	[23.329]
[135.3]	[23.345]
[135.4]	[23.362]
[135.5]	[23.378]
[135.6]	[23.394]
[135.7]	[23.411]
[135.8]	[23.427]
[135.9]	[23.443]
[136.0]	[23.459]
[136.1]	[23.476]
[136.2]	[23.492]
[136.3]	[23.508]
[136.4]	[23.524]
[136.5]	[23.540]
[136.6]	[23.557]
[136.7]	[23.573]
[136.8]	[23.589]
[136.9]	[23.605]
[137.0]	[23.621]
[137.1]	[23.638]
[137.2]	[23.654]
[137.3]	[23.670]
[137.4]	[23.686]
[137.5]	[23.702]
[137.6]	[23.718]
[137.7]	[23.735]
[137.8]	[23.751]
[137.9]	[23.767]
[138.0]	[23.783]
[138.1]	[23.799]
[138.2]	[23.815]
[138.3]	[23.831]
[138.4]	[23.847]
[138.5]	[23.864]
[138.6]	[23.880]
[138.7]	[23.896]
[138.8]	[23.912]
[138.9]	[23.928]
[139.0]	[23.944]
[139.1]	[23.960]
[139.2]	[23.976]
[139.3]	[23.992]
[139.4]	[24.008]
[139.5]	[24.024]
[139.6]	[24.040]
[139.7]	[24.056]
[139.8]	[24.072]
[139.9]	[24.088]
[140.0]	[24.104]
[140.1]	[24.120]
[140.2]	[24.136]
[140.3]	[24.152]
[140.4]	[24.168]
[140.5]	[24.184]
[140.6]	[24.200]
[140.7]	[24.216]
[140.8]	[24.232]
[140.9]	[24.248]
[141.0]	[24.264]
[141.1]	[24.280]
[141.2]	[24.296]
[141.3]	[24.311]
[141.4]	[24.327]
[141.5]	[24.343]
[141.6]	[24.359]
[141.7]	[24.375]
[141.8]	[24.391]
[141.9]	[24.407]
[142.0]	[24.423]
[142.1]	[24.438]
[142.2]	[24.454]
[142.3]	[24.470]
[142.4]	[24.486]
[142.5]	[24.502]
[142.6]	[24.518]
[142.7]	[24.533]
[142.8]	[24.549]
[142.9]	[24.565]
[143.0]	[24.581]
[143.1]	[24.597]
[143.2]	[24.612]
[143.3]	[24.628]
[143.4]	[24.644]
[143.5]	[24.660]
[143.6]	[24.675]
[143.7]	[24.691]
[143.8]	[24.707]
[143.9]	[24.722]
[144.0]	[24.738]
[144.1]	[24.754]
[144.2]	[24.770]
[144.3]	[24.785]
[144.4]	[24.801]
[144.5]	[24.817]
[144.6]	[24.832]
[144.7]	[24.848]
[144.8]	[24.864]
[144.9]	[24.879]
[145.0]	[24.895]
[145.1]	[24.910]
[145.2]	[24.926]
[145.3]	[24.942]
[145.4]	[24.957]
[145.5]	[24.973]
[145.6]	[24.988]
[145.7]	[25.004]
[145.8]	[25.020]
[145.9]	[25.035]
[146.0]	[25.051]
[146.1]	[25.066]
[146.2]	[25.082]
[146.3]	[25.097]
[146.4]	[25.113]
[146.5]	[25.128]
[146.6]	[25.144]
[146.7]	[25.159]
[146.8]	[25.175]
[146.9]	[25.190]
[147.0]	[25.206]
[147.1]	[25.221]
[147.2]	[25.237]
[147.3]	[25.252]
[147.4]	[25.268]
[147.5]	[25.283]
[147.6]	[25.298]
[147.7]	[25.314]
[147.8]	[25.329]
[147.9]	[25.345]
[148.0]	[25.360]
[148.1]	[25.375]
[148.2]	[25.391]
[148.3]	[25.406]
[148.4]	[25.421]
[148.5]	[25.437]
[148.6]	[25.452]
[148.7]	[25.467]
[148.8]	[25.483]
[148.9]	[25.498]
[149.0]	[25.513]
[149.1]	[25.529]
[149.2]	[25.544]
[149.3]	[25.559]
[149.4]	[25.575]
[149.5]	[25.590]
[149.6]	[25.605]
[149.7]	[25.620]
[149.8]	[25.636]
[149.9]	[25.651]
[150.0]	[25.666]
[150.1]	[25.681]
[150.2]	[25.696]
[150.3]	[25.712]
[150.4]	[25.727]
[150.5]	[25.742]
[150.6]	[25.757]
[150.7]	[25.772]
[150.8]	[25.787]
[150.9]	[25.802]
[151.0]	[25.818]
[151.1]	[25.833]
[151.2]	[25.848]
[151.3]	[25.863]
[151.4]	[25.878]
[151.5]	[25.893]
[151.6]	[25.908]
[151.7]	[25.923]
[151.8]	[25.938]
[151.9]	[25.953]
[152.0]	[25.968]
[152.1]	[25.983]
[152.2]	[25.998]
[152.3]	[26.013]
[152.4]	[26.028]
[152.5]	[26.043]
[152.6]	[26.058]
[152.7]	[26.073]
[152.8]	[26.088]
[152.9]	[26.103]
[153.0]	[26.118]
[153.1]	[26.133]
[153.2]	[26.148]
[153.3]	[26.163]
[153.4]	[26.178]
[153.5]	[26.193]
[153.6]	[26.207]
[153.7]	[26.222]
[153.8]	[26.237]
[153.9]	[26.252]
[154.0]	[26.267]
[154.1]	[26.282]
[154.2]	[26.297]
[154.3]	[26.311]
[154.4]	[26.326]
[154.5]	[26.341]
[154.6]	[26.356]
[154.7]	[26.370]
[154.8]	[26.385]
[154.9]	[26.400]
[155.0]	[26.415]
[155.1]	[26.429]
[155.2]	[26.444]
[155.3]	[26.459]
[155.4]	[26.474]
[155.5]	[26.488]
[155.6]	[26.503]
[155.7]	[26.518]
[155.8]	[26.532]
[155.9]	[26.547]
[156.0]	[26.562]
[156.1]	[26.576]
[156.2]	[26.591]
[156.3]	[26.605]
[156.4]	[26.620]
[156.5]	[26.635]
[156.6]	[26.649]
[156.7]	[26.664]
[156.8]	[26.678]
[156.9]	[26.693]
[157.0]	[26.707]
[157.1]	[26.722]
[157.2]	[26.736]
[157.3]	[26.751]
[157.4]	[26.765]
[157.5]	[26.780]
[157.6]	[26.794]
[157.7]	[26.809]
[157.8]	[26.823]
[157.9]	[26.838]
[158.0]	[26.852]
[158.1]	[26.867]
[158.2]	[26.881]
[158.3]	[26.895]
[158.4]	[26.910]
[158.5]	[26.924]
[158.6]	[26.938]
[158.7]	[26.953]
[158.8]	[26.967]
[158.9]	[26.981]
[159.0]	[26.996]
[159.1]	[27.010]
[159.2]	[27.024]
[159.3]	[27.039]
[159.4]	[27.053]
[159.5]	[27.067]
[159.6]	[27.081]
[159.7]	[27.096]
[159.8]	[27.110]
[159.9]	[27.124]
[160.0]	[27.138]
[160.1]	[27.152]
[160.2]	[27.167]
[160.3]	[27.181]
[160.4]	[27.195]
[160.5]	[27.209]
[160.6]	[27.223]
[160.7]	[27.237]
[160.8]	[27.252]
[160.9]	[27.266]
[161.0]	[27.280]
[161.1]	[27.294]
[161.2]	[27.308]
[161.3]	[27.322]
[161.4]	[27.336]
[161.5]	[27.350]
[161.6]	[27.364]
[161.7]	[27.378]
[161.8]	[27.392]
[161.9]	[27.406]
[162.0]	[27.420]
[162.1]	[27.434]
[162.2]	[27.448]
[162.3]	[27.462]
[162.4]	[27.476]
[162.5]	[27.490]
[162.6]	[27.504]
[162.7]	[27.517]
[162.8]	[27.531]
[162.9]	[27.545]
[163.0]	[27.559]
[163.1]	[27.573]
[163.2]	[27.587]
[163.3]	[27.600]
[163.4]	[27.614]
[163.5]	[27.628]
[163.6]	[27.642]
[163.7]	[27.656]
[163.8]	[27.669]
[163.9]	[27.683]
[164.0]	[27.697]
[164.1]	[27.711]
[164.2]	[27.724]
[164.3]	[27.738]
[164.4]	[27.752]
[164.5]	[27.765]
[164.6]	[27.779]
[164.7]	[27.793]
[164.8]	[27.806]
[164.9]	[27.820]
[165.0]	[27.833]
[165.1]	[27.847]
[165.2]	[27.861]
[165.3]	[27.874]
[165.4]	[27.888]
[165.5]	[27.901]
[165.6]	[27.915]
[165.7]	[27.928]
[165.8]	[27.942]
[165.9]	[27.955]
[166.0]	[27.969]
[166.1]	[27.982]
[166.2]	[27.996]
[166.3]	[28.009]
[166.4]	[28.023]
[166.5]	[28.036]
[166.6]	[28.049]
[166.7]	[28.063]
[166.8]	[28.076]
[166.9]	[28.090]
[167.0]	[28.103]
[167.1]	[28.116]
[167.2]	[28.130]
[167.3]	[28.143]
[167.4]	[28.156]
[167.5]	[28.169]
[167.6]	[28.183]
[167.7]	[28.196]
[167.8]	[28.209]
[167.9]	[28.222]
[168.0]	[28.236]
[168.1]	[28.249]
[168.2]	[28.262]
[168.3]	[28.275]
[168.4]	[28.288]
[168.5]	[28.302]
[168.6]	[28.315]
[168.7]	[28.328]
[168.8]	[28.341]
[168.9]	[28.354]
[169.0]	[28.367]
[169.1]	[28.380]
[169.2]	[28.393]
[169.3]	[28.406]
[169.4]	[28.419]
[169.5]	[28.432]
[169.6]	[28.445]
[169.7]	[28.458]
[169.8]	[28.471]
[169.9]	[28.484]
[170.0]	[28.497]
[170.1]	[28.510]
[170.2]	[28.523]
[170.3]	[28.536]
[170.4]	[28.549]
[170.5]	[28.562]
[170.6]	[28.574]
[170.7]	[28.587]
[170.8]	[28.600]
[170.9]	[28.613]
[171.0]	[28.626]
[171.1]	[28.639]
[171.2]	[28.651]
[171.3]	[28.664]
[171.4]	[28.677]
[171.5]	[28.690]
[171.6]	[28.702]
[171.7]	[28.715]
[171.8]	[28.728]
[171.9]	[28.740]
[172.0]	[28.753]
[172.1]	[28.766]
[172.2]	[28.778]
[172.3]	[28.791]
[172.4]	[28.803]
[172.5]	[28.816]
[172.6]	[28.829]
[172.7]	[28.841]
[172.8]	[28.854]
[172.9]	[28.866]
[173.0]	[28.879]
[173.1]	[28.891]
[173.2]	[28.904]
[173.3]	[28.916]
[173.4]	[28.929]
[173.5]	[28.941]
[173.6]	[28.953]
[173.7]	[28.966]
[173.8]	[28.978]
[173.9]	[28.991]
[174.0]	[29.003]
[174.1]	[29.015]
[174.2]	[29.028]
[174.3]	[29.040]
[174.4]	[29.052]
[174.5]	[29.065]
[174.6]	[29.077]
[174.7]	[29.089]
[174.8]	[29.101]
[174.9]	[29.113]
[175.0]	[29.126]
[175.1]	[29.138]
[175.2]	[29.150]
[175.3]	[29.162]
[175.4]	[29.174]
[175.5]	[29.186]
[175.6]	[29.199]
[175.7]	[29.211]
[175.8]	[29.223]
[175.9]	[29.235]
[176.0]	[29.247]
[176.1]	[29.259]
[176.2]	[29.271]
[176.3]	[29.283]
[176.4]	[29.295]
[176.5]	[29.307]
[176.6]	[29.319]
[176.7]	[29.331]
[176.8]	[29.343]
[176.9]	[29.355]
[177.0]	[29.367]
[177.1]	[29.378]
[177.2]	[29.390]
[177.3]	[29.402]
[177.4]	[29.414]
[177.5]	[29.426]
[177.6]	[29.438]
[177.7]	[29.449]
[177.8]	[29.461]
[177.9]	[29.473]
[178.0]	[29.485]
[178.1]	[29.496]
[178.2]	[29.508]
[178.3]	[29.520]
[178.4]	[29.531]
[178.5]	[29.543]
[178.6]	[29.555]
[178.7]	[29.566]
[178.8]	[29.578]
[178.9]	[29.589]
[179.0]	[29.601]
[179.1]	[29.612]
[179.2]	[29.624]
[179.3]	[29.636]
[179.4]	[29.647]
[179.5]	[29.658]
[179.6]	[29.670]
[179.7]	[29.681]
[179.8]	[29.693]
[179.9]	[29.704]
[180.0]	[29.716]
[180.1]	[29.727]
[180.2]	[29.738]
[180.3]	[29.750]
[180.4]	[29.761]
[180.5]	[29.772]
[180.6]	[29.784]
[180.7]	[29.795]
[180.8]	[29.806]
[180.9]	[29.817]
[181.0]	[29.829]
[181.1]	[29.840]
[181.2]	[29.851]
[181.3]	[29.862]
[181.4]	[29.873]
[181.5]	[29.885]
[181.6]	[29.896]
[181.7]	[29.907]
[181.8]	[29.918]
[181.9]	[29.929]
[182.0]	[29.940]
[182.1]	[29.951]
[182.2]	[29.962]
[182.3]	[29.973]
[182.4]	[29.984]
[182.5]	[29.995]
[182.6]	[30.006]
[182.7]	[30.017]
[182.8]	[30.028]
[182.9]	[30.039]
[183.0]	[30.050]
[183.1]	[30.060]
[183.2]	[30.071]
[183.3]	[30.082]
[183.4]	[30.093]
[183.5]	[30.104]
[183.6]	[30.114]
[183.7]	[30.125]
[183.8]	[30.136]
[183.9]	[30.147]
[184.0]	[30.157]
[184.1]	[30.168]
[184.2]	[30.179]
[184.3]	[30.189]
[184.4]	[30.200]
[184.5]	[30.211]
[184.6]	[30.221]
[184.7]	[30.232]
[184.8]	[30.242]
[184.9]	[30.253]
[185.0]	[30.263]
[185.1]	[30.274]
[185.2]	[30.284]
[185.3]	[30.295]
[185.4]	[30.305]
[185.5]	[30.316]
[185.6]	[30.326]
[185.7]	[30.336]
[185.8]	[30.347]
[185.9]	[30.357]
[186.0]	[30.367]
