# 
# Filename    : /tmp/ss_dust.txt
# PV name     : SS:DUST
# From        : 2014-12-15T19:20:02.277631
# To          : 2014-12-22T19:20:02.277631
# queryString : ?pv=mean_300(SS:DUST)&from=2014-12-15T19%3A20%3A02.277631%2B09%3A00&to=2014-12-22T19%3A20%3A02.277631%2B09%3A00
# hostname    : kaffee
# host IP     : 10.1.4.24
# 
# time, val, nanos, status, severity
2014-12-19T11:07:30, 11.8273292308, 0, 0, 0 
2014-12-19T11:12:30, 10.5412363636, 0, 0, 0 
2014-12-19T11:17:30, 11.150832, 0, 0, 0 
2014-12-19T11:22:30, 12.4970364878, 0, 0, 0 
2014-12-19T11:27:30, 12.2304, 0, 0, 0 
2014-12-19T11:32:30, 11.657763871, 0, 0, 0 
2014-12-19T11:37:30, 11.8895288038, 0, 0, 0 
2014-12-19T11:42:30, 12.0953607805, 0, 0, 0 
2014-12-19T11:47:30, 13.9981194419, 0, 0, 0 
2014-12-19T11:52:30, 11.9380722936, 0, 0, 0 
2014-12-19T11:57:30, 12.6236762791, 0, 0, 0 
2014-12-19T12:02:30, 11.0887485149, 0, 0, 0 
2014-12-19T12:07:30, 10.5114898492, 0, 0, 0 
2014-12-19T12:12:30, 11.9174030769, 0, 0, 0 
2014-12-19T12:17:30, 11.9007063317, 0, 0, 0 
2014-12-19T12:22:30, 10.8117786408, 0, 0, 0 
2014-12-19T12:27:30, 11.1036556522, 0, 0, 0 
2014-12-19T12:32:30, 11.5542, 0, 0, 0 
2014-12-19T12:37:30, 10.4379159799, 0, 0, 0 
2014-12-19T12:42:30, 13.4515652174, 0, 0, 0 
2014-12-19T12:47:30, 10.7866903846, 0, 0, 0 
2014-12-19T12:52:30, 11.8578661463, 0, 0, 0 
2014-12-19T12:57:30, 9.7765770297, 0, 0, 0 
2014-12-19T13:02:30, 12.4792744186, 0, 0, 0 
2014-12-19T13:07:30, 11.4768421463, 0, 0, 0 
2014-12-19T13:12:30, 10.90887, 0, 0, 0 
2014-12-19T13:17:30, 11.4007138144, 0, 0, 0 
2014-12-19T13:22:30, 12.1089217021, 0, 0, 0 
2014-12-19T13:27:30, 9.78935101604, 0, 0, 0 
2014-12-19T13:32:30, 9.70046608696, 0, 0, 0 
2014-12-19T13:37:30, 12.03048, 0, 0, 0 
2014-12-19T13:42:30, 11.1528661622, 0, 0, 0 
2014-12-19T13:47:30, 9.71494851064, 0, 0, 0 
2014-12-19T13:52:30, 8.96169836066, 0, 0, 0 
2014-12-19T13:57:30, 12.3440027586, 0, 0, 0 
2014-12-19T14:02:30, 11.3402584615, 0, 0, 0 
2014-12-19T14:07:30, 11.4725807254, 0, 0, 0 
2014-12-19T14:12:30, 10.802295, 0, 0, 0 
2014-12-19T14:17:30, 7.9918272, 0, 0, 0 
2014-12-19T14:22:30, 10.36784, 0, 0, 0 
2014-12-19T14:27:30, 8.86923692308, 0, 0, 0 
2014-12-19T14:32:30, 10.01952, 0, 0, 0 
2014-12-19T14:37:30, 10.5318941538, 0, 0, 0 
2014-12-19T14:42:30, 10.09152, 0, 0, 0 
2014-12-19T14:47:30, 9.92512216216, 0, 0, 0 
2014-12-19T14:52:30, 13.354106802, 0, 0, 0 
2014-12-19T14:57:30, 12.4216356923, 0, 0, 0 
2014-12-19T15:02:30, 12.0775825532, 0, 0, 0 
2014-12-19T15:07:30, 13.8721323711, 0, 0, 0 
2014-12-19T15:12:30, 11.7039348837, 0, 0, 0 
2014-12-19T15:17:30, 11.3199159799, 0, 0, 0 
2014-12-19T15:22:30, 11.3090470244, 0, 0, 0 
2014-12-19T15:27:30, 11.5117398995, 0, 0, 0 
2014-12-19T15:32:30, 9.742425, 0, 0, 0 
2014-12-19T15:37:30, 10.9938705882, 0, 0, 0 
2014-12-19T15:42:30, 10.6869, 0, 0, 0 
2014-12-19T15:47:30, 11.1304836364, 0, 0, 0 
2014-12-19T15:52:30, 12.3394782609, 0, 0, 0 
2014-12-19T15:57:30, 11.1353158209, 0, 0, 0 
2014-12-19T16:02:30, 9.65109850746, 0, 0, 0 
2014-12-19T16:07:30, 11.9343080769, 0, 0, 0 
2014-12-19T16:12:30, 8.37169454545, 0, 0, 0 
2014-12-19T16:17:30, 10.7685701053, 0, 0, 0 
2014-12-19T16:22:30, 10.9221309474, 0, 0, 0 
2014-12-19T16:27:30, 10.3224716418, 0, 0, 0 
2014-12-19T16:32:30, 11.2212033962, 0, 0, 0 
2014-12-19T16:37:30, 9.959544, 0, 0, 0 
2014-12-19T16:42:30, 10.4766823037, 0, 0, 0 
2014-12-19T16:47:30, 10.9672846602, 0, 0, 0 
2014-12-19T16:52:30, 11.1696845596, 0, 0, 0 
2014-12-19T16:57:30, 11.4524025, 0, 0, 0 
2014-12-19T17:02:30, 11.2117045545, 0, 0, 0 
2014-12-19T17:07:30, 9.45828194595, 0, 0, 0 
2014-12-19T17:12:30, 8.5720144186, 0, 0, 0 
2014-12-19T17:17:30, 8.47101405405, 0, 0, 0 
2014-12-19T17:22:30, 11.6801726087, 0, 0, 0 
2014-12-19T17:27:30, 11.8923948387, 0, 0, 0 
2014-12-19T17:32:30, 8.44571664804, 0, 0, 0 
2014-12-19T17:37:30, 9.24605788235, 0, 0, 0 
2014-12-19T17:42:30, 8.18649391304, 0, 0, 0 
2014-12-19T17:47:30, 8.88510232044, 0, 0, 0 
2014-12-19T17:52:30, 9.69446831461, 0, 0, 0 
2014-12-19T17:57:30, 7.89800101911, 0, 0, 0 
2014-12-19T18:02:30, 8.01186105263, 0, 0, 0 
2014-12-19T18:07:30, 10.0591581176, 0, 0, 0 
2014-12-19T18:12:30, 8.19726157895, 0, 0, 0 
2014-12-19T18:17:30, 5.87732727273, 0, 0, 0 
2014-12-19T18:22:30, 8.98569, 0, 0, 0 
2014-12-19T18:27:30, 8.93105893491, 0, 0, 0 
2014-12-19T18:32:30, 6.23568718563, 0, 0, 0 
2014-12-19T18:37:30, 5.82414, 0, 0, 0 
2014-12-19T18:42:30, 7.65227076923, 0, 0, 0 
2014-12-19T18:47:30, 6.40125186207, 0, 0, 0 
2014-12-19T18:52:30, 7.20710490566, 0, 0, 0 
2014-12-19T18:57:30, 7.69291881657, 0, 0, 0 
2014-12-19T19:02:30, 7.15063341176, 0, 0, 0 
2014-12-19T19:07:30, 8.31677300613, 0, 0, 0 
2014-12-19T19:12:30, 9.55255550562, 0, 0, 0 
2014-12-19T19:17:30, 8.32419, 0, 0, 0 
2014-12-19T19:22:30, 7.09594344828, 0, 0, 0 
2014-12-19T19:27:30, 8.782515, 0, 0, 0 
2014-12-19T19:32:30, 7.76655157895, 0, 0, 0 
2014-12-19T19:37:30, 9.95332044944, 0, 0, 0 
2014-12-19T19:42:30, 7.70501886792, 0, 0, 0 
2014-12-19T19:47:30, 8.05131655629, 0, 0, 0 
2014-12-19T19:52:30, 8.2694115, 0, 0, 0 
2014-12-19T19:57:30, 5.57316274809, 0, 0, 0 
2014-12-19T20:02:30, 6.90018, 0, 0, 0 
2014-12-19T20:07:30, 6.25456851064, 0, 0, 0 
2014-12-19T20:12:30, 6.6957986014, 0, 0, 0 
2014-12-19T20:17:30, 8.1190305, 0, 0, 0 
2014-12-19T20:22:30, 9.16506116129, 0, 0, 0 
2014-12-19T20:27:30, 5.59650688525, 0, 0, 0 
2014-12-19T20:32:30, 6.76161059603, 0, 0, 0 
2014-12-19T20:37:30, 6.46825021277, 0, 0, 0 
2014-12-19T20:42:30, 5.37144732824, 0, 0, 0 
2014-12-19T20:47:30, 6.04019733333, 0, 0, 0 
2014-12-19T20:52:30, 6.90714739726, 0, 0, 0 
2014-12-19T20:57:30, 6.0264420438, 0, 0, 0 
2014-12-19T21:02:30, 5.41942925373, 0, 0, 0 
2014-12-19T21:07:30, 6.94243445255, 0, 0, 0 
2014-12-19T21:12:30, 7.00835912409, 0, 0, 0 
2014-12-19T21:17:30, 5.56091748252, 0, 0, 0 
2014-12-19T21:22:30, 5.89703811024, 0, 0, 0 
2014-12-19T21:27:30, 5.47064, 0, 0, 0 
2014-12-19T21:32:30, 4.99587934426, 0, 0, 0 
2014-12-19T21:37:30, 5.35589291339, 0, 0, 0 
2014-12-19T21:42:30, 3.78735567568, 0, 0, 0 
2014-12-19T21:47:30, 1.32620727273, 0, 0, 0 
2014-12-19T21:52:30, 2.2365, 0, 0, 0 
2014-12-19T21:57:30, 1.425312, 0, 0, 0 
2014-12-19T22:02:30, 2.71863529412, 0, 0, 0 
2014-12-19T22:07:30, 1.22922947368, 0, 0, 0 
2014-12-19T22:12:30, 1.5974, 0, 0, 0 
2014-12-19T22:17:30, 4.70144347826, 0, 0, 0 
2014-12-19T22:22:30, 0.963785454545, 0, 0, 0 
2014-12-19T22:27:30, 1.721664, 0, 0, 0 
2014-12-19T22:32:30, 1.92954461538, 0, 0, 0 
2014-12-19T22:37:30, 2.2607424, 0, 0, 0 
2014-12-19T22:42:30, 1.75944774194, 0, 0, 0 
2014-12-19T22:47:30, 1.71268363636, 0, 0, 0 
2014-12-19T22:52:30, 1.44452, 0, 0, 0 
2014-12-19T22:57:30, 2.11359272727, 0, 0, 0 
2014-12-19T23:02:30, 1.13092, 0, 0, 0 
2014-12-19T23:07:30, 1.47553411765, 0, 0, 0 
2014-12-19T23:12:30, 1.04958, 0, 0, 0 
2014-12-19T23:17:30, 2.881494, 0, 0, 0 
2014-12-19T23:22:30, 2.07543724138, 0, 0, 0 
2014-12-19T23:27:30, 0.87318, 0, 0, 0 
2014-12-19T23:32:30, 2.42093793103, 0, 0, 0 
2014-12-19T23:37:30, 1.335936, 0, 0, 0 
2014-12-19T23:42:30, 1.7808, 0, 0, 0 
2014-12-19T23:47:30, 2.99628, 0, 0, 0 
2014-12-19T23:52:30, 0.46116, 0, 0, 0 
2014-12-19T23:57:30, 1.72314947368, 0, 0, 0 
2014-12-20T00:02:30, 1.8774, 0, 0, 0 
2014-12-20T00:07:30, 0.94416, 0, 0, 0 
2014-12-20T00:12:30, 1.70643789474, 0, 0, 0 
2014-12-20T00:17:30, 0.760284, 0, 0, 0 
2014-12-20T00:22:30, 5.4712224, 0, 0, 0 
2014-12-20T00:27:30, 1.112496, 0, 0, 0 
2014-12-20T00:32:30, 0.666792, 0, 0, 0 
2014-12-20T00:37:30, 2.0645856, 0, 0, 0 
2014-12-20T00:42:30, 3.0135, 0, 0, 0 
2014-12-20T00:47:30, 1.47562434783, 0, 0, 0 
2014-12-20T00:52:30, 1.69587310345, 0, 0, 0 
2014-12-20T00:57:30, 0.57456, 0, 0, 0 
2014-12-20T01:02:30, 0.92904, 0, 0, 0 
2014-12-20T01:07:30, 0.550910769231, 0, 0, 0 
2014-12-20T01:12:30, 0.99792, 0, 0, 0 
2014-12-20T01:17:30, 2.3226, 0, 0, 0 
2014-12-20T01:22:30, 2.132676, 0, 0, 0 
2014-12-20T01:27:30, 1.701, 0, 0, 0 
2014-12-20T01:32:30, 0.462168, 0, 0, 0 
2014-12-20T01:37:30, 2.79153, 0, 0, 0 
2014-12-20T01:42:30, 0.554103529412, 0, 0, 0 
2014-12-20T01:47:30, 0.6762, 0, 0, 0 
2014-12-20T01:52:30, 3.05564, 0, 0, 0 
2014-12-20T01:57:30, 2.43824, 0, 0, 0 
2014-12-20T02:02:30, 1.010772, 0, 0, 0 
2014-12-20T02:07:30, 2.16972, 0, 0, 0 
2014-12-20T02:12:30, 1.73656, 0, 0, 0 
2014-12-20T02:17:30, 0.7056, 0, 0, 0 
2014-12-20T02:22:30, 0.561272727273, 0, 0, 0 
2014-12-20T02:27:30, 2.07321882353, 0, 0, 0 
2014-12-20T02:32:30, 1.40616, 0, 0, 0 
2014-12-20T02:37:30, 1.16816, 0, 0, 0 
2014-12-20T02:42:30, 1.26366545455, 0, 0, 0 
2014-12-20T02:47:30, 2.04624, 0, 0, 0 
2014-12-20T02:52:30, 2.26593818182, 0, 0, 0 
2014-12-20T02:57:30, 2.18113411765, 0, 0, 0 
2014-12-20T03:02:30, 3.102435, 0, 0, 0 
2014-12-20T03:07:30, 0.7564032, 0, 0, 0 
2014-12-20T03:12:30, 3.87198, 0, 0, 0 
2014-12-20T03:17:30, 1.75354666667, 0, 0, 0 
2014-12-20T03:22:30, 0.75936, 0, 0, 0 
2014-12-20T03:27:30, 2.43839076923, 0, 0, 0 
2014-12-20T03:32:30, 0.84672, 0, 0, 0 
2014-12-20T03:37:30, 1.69344, 0, 0, 0 
2014-12-20T03:42:30, 1.52741647059, 0, 0, 0 
2014-12-20T03:47:30, 1.1844, 0, 0, 0 
2014-12-20T03:52:30, 1.01545043478, 0, 0, 0 
2014-12-20T03:57:30, 2.33008363636, 0, 0, 0 
2014-12-20T04:02:30, 0.718051764706, 0, 0, 0 
2014-12-20T04:07:30, 2.59602, 0, 0, 0 
2014-12-20T04:12:30, 2.1168, 0, 0, 0 
2014-12-20T04:17:30, 2.315544, 0, 0, 0 
2014-12-20T04:22:30, 1.46608, 0, 0, 0 
2014-12-20T04:27:30, 0.97902, 0, 0, 0 
2014-12-20T04:32:30, 0.750083478261, 0, 0, 0 
2014-12-20T04:37:30, 2.376696, 0, 0, 0 
2014-12-20T04:42:30, 2.06548363636, 0, 0, 0 
2014-12-20T04:47:30, 1.95339789474, 0, 0, 0 
2014-12-20T04:52:30, 0.67228, 0, 0, 0 
2014-12-20T04:57:30, 3.13650580645, 0, 0, 0 
2014-12-20T05:02:30, 1.428, 0, 0, 0 
2014-12-20T05:07:30, 1.26126, 0, 0, 0 
2014-12-20T05:12:30, 3.42216, 0, 0, 0 
2014-12-20T05:17:30, 1.15542, 0, 0, 0 
2014-12-20T05:22:30, 1.49270896552, 0, 0, 0 
2014-12-20T05:27:30, 1.25970352941, 0, 0, 0 
2014-12-20T05:32:30, 0.73584, 0, 0, 0 
2014-12-20T05:37:30, 2.7551475, 0, 0, 0 
2014-12-20T05:42:30, 1.22892, 0, 0, 0 
2014-12-20T05:47:30, 1.02508, 0, 0, 0 
2014-12-20T05:52:30, 1.41414, 0, 0, 0 
2014-12-20T05:57:30, 0.891621818182, 0, 0, 0 
2014-12-20T06:02:30, 2.27277473684, 0, 0, 0 
2014-12-20T06:07:30, 1.53628363636, 0, 0, 0 
2014-12-20T06:12:30, 1.1466, 0, 0, 0 
2014-12-20T06:17:30, 1.64212363636, 0, 0, 0 
2014-12-20T06:22:30, 2.05661647059, 0, 0, 0 
2014-12-20T06:27:30, 1.01136, 0, 0, 0 
2014-12-20T06:32:30, 3.25584, 0, 0, 0 
2014-12-20T06:37:30, 1.65144, 0, 0, 0 
2014-12-20T06:42:30, 1.281105, 0, 0, 0 
2014-12-20T06:47:30, 1.11132, 0, 0, 0 
2014-12-20T06:52:30, 0.89376, 0, 0, 0 
2014-12-20T06:57:30, 4.01408, 0, 0, 0 
2014-12-20T07:02:30, 1.22517818182, 0, 0, 0 
2014-12-20T07:07:30, 1.11384, 0, 0, 0 
2014-12-20T07:12:30, 0.8232, 0, 0, 0 
2014-12-20T07:17:30, 1.32836869565, 0, 0, 0 
2014-12-20T07:22:30, 1.50618461538, 0, 0, 0 
2014-12-20T07:27:30, 1.351665, 0, 0, 0 
2014-12-20T07:32:30, 0.998216470588, 0, 0, 0 
2014-12-20T07:37:30, 2.13248, 0, 0, 0 
2014-12-20T07:42:30, 1.144395, 0, 0, 0 
2014-12-20T07:47:30, 0.683889230769, 0, 0, 0 
2014-12-20T07:52:30, 0.798988235294, 0, 0, 0 
2014-12-20T07:57:30, 1.88244, 0, 0, 0 
2014-12-20T08:02:30, 1.51864363636, 0, 0, 0 
2014-12-20T08:07:30, 3.58092, 0, 0, 0 
2014-12-20T08:12:30, 1.5876, 0, 0, 0 
2014-12-20T08:17:30, 1.65816, 0, 0, 0 
2014-12-20T08:22:30, 1.23333, 0, 0, 0 
2014-12-20T08:27:30, 1.52518153846, 0, 0, 0 
2014-12-20T08:32:30, 3.10303636364, 0, 0, 0 
2014-12-20T08:37:30, 4.70422188679, 0, 0, 0 
2014-12-20T08:42:30, 4.7786025, 0, 0, 0 
2014-12-20T08:47:30, 4.80024, 0, 0, 0 
2014-12-20T08:52:30, 0.72128, 0, 0, 0 
2014-12-20T08:57:30, 4.10551826087, 0, 0, 0 
2014-12-20T09:02:30, 2.67398068966, 0, 0, 0 
2014-12-20T09:07:30, 2.28732, 0, 0, 0 
2014-12-20T09:12:30, 2.362584, 0, 0, 0 
2014-12-20T09:17:30, 1.70184, 0, 0, 0 
2014-12-20T09:22:30, 3.09004137931, 0, 0, 0 
2014-12-20T09:27:30, 4.25435294118, 0, 0, 0 
2014-12-20T09:32:30, 1.11328, 0, 0, 0 
2014-12-20T09:37:30, 3.9174912, 0, 0, 0 
2014-12-20T09:42:30, 2.33577931034, 0, 0, 0 
2014-12-20T09:47:30, 2.13283636364, 0, 0, 0 
2014-12-20T09:52:30, 4.024566, 0, 0, 0 
2014-12-20T09:57:30, 1.65908842105, 0, 0, 0 
2014-12-20T10:02:30, 3.61122461538, 0, 0, 0 
2014-12-20T10:07:30, 1.64808, 0, 0, 0 
2014-12-20T10:12:30, 2.48419862069, 0, 0, 0 
2014-12-20T10:17:30, 3.57999157895, 0, 0, 0 
2014-12-20T10:22:30, 4.256336, 0, 0, 0 
2014-12-20T10:27:30, 4.17461625, 0, 0, 0 
2014-12-20T10:32:30, 3.98061658537, 0, 0, 0 
2014-12-20T10:37:30, 2.54300516129, 0, 0, 0 
2014-12-20T10:42:30, 3.45555, 0, 0, 0 
2014-12-20T10:47:30, 2.67521625, 0, 0, 0 
2014-12-20T10:52:30, 2.4744662069, 0, 0, 0 
2014-12-20T10:57:30, 3.89792117647, 0, 0, 0 
2014-12-20T11:02:30, 3.16825090909, 0, 0, 0 
2014-12-20T11:07:30, 3.27141818182, 0, 0, 0 
2014-12-20T11:12:30, 3.331755, 0, 0, 0 
2014-12-20T11:17:30, 2.59896, 0, 0, 0 
2014-12-20T11:22:30, 5.05428, 0, 0, 0 
2014-12-20T11:27:30, 4.119528, 0, 0, 0 
2014-12-20T11:32:30, 4.84381333333, 0, 0, 0 
2014-12-20T11:37:30, 4.09836, 0, 0, 0 
2014-12-20T11:42:30, 6.19442526316, 0, 0, 0 
2014-12-20T11:47:30, 2.4912384, 0, 0, 0 
2014-12-20T11:52:30, 3.6106875, 0, 0, 0 
2014-12-20T11:57:30, 5.45862361446, 0, 0, 0 
2014-12-20T12:02:30, 3.31753655172, 0, 0, 0 
2014-12-20T12:07:30, 3.52869176471, 0, 0, 0 
2014-12-20T12:12:30, 4.09893365854, 0, 0, 0 
2014-12-20T12:17:30, 1.83620093023, 0, 0, 0 
2014-12-20T12:22:30, 3.42738666667, 0, 0, 0 
2014-12-20T12:27:30, 4.72437, 0, 0, 0 
2014-12-20T12:32:30, 2.30473384615, 0, 0, 0 
2014-12-20T12:37:30, 3.9153293617, 0, 0, 0 
2014-12-20T12:42:30, 3.12397150685, 0, 0, 0 
2014-12-20T12:47:30, 2.50054736842, 0, 0, 0 
2014-12-20T12:52:30, 4.81125686747, 0, 0, 0 
2014-12-20T12:57:30, 2.739492, 0, 0, 0 
2014-12-20T13:02:30, 3.36122181818, 0, 0, 0 
2014-12-20T13:07:30, 2.56729846154, 0, 0, 0 
2014-12-20T13:12:30, 4.78189270588, 0, 0, 0 
2014-12-20T13:17:30, 3.77346929577, 0, 0, 0 
2014-12-20T13:22:30, 2.123856, 0, 0, 0 
2014-12-20T13:27:30, 1.91808, 0, 0, 0 
2014-12-20T13:32:30, 3.008376, 0, 0, 0 
2014-12-20T13:37:30, 2.29255854545, 0, 0, 0 
2014-12-20T13:42:30, 2.86491692308, 0, 0, 0 
2014-12-20T13:47:30, 2.9513925, 0, 0, 0 
2014-12-20T13:52:30, 4.36716, 0, 0, 0 
2014-12-20T13:57:30, 3.7886016, 0, 0, 0 
2014-12-20T14:02:30, 2.80329, 0, 0, 0 
2014-12-20T14:07:30, 3.77265913043, 0, 0, 0 
2014-12-20T14:12:30, 3.58349662921, 0, 0, 0 
2014-12-20T14:17:30, 4.11713349398, 0, 0, 0 
2014-12-20T14:22:30, 2.93814315789, 0, 0, 0 
2014-12-20T14:27:30, 3.22787835616, 0, 0, 0 
2014-12-20T14:32:30, 4.77058909091, 0, 0, 0 
2014-12-20T14:37:30, 3.24888607595, 0, 0, 0 
2014-12-20T14:42:30, 2.93773846154, 0, 0, 0 
2014-12-20T14:47:30, 2.95084125, 0, 0, 0 
2014-12-20T14:52:30, 4.12358210526, 0, 0, 0 
2014-12-20T14:57:30, 3.62502, 0, 0, 0 
2014-12-20T15:02:30, 4.66943707317, 0, 0, 0 
2014-12-20T15:07:30, 2.88861784615, 0, 0, 0 
2014-12-20T15:12:30, 3.24040101266, 0, 0, 0 
2014-12-20T15:17:30, 4.610655, 0, 0, 0 
2014-12-20T15:22:30, 1.83270315789, 0, 0, 0 
2014-12-20T15:27:30, 1.86766892308, 0, 0, 0 
2014-12-20T15:32:30, 3.41847402985, 0, 0, 0 
2014-12-20T15:37:30, 3.40528695652, 0, 0, 0 
2014-12-20T15:42:30, 2.4355159322, 0, 0, 0 
2014-12-20T15:47:30, 3.02309114754, 0, 0, 0 
2014-12-20T15:52:30, 3.41163789474, 0, 0, 0 
2014-12-20T15:57:30, 2.03825207547, 0, 0, 0 
2014-12-20T16:02:30, 2.90031, 0, 0, 0 
2014-12-20T16:07:30, 3.20904, 0, 0, 0 
2014-12-20T16:12:30, 1.02040615385, 0, 0, 0 
2014-12-20T16:17:30, 4.1972175, 0, 0, 0 
2014-12-20T16:22:30, 1.894095, 0, 0, 0 
2014-12-20T16:27:30, 1.70258666667, 0, 0, 0 
2014-12-20T16:32:30, 2.26296, 0, 0, 0 
2014-12-20T16:37:30, 1.34064, 0, 0, 0 
2014-12-20T16:42:30, 1.49129513514, 0, 0, 0 
2014-12-20T16:47:30, 1.9460448, 0, 0, 0 
2014-12-20T16:52:30, 2.45139096774, 0, 0, 0 
2014-12-20T16:57:30, 2.25150545455, 0, 0, 0 
2014-12-20T17:02:30, 3.07363636364, 0, 0, 0 
2014-12-20T17:07:30, 0.70812, 0, 0, 0 
2014-12-20T17:12:30, 1.49779636364, 0, 0, 0 
2014-12-20T17:17:30, 3.11976, 0, 0, 0 
2014-12-20T17:22:30, 1.75918909091, 0, 0, 0 
2014-12-20T17:27:30, 1.25970352941, 0, 0, 0 
2014-12-20T17:32:30, 1.10482105263, 0, 0, 0 
2014-12-20T17:37:30, 2.35053, 0, 0, 0 
2014-12-20T17:42:30, 1.99584, 0, 0, 0 
2014-12-20T17:47:30, 2.41752, 0, 0, 0 
2014-12-20T17:52:30, 1.160712, 0, 0, 0 
2014-12-20T17:57:30, 1.67963478261, 0, 0, 0 
2014-12-20T18:02:30, 1.54824923077, 0, 0, 0 
2014-12-20T18:07:30, 1.07457, 0, 0, 0 
2014-12-20T18:12:30, 1.66469333333, 0, 0, 0 
2014-12-20T18:17:30, 1.26394434783, 0, 0, 0 
2014-12-20T18:22:30, 0.906054545455, 0, 0, 0 
2014-12-20T18:27:30, 2.48976, 0, 0, 0 
2014-12-20T18:32:30, 1.87137391304, 0, 0, 0 
2014-12-20T18:37:30, 1.7527104, 0, 0, 0 
2014-12-20T18:42:30, 2.20108, 0, 0, 0 
2014-12-20T18:47:30, 1.127196, 0, 0, 0 
2014-12-20T18:52:30, 0.95256, 0, 0, 0 
2014-12-20T18:57:30, 0.900816, 0, 0, 0 
2014-12-20T19:02:30, 1.651545, 0, 0, 0 
2014-12-20T19:07:30, 1.37963368421, 0, 0, 0 
2014-12-20T19:12:30, 0.710892, 0, 0, 0 
2014-12-20T19:17:30, 2.51129454545, 0, 0, 0 
2014-12-20T19:22:30, 0.814968, 0, 0, 0 
2014-12-20T19:27:30, 0.54096, 0, 0, 0 
2014-12-20T19:32:30, 0.20286, 0, 0, 0 
2014-12-20T19:37:30, 1.07085176471, 0, 0, 0 
2014-12-20T19:42:30, 0.93492, 0, 0, 0 
2014-12-20T19:47:30, 2.4145632, 0, 0, 0 
2014-12-20T19:52:30, 1.19511, 0, 0, 0 
2014-12-20T19:57:30, 2.2804992, 0, 0, 0 
2014-12-20T20:02:30, 1.26224, 0, 0, 0 
2014-12-20T20:07:30, 2.12562, 0, 0, 0 
2014-12-20T20:12:30, 2.00553230769, 0, 0, 0 
2014-12-20T20:17:30, 1.310064, 0, 0, 0 
2014-12-20T20:22:30, 2.49312, 0, 0, 0 
2014-12-20T20:27:30, 2.27304, 0, 0, 0 
2014-12-20T20:32:30, 1.34064, 0, 0, 0 
2014-12-20T20:37:30, 3.4938225, 0, 0, 0 
2014-12-20T20:42:30, 0.21168, 0, 0, 0 
2014-12-20T20:47:30, 1.48718769231, 0, 0, 0 
2014-12-20T20:52:30, 0.946145454545, 0, 0, 0 
2014-12-20T20:57:30, 1.28493473684, 0, 0, 0 
2014-12-20T21:02:30, 1.40532, 0, 0, 0 
2014-12-20T21:07:30, 0.816867692308, 0, 0, 0 
2014-12-20T21:12:30, 1.10152, 0, 0, 0 
2014-12-20T21:17:30, 0.42042, 0, 0, 0 
2014-12-20T21:22:30, 0.5733, 0, 0, 0 
2014-12-20T21:27:30, 1.86153882353, 0, 0, 0 
2014-12-20T21:32:30, 2.56930434783, 0, 0, 0 
2014-12-20T21:37:30, 2.01838736842, 0, 0, 0 
2014-12-20T21:42:30, 3.20887636364, 0, 0, 0 
2014-12-20T21:47:30, 0.47334, 0, 0, 0 
2014-12-20T21:52:30, 2.0727, 0, 0, 0 
2014-12-20T21:57:30, 0.96579, 0, 0, 0 
2014-12-20T22:02:30, 0.659464615385, 0, 0, 0 
2014-12-20T22:07:30, 1.60659692308, 0, 0, 0 
2014-12-20T22:12:30, 2.129148, 0, 0, 0 
2014-12-20T22:17:30, 3.56114181818, 0, 0, 0 
2014-12-20T22:22:30, 1.338876, 0, 0, 0 
2014-12-20T22:27:30, 1.432368, 0, 0, 0 
2014-12-20T22:32:30, 1.9643904, 0, 0, 0 
2014-12-20T22:37:30, 0.612211764706, 0, 0, 0 
2014-12-20T22:42:30, 1.12014, 0, 0, 0 
2014-12-20T22:47:30, 3.35013, 0, 0, 0 
2014-12-20T22:52:30, 1.24264, 0, 0, 0 
2014-12-20T22:57:30, 2.91602769231, 0, 0, 0 
2014-12-20T23:02:30, 2.42676, 0, 0, 0 
2014-12-20T23:07:30, 0.93198, 0, 0, 0 
2014-12-20T23:12:30, 3.8017728, 0, 0, 0 
2014-12-20T23:17:30, 1.764, 0, 0, 0 
2014-12-20T23:22:30, 1.63632, 0, 0, 0 
2014-12-20T23:27:30, 1.64187692308, 0, 0, 0 
2014-12-20T23:32:30, 0.94374, 0, 0, 0 
2014-12-20T23:37:30, 1.4154336, 0, 0, 0 
2014-12-20T23:42:30, 0.73206, 0, 0, 0 
2014-12-20T23:47:30, 1.52446736842, 0, 0, 0 
2014-12-20T23:52:30, 0.94584, 0, 0, 0 
2014-12-20T23:57:30, 0.169344, 0, 0, 0 
2014-12-21T00:02:30, 1.58004, 0, 0, 0 
2014-12-21T00:07:30, 1.250235, 0, 0, 0 
2014-12-21T00:12:30, 0.85456, 0, 0, 0 
2014-12-21T00:17:30, 1.14938526316, 0, 0, 0 
2014-12-21T00:22:30, 0.48636, 0, 0, 0 
2014-12-21T00:27:30, 1.28331, 0, 0, 0 
2014-12-21T00:32:30, 0.504504, 0, 0, 0 
2014-12-21T00:37:30, 3.04416, 0, 0, 0 
2014-12-21T00:42:30, 1.61112, 0, 0, 0 
2014-12-21T00:47:30, 1.63250181818, 0, 0, 0 
2014-12-21T00:52:30, 1.9460448, 0, 0, 0 
2014-12-21T00:57:30, 1.93599, 0, 0, 0 
2014-12-21T01:02:30, 0.64512, 0, 0, 0 
2014-12-21T01:07:30, 1.84270153846, 0, 0, 0 
2014-12-21T01:12:30, 0.610615384615, 0, 0, 0 
2014-12-21T01:17:30, 0.568008, 0, 0, 0 
2014-12-21T01:22:30, 2.30565176471, 0, 0, 0 
2014-12-21T01:27:30, 2.488416, 0, 0, 0 
2014-12-21T01:32:30, 1.21324, 0, 0, 0 
2014-12-21T01:37:30, 1.8754848, 0, 0, 0 
2014-12-21T01:42:30, 1.03572, 0, 0, 0 
2014-12-21T01:47:30, 0.583723636364, 0, 0, 0 
2014-12-21T01:52:30, 0.32634, 0, 0, 0 
2014-12-21T01:57:30, 3.20264, 0, 0, 0 
2014-12-21T02:02:30, 1.04557090909, 0, 0, 0 
2014-12-21T02:07:30, 1.76204, 0, 0, 0 
2014-12-21T02:12:30, 1.392384, 0, 0, 0 
2014-12-21T02:17:30, 2.57336470588, 0, 0, 0 
2014-12-21T02:22:30, 2.61828, 0, 0, 0 
2014-12-21T02:27:30, 0.42336, 0, 0, 0 
2014-12-21T02:32:30, 2.8602, 0, 0, 0 
2014-12-21T02:37:30, 0.963144, 0, 0, 0 
2014-12-21T02:42:30, 2.076228, 0, 0, 0 
2014-12-21T02:47:30, 2.5294226087, 0, 0, 0 
2014-12-21T02:52:30, 0.79968, 0, 0, 0 
2014-12-21T02:57:30, 1.68061090909, 0, 0, 0 
2014-12-21T03:02:30, 0.49098, 0, 0, 0 
2014-12-21T03:07:30, 1.34224363636, 0, 0, 0 
2014-12-21T03:12:30, 3.05555478261, 0, 0, 0 
2014-12-21T03:17:30, 1.54970666667, 0, 0, 0 
2014-12-21T03:22:30, 4.071312, 0, 0, 0 
2014-12-21T03:27:30, 3.34074461538, 0, 0, 0 
2014-12-21T03:32:30, 0.9114, 0, 0, 0 
2014-12-21T03:37:30, 1.048992, 0, 0, 0 
2014-12-21T03:42:30, 0.42728, 0, 0, 0 
2014-12-21T03:47:30, 1.46251636364, 0, 0, 0 
2014-12-21T03:52:30, 1.361808, 0, 0, 0 
2014-12-21T03:57:30, 3.34572, 0, 0, 0 
2014-12-21T04:02:30, 0.42336, 0, 0, 0 
2014-12-21T04:07:30, 2.290848, 0, 0, 0 
2014-12-21T04:12:30, 1.62288, 0, 0, 0 
2014-12-21T04:17:30, 1.3524, 0, 0, 0 
2014-12-21T04:22:30, 0.839664, 0, 0, 0 
2014-12-21T04:27:30, 0.14112, 0, 0, 0 
2014-12-21T04:32:30, 0.4116, 0, 0, 0 
2014-12-21T04:37:30, 1.315944, 0, 0, 0 
2014-12-21T04:42:30, 0.169344, 0, 0, 0 
2014-12-21T04:47:30, 1.380624, 0, 0, 0 
2014-12-21T04:52:30, 0.7497, 0, 0, 0 
2014-12-21T04:57:30, 1.94854153846, 0, 0, 0 
2014-12-21T05:02:30, 1.91426666667, 0, 0, 0 
2014-12-21T05:07:30, 0.7497, 0, 0, 0 
2014-12-21T05:12:30, 0.718051764706, 0, 0, 0 
2014-12-21T05:17:30, 0.68943, 0, 0, 0 
2014-12-21T05:22:30, 1.46706, 0, 0, 0 
2014-12-21T05:27:30, 0.827723076923, 0, 0, 0 
2014-12-21T05:32:30, 1.60627764706, 0, 0, 0 
2014-12-21T05:37:30, 0.64512, 0, 0, 0 
2014-12-21T05:42:30, 1.79928, 0, 0, 0 
2014-12-21T05:47:30, 1.59401454545, 0, 0, 0 
2014-12-21T05:52:30, 0.6027, 0, 0, 0 
2014-12-21T05:57:30, 1.6990848, 0, 0, 0 
2014-12-21T06:02:30, 0.557865, 0, 0, 0 
2014-12-21T06:07:30, 2.28074823529, 0, 0, 0 
2014-12-21T06:12:30, 2.386692, 0, 0, 0 
2014-12-21T06:17:30, 0.788989090909, 0, 0, 0 
2014-12-21T06:22:30, 1.11452727273, 0, 0, 0 
2014-12-21T06:27:30, 2.31187764706, 0, 0, 0 
2014-12-21T06:32:30, 2.31187764706, 0, 0, 0 
2014-12-21T06:37:30, 0.94962, 0, 0, 0 
2014-12-21T06:42:30, 0.78792, 0, 0, 0 
2014-12-21T06:47:30, 2.24616, 0, 0, 0 
2014-12-21T06:52:30, 2.4018624, 0, 0, 0 
2014-12-21T06:57:30, 0.29232, 0, 0, 0 
2014-12-21T07:02:30, 1.26126, 0, 0, 0 
2014-12-21T07:07:30, 1.35149538462, 0, 0, 0 
2014-12-21T07:12:30, 1.52684, 0, 0, 0 
2014-12-21T07:17:30, 0.338688, 0, 0, 0 
2014-12-21T07:22:30, 3.90155294118, 0, 0, 0 
2014-12-21T07:27:30, 1.93579826087, 0, 0, 0 
2014-12-21T07:32:30, 0.38304, 0, 0, 0 
2014-12-21T07:37:30, 2.4046848, 0, 0, 0 
2014-12-21T07:42:30, 2.91648, 0, 0, 0 
2014-12-21T07:47:30, 1.019592, 0, 0, 0 
2014-12-21T07:52:30, 1.8914, 0, 0, 0 
2014-12-21T07:57:30, 1.796928, 0, 0, 0 
2014-12-21T08:02:30, 0.694575, 0, 0, 0 
2014-12-21T08:07:30, 2.149875, 0, 0, 0 
2014-12-21T08:12:30, 1.73124, 0, 0, 0 
2014-12-21T08:17:30, 0.963415384615, 0, 0, 0 
2014-12-21T08:22:30, 1.7934, 0, 0, 0 
2014-12-21T08:27:30, 1.04664, 0, 0, 0 
2014-12-21T08:32:30, 0.502061538462, 0, 0, 0 
2014-12-21T08:37:30, 0.801941538462, 0, 0, 0 
2014-12-21T08:42:30, 3.102876, 0, 0, 0 
2014-12-21T08:47:30, 0.64092, 0, 0, 0 
2014-12-21T08:52:30, 2.61464, 0, 0, 0 
2014-12-21T08:57:30, 1.86858, 0, 0, 0 
2014-12-21T09:02:30, 0.49392, 0, 0, 0 
2014-12-21T09:07:30, 2.24254153846, 0, 0, 0 
2014-12-21T09:12:30, 1.8522, 0, 0, 0 
2014-12-21T09:17:30, 1.68952, 0, 0, 0 
2014-12-21T09:22:30, 2.06468181818, 0, 0, 0 
2014-12-21T09:27:30, 1.851318, 0, 0, 0 
2014-12-21T09:32:30, 1.57934297872, 0, 0, 0 
2014-12-21T09:37:30, 2.91857424658, 0, 0, 0 
2014-12-21T09:42:30, 2.21830736842, 0, 0, 0 
2014-12-21T09:47:30, 2.49312, 0, 0, 0 
2014-12-21T09:52:30, 3.16654641509, 0, 0, 0 
2014-12-21T09:57:30, 3.6045228169, 0, 0, 0 
2014-12-21T10:02:30, 2.8392, 0, 0, 0 
2014-12-21T10:07:30, 2.2833216, 0, 0, 0 
2014-12-21T10:12:30, 1.88419118644, 0, 0, 0 
2014-12-21T10:17:30, 2.91928835821, 0, 0, 0 
2014-12-21T10:22:30, 2.04376421053, 0, 0, 0 
2014-12-21T10:27:30, 2.4759504, 0, 0, 0 
2014-12-21T10:32:30, 2.96509970149, 0, 0, 0 
2014-12-21T10:37:30, 1.35266727273, 0, 0, 0 
2014-12-21T10:42:30, 2.50103127273, 0, 0, 0 
2014-12-21T10:47:30, 2.26765241379, 0, 0, 0 
2014-12-21T10:52:30, 1.91321704918, 0, 0, 0 
2014-12-21T10:57:30, 3.5736288, 0, 0, 0 
2014-12-21T11:02:30, 2.45385, 0, 0, 0 
2014-12-21T11:07:30, 1.91706092308, 0, 0, 0 
2014-12-21T11:12:30, 2.53970181818, 0, 0, 0 
2014-12-21T11:17:30, 1.77786, 0, 0, 0 
2014-12-21T11:22:30, 4.29420923077, 0, 0, 0 
2014-12-21T11:27:30, 2.49354, 0, 0, 0 
2014-12-21T11:32:30, 1.75100210526, 0, 0, 0 
2014-12-21T11:37:30, 1.83920210526, 0, 0, 0 
2014-12-21T11:42:30, 1.59664615385, 0, 0, 0 
2014-12-21T11:47:30, 2.38322482759, 0, 0, 0 
2014-12-21T11:52:30, 1.819125, 0, 0, 0 
2014-12-21T11:57:30, 2.7216, 0, 0, 0 
2014-12-21T12:02:30, 1.22713043478, 0, 0, 0 
2014-12-21T12:07:30, 2.8174608, 0, 0, 0 
2014-12-21T12:12:30, 2.36857090909, 0, 0, 0 
2014-12-21T12:17:30, 1.7631395122, 0, 0, 0 
2014-12-21T12:22:30, 2.02181538462, 0, 0, 0 
2014-12-21T12:27:30, 2.23632, 0, 0, 0 
2014-12-21T12:32:30, 1.40276347826, 0, 0, 0 
2014-12-21T12:37:30, 2.633064, 0, 0, 0 
2014-12-21T12:42:30, 1.37305945946, 0, 0, 0 
2014-12-21T12:47:30, 1.19821333333, 0, 0, 0 
2014-12-21T12:52:30, 1.841616, 0, 0, 0 
2014-12-21T12:57:30, 1.62566526316, 0, 0, 0 
2014-12-21T13:02:30, 1.27656, 0, 0, 0 
2014-12-21T13:07:30, 0.951606486486, 0, 0, 0 
2014-12-21T13:12:30, 1.26817297297, 0, 0, 0 
2014-12-21T13:17:30, 2.06388, 0, 0, 0 
2014-12-21T13:22:30, 1.64767135135, 0, 0, 0 
2014-12-21T13:27:30, 1.68827707317, 0, 0, 0 
2014-12-21T13:32:30, 1.19475243243, 0, 0, 0 
2014-12-21T13:37:30, 2.383605, 0, 0, 0 
2014-12-21T13:42:30, 1.5897168, 0, 0, 0 
2014-12-21T13:47:30, 0.857304, 0, 0, 0 
2014-12-21T13:52:30, 0.984772173913, 0, 0, 0 
2014-12-21T13:57:30, 0.52185, 0, 0, 0 
2014-12-21T14:02:30, 2.02644878049, 0, 0, 0 
2014-12-21T14:07:30, 1.12308, 0, 0, 0 
2014-12-21T14:12:30, 1.11416516129, 0, 0, 0 
2014-12-21T14:17:30, 1.25285023256, 0, 0, 0 
2014-12-21T14:22:30, 0.805025454545, 0, 0, 0 
2014-12-21T14:27:30, 0.53508, 0, 0, 0 
2014-12-21T14:32:30, 2.00361, 0, 0, 0 
2014-12-21T14:37:30, 1.70243294118, 0, 0, 0 
2014-12-21T14:42:30, 1.44401860465, 0, 0, 0 
2014-12-21T14:47:30, 1.62632195122, 0, 0, 0 
2014-12-21T14:52:30, 2.80027525424, 0, 0, 0 
2014-12-21T14:57:30, 3.24385297297, 0, 0, 0 
2014-12-21T15:02:30, 1.59012, 0, 0, 0 
2014-12-21T15:07:30, 1.93374339623, 0, 0, 0 
2014-12-21T15:12:30, 2.59917381818, 0, 0, 0 
2014-12-21T15:17:30, 1.319472, 0, 0, 0 
2014-12-21T15:22:30, 2.34272769231, 0, 0, 0 
2014-12-21T15:27:30, 1.83074594595, 0, 0, 0 
2014-12-21T15:32:30, 1.293264, 0, 0, 0 
2014-12-21T15:37:30, 1.72631454545, 0, 0, 0 
2014-12-21T15:42:30, 1.35963692308, 0, 0, 0 
2014-12-21T15:47:30, 1.66824, 0, 0, 0 
2014-12-21T15:52:30, 1.9576097561, 0, 0, 0 
2014-12-21T15:57:30, 1.03047, 0, 0, 0 
2014-12-21T16:02:30, 1.801296, 0, 0, 0 
2014-12-21T16:07:30, 2.063376, 0, 0, 0 
2014-12-21T16:12:30, 1.126944, 0, 0, 0 
2014-12-21T16:17:30, 2.96023813953, 0, 0, 0 
2014-12-21T16:22:30, 1.6736832, 0, 0, 0 
2014-12-21T16:27:30, 0.697581818182, 0, 0, 0 
2014-12-21T16:32:30, 1.8466875, 0, 0, 0 
2014-12-21T16:37:30, 1.237005, 0, 0, 0 
2014-12-21T16:42:30, 1.53411096774, 0, 0, 0 
2014-12-21T16:47:30, 1.6438275, 0, 0, 0 
2014-12-21T16:52:30, 1.7199, 0, 0, 0 
2014-12-21T16:57:30, 1.16343818182, 0, 0, 0 
2014-12-21T17:02:30, 1.32403764706, 0, 0, 0 
2014-12-21T17:07:30, 1.47567724138, 0, 0, 0 
2014-12-21T17:12:30, 0.924064615385, 0, 0, 0 
2014-12-21T17:17:30, 1.750896, 0, 0, 0 
2014-12-21T17:22:30, 1.8747062069, 0, 0, 0 
2014-12-21T17:27:30, 1.76128615385, 0, 0, 0 
2014-12-21T17:32:30, 3.47746378378, 0, 0, 0 
2014-12-21T17:37:30, 1.04664, 0, 0, 0 
2014-12-21T17:42:30, 0.866565, 0, 0, 0 
2014-12-21T17:47:30, 1.23872, 0, 0, 0 
2014-12-21T17:52:30, 0.865716923077, 0, 0, 0 
2014-12-21T17:57:30, 0.09702, 0, 0, 0 
2014-12-21T18:02:30, 1.5288, 0, 0, 0 
2014-12-21T18:07:30, 0.71736, 0, 0, 0 
2014-12-21T18:12:30, 1.20494769231, 0, 0, 0 
2014-12-21T18:17:30, 0.1176, 0, 0, 0 
2014-12-21T18:22:30, 1.05448, 0, 0, 0 
2014-12-21T18:27:30, 1.46251636364, 0, 0, 0 
2014-12-21T18:32:30, 1.93158, 0, 0, 0 
2014-12-21T18:37:30, 1.05448, 0, 0, 0 
2014-12-21T18:42:30, 3.16689882353, 0, 0, 0 
2014-12-21T18:47:30, 1.29253090909, 0, 0, 0 
2014-12-21T18:52:30, 0.75852, 0, 0, 0 
2014-12-21T18:57:30, 0.79821, 0, 0, 0 
2014-12-21T19:02:30, 2.39736, 0, 0, 0 
2014-12-21T19:07:30, 2.12856, 0, 0, 0 
2014-12-21T19:12:30, 0.62328, 0, 0, 0 
2014-12-21T19:17:30, 0.77616, 0, 0, 0 
2014-12-21T19:22:30, 0.225792, 0, 0, 0 
2014-12-21T19:27:30, 0.38808, 0, 0, 0 
2014-12-21T19:32:30, 1.831032, 0, 0, 0 
2014-12-21T19:37:30, 0.71001, 0, 0, 0 
2014-12-21T19:42:30, 2.78124, 0, 0, 0 
2014-12-21T19:47:30, 1.99020705882, 0, 0, 0 
2014-12-21T19:52:30, 0.07056, 0, 0, 0 
2014-12-21T19:57:30, 2.10798, 0, 0, 0 
2014-12-21T20:02:30, 0.82152, 0, 0, 0 
2014-12-21T20:07:30, 0.27342, 0, 0, 0 
2014-12-21T20:12:30, 0.64288, 0, 0, 0 
2014-12-21T20:17:30, 1.77912, 0, 0, 0 
2014-12-21T20:22:30, 0.804825, 0, 0, 0 
2014-12-21T20:27:30, 1.39459764706, 0, 0, 0 
2014-12-21T20:32:30, 0.62622, 0, 0, 0 
2014-12-21T20:37:30, 1.8312, 0, 0, 0 
2014-12-21T20:42:30, 0.8085, 0, 0, 0 
2014-12-21T20:47:30, 1.08085090909, 0, 0, 0 
2014-12-21T20:52:30, 0.434215384615, 0, 0, 0 
2014-12-21T20:57:30, 0.7308, 0, 0, 0 
2014-12-21T21:02:30, 0.90552, 0, 0, 0 
2014-12-21T21:07:30, 0.15876, 0, 0, 0 
2014-12-21T21:12:30, 1.35920842105, 0, 0, 0 
2014-12-21T21:17:30, 1.855728, 0, 0, 0 
2014-12-21T21:22:30, 0.40376, 0, 0, 0 
2014-12-21T21:27:30, 1.700055, 0, 0, 0 
2014-12-21T21:32:30, 1.46572363636, 0, 0, 0 
2014-12-21T21:37:30, 1.09096615385, 0, 0, 0 
2014-12-21T21:42:30, 2.6208, 0, 0, 0 
2014-12-21T21:47:30, 0.54684, 0, 0, 0 
2014-12-21T21:52:30, 1.08011076923, 0, 0, 0 
2014-12-21T21:57:30, 1.52024727273, 0, 0, 0 
2014-12-21T22:02:30, 0.1764, 0, 0, 0 
2014-12-21T22:07:30, 2.889432, 0, 0, 0 
2014-12-21T22:12:30, 1.09061217391, 0, 0, 0 
2014-12-21T22:17:30, 1.418256, 0, 0, 0 
2014-12-21T22:22:30, 1.11552, 0, 0, 0 
2014-12-21T22:27:30, 1.18608, 0, 0, 0 
2014-12-21T22:32:30, 1.01226461538, 0, 0, 0 
2014-12-21T22:37:30, 0.56196, 0, 0, 0 
2014-12-21T22:42:30, 1.39634526316, 0, 0, 0 
2014-12-21T22:47:30, 1.96392, 0, 0, 0 
2014-12-21T22:52:30, 2.427264, 0, 0, 0 
2014-12-21T22:57:30, 0.627984, 0, 0, 0 
2014-12-21T23:02:30, 2.00680941176, 0, 0, 0 
2014-12-21T23:07:30, 1.89336, 0, 0, 0 
2014-12-21T23:12:30, 0.56448, 0, 0, 0 
2014-12-21T23:17:30, 0.10584, 0, 0, 0 
2014-12-21T23:22:30, 1.28907692308, 0, 0, 0 
2014-12-21T23:27:30, 0.712656, 0, 0, 0 
2014-12-21T23:32:30, 1.10110736842, 0, 0, 0 
2014-12-21T23:37:30, 2.099664, 0, 0, 0 
2014-12-21T23:42:30, 0.278712, 0, 0, 0 
2014-12-21T23:47:30, 2.577792, 0, 0, 0 
2014-12-21T23:52:30, 1.15164, 0, 0, 0 
2014-12-21T23:57:30, 0.62916, 0, 0, 0 
2014-12-22T00:02:30, 2.12121, 0, 0, 0 
2014-12-22T00:07:30, 0.92904, 0, 0, 0 
2014-12-22T00:12:30, 0.30968, 0, 0, 0 
2014-12-22T00:17:30, 0.912576, 0, 0, 0 
2014-12-22T00:22:30, 0.997248, 0, 0, 0 
2014-12-22T00:27:30, 0.409248, 0, 0, 0 
2014-12-22T00:32:30, 0.59192, 0, 0, 0 
2014-12-22T00:37:30, 0.522585, 0, 0, 0 
2014-12-22T00:42:30, 0.208152, 0, 0, 0 
2014-12-22T00:47:30, 0.48216, 0, 0, 0 
2014-12-22T00:52:30, 1.21212, 0, 0, 0 
2014-12-22T00:57:30, 0.28224, 0, 0, 0 
2014-12-22T01:02:30, 0.60417, 0, 0, 0 
2014-12-22T01:07:30, 1.42605473684, 0, 0, 0 
2014-12-22T01:12:30, 1.53189473684, 0, 0, 0 
2014-12-22T01:17:30, 0.431661176471, 0, 0, 0 
2014-12-22T01:22:30, 1.57674461538, 0, 0, 0 
2014-12-22T01:27:30, 0.98784, 0, 0, 0 
2014-12-22T01:32:30, 0.795403636364, 0, 0, 0 
2014-12-22T01:37:30, 0.148176, 0, 0, 0 
2014-12-22T01:42:30, 1.55232, 0, 0, 0 
2014-12-22T01:47:30, 0.59094, 0, 0, 0 
2014-12-22T01:52:30, 1.566432, 0, 0, 0 
2014-12-22T01:57:30, 3.46015384615, 0, 0, 0 
2014-12-22T02:02:30, 1.74771692308, 0, 0, 0 
2014-12-22T02:07:30, 1.10712, 0, 0, 0 
2014-12-22T02:12:30, 1.42365176471, 0, 0, 0 
2014-12-22T02:17:30, 0.985126153846, 0, 0, 0 
2014-12-22T02:22:30, 0.522144, 0, 0, 0 
2014-12-22T02:27:30, 1.444128, 0, 0, 0 
2014-12-22T02:32:30, 1.078245, 0, 0, 0 
2014-12-22T02:37:30, 1.22472, 0, 0, 0 
2014-12-22T02:42:30, 0.891621818182, 0, 0, 0 
2014-12-22T02:47:30, 0.17934, 0, 0, 0 
2014-12-22T02:52:30, 0.49392, 0, 0, 0 
2014-12-22T02:57:30, 0.5292, 0, 0, 0 
2014-12-22T03:02:30, 2.14377882353, 0, 0, 0 
2014-12-22T03:07:30, 0.324576, 0, 0, 0 
2014-12-22T03:12:30, 0.697458461538, 0, 0, 0 
2014-12-22T03:17:30, 1.53060923077, 0, 0, 0 
2014-12-22T03:22:30, 0.68992, 0, 0, 0 
2014-12-22T03:27:30, 2.58506181818, 0, 0, 0 
2014-12-22T03:32:30, 0.97461, 0, 0, 0 
2014-12-22T03:37:30, 0.32928, 0, 0, 0 
2014-12-22T03:42:30, 0.11172, 0, 0, 0 
2014-12-22T03:47:30, 1.49499, 0, 0, 0 
2014-12-22T03:52:30, 1.3986, 0, 0, 0 
2014-12-22T03:57:30, 0.56448, 0, 0, 0 
2014-12-22T04:02:30, 2.54898, 0, 0, 0 
2014-12-22T04:07:30, 1.38348, 0, 0, 0 
2014-12-22T04:12:30, 0.83349, 0, 0, 0 
2014-12-22T04:17:30, 1.73852, 0, 0, 0 
2014-12-22T04:22:30, 0.32634, 0, 0, 0 
2014-12-22T04:27:30, 0.500976, 0, 0, 0 
2014-12-22T04:32:30, 0.28224, 0, 0, 0 
2014-12-22T04:37:30, 1.0143, 0, 0, 0 
2014-12-22T04:42:30, 0.500976, 0, 0, 0 
2014-12-22T04:47:30, 0.455112, 0, 0, 0 
2014-12-22T04:52:30, 0.59976, 0, 0, 0 
2014-12-22T04:57:30, 1.13288, 0, 0, 0 
2014-12-22T05:02:30, 0.5292, 0, 0, 0 
2014-12-22T05:07:30, 1.86102, 0, 0, 0 
2014-12-22T05:12:30, 0.62916, 0, 0, 0 
2014-12-22T05:17:30, 1.40497411765, 0, 0, 0 
2014-12-22T05:22:30, 1.13484, 0, 0, 0 
2014-12-22T05:27:30, 2.03661818182, 0, 0, 0 
2014-12-22T05:32:30, 0.72324, 0, 0, 0 
2014-12-22T05:37:30, 0.28224, 0, 0, 0 
2014-12-22T05:42:30, 0.28224, 0, 0, 0 
2014-12-22T05:47:30, 1.07352, 0, 0, 0 
2014-12-22T05:52:30, 1.026648, 0, 0, 0 
2014-12-22T05:57:30, 0.39249, 0, 0, 0 
2014-12-22T06:02:30, 2.058, 0, 0, 0 
2014-12-22T06:07:30, 0.82908, 0, 0, 0 
2014-12-22T06:12:30, 0.15876, 0, 0, 0 
2014-12-22T06:17:30, 1.2348, 0, 0, 0 
2014-12-22T06:22:30, 0.59976, 0, 0, 0 
2014-12-22T06:27:30, 1.34848, 0, 0, 0 
2014-12-22T06:32:30, 1.00683692308, 0, 0, 0 
2014-12-22T06:37:30, 1.01689411765, 0, 0, 0 
2014-12-22T06:42:30, 1.35828, 0, 0, 0 
2014-12-22T06:47:30, 0.37296, 0, 0, 0 
2014-12-22T06:52:30, 1.147776, 0, 0, 0 
2014-12-22T06:57:30, 1.88496, 0, 0, 0 
2014-12-22T07:02:30, 1.81104, 0, 0, 0 
2014-12-22T07:07:30, 0.59682, 0, 0, 0 
2014-12-22T07:12:30, 1.40952, 0, 0, 0 
2014-12-22T07:17:30, 1.245888, 0, 0, 0 
2014-12-22T07:22:30, 2.80780137931, 0, 0, 0 
2014-12-22T07:27:30, 2.95100129032, 0, 0, 0 
2014-12-22T07:32:30, 2.9106, 0, 0, 0 
2014-12-22T07:37:30, 1.37017674419, 0, 0, 0 
2014-12-22T07:42:30, 1.57645894737, 0, 0, 0 
2014-12-22T07:47:30, 1.89924, 0, 0, 0 
2014-12-22T07:52:30, 2.24254153846, 0, 0, 0 
2014-12-22T07:57:30, 1.263024, 0, 0, 0 
2014-12-22T08:02:30, 1.98864, 0, 0, 0 
2014-12-22T08:07:30, 2.23935157895, 0, 0, 0 
2014-12-22T08:12:30, 1.95804, 0, 0, 0 
2014-12-22T08:17:30, 1.475145, 0, 0, 0 
2014-12-22T08:22:30, 1.50155121951, 0, 0, 0 
2014-12-22T08:27:30, 3.11620721311, 0, 0, 0 
2014-12-22T08:32:30, 2.52584347826, 0, 0, 0 
2014-12-22T08:37:30, 1.89597333333, 0, 0, 0 
2014-12-22T08:42:30, 1.39671, 0, 0, 0 
2014-12-22T08:47:30, 2.87739529412, 0, 0, 0 
2014-12-22T08:52:30, 3.4149339759, 0, 0, 0 
2014-12-22T08:57:30, 2.75688, 0, 0, 0 
2014-12-22T09:02:30, 3.16374545455, 0, 0, 0 
2014-12-22T09:07:30, 4.5786825, 0, 0, 0 
2014-12-22T09:12:30, 3.51517090909, 0, 0, 0 
2014-12-22T09:17:30, 3.54764454545, 0, 0, 0 
2014-12-22T09:22:30, 6.020112, 0, 0, 0 
2014-12-22T09:27:30, 4.10854811881, 0, 0, 0 
2014-12-22T09:32:30, 4.78562823529, 0, 0, 0 
2014-12-22T09:37:30, 4.87296, 0, 0, 0 
2014-12-22T09:42:30, 5.12942103093, 0, 0, 0 
2014-12-22T09:47:30, 3.88531255814, 0, 0, 0 
2014-12-22T09:52:30, 3.72736528302, 0, 0, 0 
2014-12-22T09:57:30, 3.85541560976, 0, 0, 0 
2014-12-22T10:02:30, 3.336165, 0, 0, 0 
2014-12-22T10:07:30, 3.91220780488, 0, 0, 0 
2014-12-22T10:12:30, 4.09842606742, 0, 0, 0 
2014-12-22T10:17:30, 5.14884461538, 0, 0, 0 
2014-12-22T10:22:30, 5.07234365217, 0, 0, 0 
2014-12-22T10:27:30, 4.674096, 0, 0, 0 
2014-12-22T10:32:30, 4.90249454545, 0, 0, 0 
2014-12-22T10:37:30, 4.31385230769, 0, 0, 0 
2014-12-22T10:42:30, 5.284608, 0, 0, 0 
2014-12-22T10:47:30, 5.31424864865, 0, 0, 0 
2014-12-22T10:52:30, 4.55417307692, 0, 0, 0 
2014-12-22T10:57:30, 5.01104290909, 0, 0, 0 
2014-12-22T11:02:30, 6.75875905512, 0, 0, 0 
2014-12-22T11:07:30, 5.42689411765, 0, 0, 0 
2014-12-22T11:12:30, 5.58992, 0, 0, 0 
2014-12-22T11:17:30, 4.99032610169, 0, 0, 0 
2014-12-22T11:22:30, 4.77296064, 0, 0, 0 
2014-12-22T11:27:30, 5.70327104895, 0, 0, 0 
2014-12-22T11:32:30, 5.62847641791, 0, 0, 0 
2014-12-22T11:37:30, 8.51473293413, 0, 0, 0 
2014-12-22T11:42:30, 7.89618666667, 0, 0, 0 
2014-12-22T11:47:30, 5.60360053691, 0, 0, 0 
2014-12-22T11:52:30, 7.68303165644, 0, 0, 0 
2014-12-22T11:57:30, 5.70241553957, 0, 0, 0 
2014-12-22T12:02:30, 7.19582926829, 0, 0, 0 
2014-12-22T12:07:30, 6.30745043478, 0, 0, 0 
2014-12-22T12:12:30, 5.89667240506, 0, 0, 0 
2014-12-22T12:17:30, 6.95684705882, 0, 0, 0 
2014-12-22T12:22:30, 7.40156869565, 0, 0, 0 
2014-12-22T12:27:30, 6.2223558042, 0, 0, 0 
2014-12-22T12:32:30, 6.01209863014, 0, 0, 0 
2014-12-22T12:37:30, 7.6978683871, 0, 0, 0 
2014-12-22T12:42:30, 5.8456608, 0, 0, 0 
2014-12-22T12:47:30, 6.3605136, 0, 0, 0 
2014-12-22T12:52:30, 6.47689736842, 0, 0, 0 
2014-12-22T12:57:30, 8.13511674419, 0, 0, 0 
2014-12-22T13:02:30, 8.77702254545, 0, 0, 0 
2014-12-22T13:07:30, 5.03755636364, 0, 0, 0 
2014-12-22T13:12:30, 6.94172830189, 0, 0, 0 
2014-12-22T13:17:30, 5.67979317073, 0, 0, 0 
2014-12-22T13:22:30, 5.10890896552, 0, 0, 0 
2014-12-22T13:27:30, 5.78538545455, 0, 0, 0 
2014-12-22T13:32:30, 6.12786461538, 0, 0, 0 
2014-12-22T13:37:30, 5.817035, 0, 0, 0 
2014-12-22T13:42:30, 6.41368, 0, 0, 0 
2014-12-22T13:47:30, 4.03422697674, 0, 0, 0 
2014-12-22T13:52:30, 6.11462634146, 0, 0, 0 
2014-12-22T13:57:30, 4.82127780822, 0, 0, 0 
2014-12-22T14:02:30, 4.90327266055, 0, 0, 0 
2014-12-22T14:07:30, 8.43903290323, 0, 0, 0 
2014-12-22T14:12:30, 6.22840122137, 0, 0, 0 
2014-12-22T14:17:30, 4.74592695652, 0, 0, 0 
2014-12-22T14:22:30, 5.58589211009, 0, 0, 0 
2014-12-22T14:27:30, 5.64607826087, 0, 0, 0 
2014-12-22T14:32:30, 4.66473826772, 0, 0, 0 
2014-12-22T14:37:30, 7.63442129032, 0, 0, 0 
2014-12-22T14:42:30, 6.34862490566, 0, 0, 0 
2014-12-22T14:47:30, 7.66233391304, 0, 0, 0 
2014-12-22T14:52:30, 7.83011478261, 0, 0, 0 
2014-12-22T14:57:30, 7.0787792126, 0, 0, 0 
2014-12-22T15:02:30, 5.185404, 0, 0, 0 
2014-12-22T15:07:30, 5.42110978723, 0, 0, 0 
2014-12-22T15:12:30, 4.98774528, 0, 0, 0 
2014-12-22T15:17:30, 5.54654082645, 0, 0, 0 
2014-12-22T15:22:30, 6.599376, 0, 0, 0 
2014-12-22T15:27:30, 6.53716195804, 0, 0, 0 
2014-12-22T15:32:30, 5.38590705882, 0, 0, 0 
2014-12-22T15:37:30, 7.14133945946, 0, 0, 0 
2014-12-22T15:42:30, 6.648012, 0, 0, 0 
2014-12-22T15:47:30, 6.14105470588, 0, 0, 0 
2014-12-22T15:52:30, 6.469568, 0, 0, 0 
2014-12-22T15:57:30, 7.55813589041, 0, 0, 0 
2014-12-22T16:02:30, 5.02661014925, 0, 0, 0 
2014-12-22T16:07:30, 7.14306923077, 0, 0, 0 
2014-12-22T16:12:30, 8.72592, 0, 0, 0 
2014-12-22T16:17:30, 5.99292715232, 0, 0, 0 
2014-12-22T16:22:30, 7.68627243243, 0, 0, 0 
2014-12-22T16:27:30, 6.58235283582, 0, 0, 0 
2014-12-22T16:32:30, 5.37768, 0, 0, 0 
2014-12-22T16:37:30, 7.67097882353, 0, 0, 0 
2014-12-22T16:42:30, 7.81740654545, 0, 0, 0 
2014-12-22T16:47:30, 7.03779096774, 0, 0, 0 
2014-12-22T16:52:30, 9.78863431953, 0, 0, 0 
2014-12-22T16:57:30, 8.25295418182, 0, 0, 0 
2014-12-22T17:02:30, 9.62028696774, 0, 0, 0 
2014-12-22T17:07:30, 7.22787081081, 0, 0, 0 
2014-12-22T17:12:30, 6.22906540541, 0, 0, 0 
2014-12-22T17:17:30, 5.393136, 0, 0, 0 
2014-12-22T17:22:30, 5.75882086957, 0, 0, 0 
2014-12-22T17:27:30, 6.23602823529, 0, 0, 0 
2014-12-22T17:32:30, 4.68244, 0, 0, 0 
2014-12-22T17:37:30, 6.72525, 0, 0, 0 
2014-12-22T17:42:30, 4.20026201835, 0, 0, 0 
2014-12-22T17:47:30, 5.58709033113, 0, 0, 0 
2014-12-22T17:52:30, 5.38058627737, 0, 0, 0 
2014-12-22T17:57:30, 6.25156767123, 0, 0, 0 
2014-12-22T18:02:30, 6.55579726027, 0, 0, 0 
2014-12-22T18:07:30, 5.30839774648, 0, 0, 0 
2014-12-22T18:12:30, 7.42853706294, 0, 0, 0 
2014-12-22T18:17:30, 6.02432727273, 0, 0, 0 
2014-12-22T18:22:30, 5.26500313043, 0, 0, 0 
2014-12-22T18:27:30, 6.4352925, 0, 0, 0 
2014-12-22T18:32:30, 6.38637631579, 0, 0, 0 
2014-12-22T18:37:30, 5.47713267327, 0, 0, 0 
2014-12-22T18:42:30, 6.0417, 0, 0, 0 
2014-12-22T18:47:30, 4.92593472, 0, 0, 0 
2014-12-22T18:52:30, 8.74196344371, 0, 0, 0 
2014-12-22T18:57:30, 6.31244727273, 0, 0, 0 
2014-12-22T19:02:30, 6.81213891892, 0, 0, 0 
2014-12-22T19:07:30, 7.75422117647, 0, 0, 0 
2014-12-22T19:12:30, 7.07730545455, 0, 0, 0 
2014-12-22T19:17:30, 7.15734120805, 0, 0, 0 
2014-12-22T19:22:30, 4.19832, 0, 0, 0 
