# 
# Filename    : /tmp/pi2_dht11_hum.txt
# PV name     : PI2:DHT11:HUM
# From        : 2014-12-15T19:20:02.277631
# To          : 2014-12-22T19:20:02.277631
# queryString : ?pv=mean_300(PI2:DHT11:HUM)&from=2014-12-15T19%3A20%3A02.277631%2B09%3A00&to=2014-12-22T19%3A20%3A02.277631%2B09%3A00
# hostname    : kaffee
# host IP     : 10.1.4.24
# 
# time, val, nanos, status, severity
2014-12-19T11:07:30, 35.4150943396, 0, 0, 0 
2014-12-19T11:12:30, 35.4594594595, 0, 0, 0 
2014-12-19T11:17:30, 35.5192307692, 0, 0, 0 
2014-12-19T11:22:30, 35.6195652174, 0, 0, 0 
2014-12-19T11:27:30, 35.5416666667, 0, 0, 0 
2014-12-19T11:32:30, 35.57, 0, 0, 0 
2014-12-19T11:37:30, 35.6210526316, 0, 0, 0 
2014-12-19T11:42:30, 35.7631578947, 0, 0, 0 
2014-12-19T11:47:30, 36.01, 0, 0, 0 
2014-12-19T11:52:30, 36.0526315789, 0, 0, 0 
2014-12-19T11:57:30, 35.9561403509, 0, 0, 0 
2014-12-19T12:02:30, 35.4444444444, 0, 0, 0 
2014-12-19T12:07:30, 35.2916666667, 0, 0, 0 
2014-12-19T12:12:30, 34.992481203, 0, 0, 0 
2014-12-19T12:17:30, 34.8839285714, 0, 0, 0 
2014-12-19T12:22:30, 34.6021505376, 0, 0, 0 
2014-12-19T12:27:30, 34.6543209877, 0, 0, 0 
2014-12-19T12:32:30, 34.5903614458, 0, 0, 0 
2014-12-19T12:37:30, 34.5208333333, 0, 0, 0 
2014-12-19T12:42:30, 34.4711538462, 0, 0, 0 
2014-12-19T12:47:30, 34.4568965517, 0, 0, 0 
2014-12-19T12:52:30, 34.3333333333, 0, 0, 0 
2014-12-19T12:57:30, 34.4322033898, 0, 0, 0 
2014-12-19T13:02:30, 34.3070175439, 0, 0, 0 
2014-12-19T13:07:30, 34.2477876106, 0, 0, 0 
2014-12-19T13:12:30, 34.2592592593, 0, 0, 0 
2014-12-19T13:17:30, 34.3524590164, 0, 0, 0 
2014-12-19T13:22:30, 34.5148514851, 0, 0, 0 
2014-12-19T13:27:30, 34.5057471264, 0, 0, 0 
2014-12-19T13:32:30, 34.5368421053, 0, 0, 0 
2014-12-19T13:37:30, 34.4897959184, 0, 0, 0 
2014-12-19T13:42:30, 34.5411764706, 0, 0, 0 
2014-12-19T13:47:30, 34.5529411765, 0, 0, 0 
2014-12-19T13:52:30, 34.5465116279, 0, 0, 0 
2014-12-19T13:57:30, 34.4519230769, 0, 0, 0 
2014-12-19T14:02:30, 34.275862069, 0, 0, 0 
2014-12-19T14:07:30, 34.59375, 0, 0, 0 
2014-12-19T14:12:30, 34.5280898876, 0, 0, 0 
2014-12-19T14:17:30, 34.3178294574, 0, 0, 0 
2014-12-19T14:22:30, 34.0681818182, 0, 0, 0 
2014-12-19T14:27:30, 34.0683760684, 0, 0, 0 
2014-12-19T14:32:30, 33.8737864078, 0, 0, 0 
2014-12-19T14:37:30, 33.8039215686, 0, 0, 0 
2014-12-19T14:42:30, 33.6419753086, 0, 0, 0 
2014-12-19T14:47:30, 33.7023809524, 0, 0, 0 
2014-12-19T14:52:30, 33.5616438356, 0, 0, 0 
2014-12-19T14:57:30, 33.6543209877, 0, 0, 0 
2014-12-19T15:02:30, 33.597826087, 0, 0, 0 
2014-12-19T15:07:30, 33.5975609756, 0, 0, 0 
2014-12-19T15:12:30, 33.7261904762, 0, 0, 0 
2014-12-19T15:17:30, 33.6382978723, 0, 0, 0 
2014-12-19T15:22:30, 33.4298245614, 0, 0, 0 
2014-12-19T15:27:30, 33.272, 0, 0, 0 
2014-12-19T15:32:30, 33.2773109244, 0, 0, 0 
2014-12-19T15:37:30, 33.406504065, 0, 0, 0 
2014-12-19T15:42:30, 33.2764227642, 0, 0, 0 
2014-12-19T15:47:30, 33.25, 0, 0, 0 
2014-12-19T15:52:30, 33.3962264151, 0, 0, 0 
2014-12-19T15:57:30, 33.3389830508, 0, 0, 0 
2014-12-19T16:02:30, 33.0806451613, 0, 0, 0 
2014-12-19T16:07:30, 32.8736842105, 0, 0, 0 
2014-12-19T16:12:30, 32.7976190476, 0, 0, 0 
2014-12-19T16:17:30, 32.6547619048, 0, 0, 0 
2014-12-19T16:22:30, 32.6470588235, 0, 0, 0 
2014-12-19T16:27:30, 32.55, 0, 0, 0 
2014-12-19T16:32:30, 32.5915492958, 0, 0, 0 
2014-12-19T16:37:30, 32.618556701, 0, 0, 0 
2014-12-19T16:42:30, 32.5945945946, 0, 0, 0 
2014-12-19T16:47:30, 32.5319148936, 0, 0, 0 
2014-12-19T16:52:30, 32.4938271605, 0, 0, 0 
2014-12-19T16:57:30, 32.476744186, 0, 0, 0 
2014-12-19T17:02:30, 32.3577981651, 0, 0, 0 
2014-12-19T17:07:30, 32.4403669725, 0, 0, 0 
2014-12-19T17:12:30, 32.3939393939, 0, 0, 0 
2014-12-19T17:17:30, 32.4628099174, 0, 0, 0 
2014-12-19T17:22:30, 32.376, 0, 0, 0 
2014-12-19T17:27:30, 32.3410852713, 0, 0, 0 
2014-12-19T17:32:30, 32.0833333333, 0, 0, 0 
2014-12-19T17:37:30, 32.3357664234, 0, 0, 0 
2014-12-19T17:42:30, 32.3050847458, 0, 0, 0 
2014-12-19T17:47:30, 32.2888888889, 0, 0, 0 
2014-12-19T17:52:30, 32.380952381, 0, 0, 0 
2014-12-19T17:57:30, 32.3684210526, 0, 0, 0 
2014-12-19T18:02:30, 32.3965517241, 0, 0, 0 
2014-12-19T18:07:30, 32.6875, 0, 0, 0 
2014-12-19T18:12:30, 33.4368932039, 0, 0, 0 
2014-12-19T18:17:30, 33.5604395604, 0, 0, 0 
2014-12-19T18:22:30, 33.5842696629, 0, 0, 0 
2014-12-19T18:27:30, 33.6186440678, 0, 0, 0 
2014-12-19T18:32:30, 33.4601769912, 0, 0, 0 
2014-12-19T18:37:30, 33.0991735537, 0, 0, 0 
2014-12-19T18:42:30, 32.972972973, 0, 0, 0 
2014-12-19T18:47:30, 32.9178082192, 0, 0, 0 
2014-12-19T18:52:30, 32.7173913043, 0, 0, 0 
2014-12-19T18:57:30, 32.6261682243, 0, 0, 0 
2014-12-19T19:02:30, 32.5795454545, 0, 0, 0 
2014-12-19T19:07:30, 32.5777777778, 0, 0, 0 
2014-12-19T19:12:30, 32.5465116279, 0, 0, 0 
2014-12-19T19:17:30, 32.6666666667, 0, 0, 0 
2014-12-19T19:22:30, 32.6111111111, 0, 0, 0 
2014-12-19T19:27:30, 32.5833333333, 0, 0, 0 
2014-12-19T19:32:30, 32.5048543689, 0, 0, 0 
2014-12-19T19:37:30, 32.42, 0, 0, 0 
2014-12-19T19:42:30, 32.4553571429, 0, 0, 0 
2014-12-19T19:47:30, 32.3909090909, 0, 0, 0 
2014-12-19T19:52:30, 32.4122137405, 0, 0, 0 
2014-12-19T19:57:30, 32.3888888889, 0, 0, 0 
2014-12-19T20:02:30, 32.36, 0, 0, 0 
2014-12-19T20:07:30, 32.3863636364, 0, 0, 0 
2014-12-19T20:12:30, 32.296875, 0, 0, 0 
2014-12-19T20:17:30, 32.34375, 0, 0, 0 
2014-12-19T20:22:30, 32.4148148148, 0, 0, 0 
2014-12-19T20:27:30, 32.4375, 0, 0, 0 
2014-12-19T20:32:30, 33.1567164179, 0, 0, 0 
2014-12-19T20:37:30, 33.5510204082, 0, 0, 0 
2014-12-19T20:42:30, 33.5444444444, 0, 0, 0 
2014-12-19T20:47:30, 33.2916666667, 0, 0, 0 
2014-12-19T20:52:30, 32.9115044248, 0, 0, 0 
2014-12-19T20:57:30, 32.69, 0, 0, 0 
2014-12-19T21:02:30, 32.6666666667, 0, 0, 0 
2014-12-19T21:07:30, 32.5875, 0, 0, 0 
2014-12-19T21:12:30, 32.59375, 0, 0, 0 
2014-12-19T21:17:30, 32.5348837209, 0, 0, 0 
2014-12-19T21:22:30, 32.6470588235, 0, 0, 0 
2014-12-19T21:27:30, 32.8446601942, 0, 0, 0 
2014-12-19T21:32:30, 33.5247524752, 0, 0, 0 
2014-12-19T21:37:30, 33.5666666667, 0, 0, 0 
2014-12-19T21:42:30, 33.5714285714, 0, 0, 0 
2014-12-19T21:47:30, 33.6960784314, 0, 0, 0 
2014-12-19T21:52:30, 34.0158730159, 0, 0, 0 
2014-12-19T21:57:30, 33.5257731959, 0, 0, 0 
2014-12-19T22:02:30, 33.1007751938, 0, 0, 0 
2014-12-19T22:07:30, 33.0458015267, 0, 0, 0 
2014-12-19T22:12:30, 32.8942307692, 0, 0, 0 
2014-12-19T22:17:30, 32.7722772277, 0, 0, 0 
2014-12-19T22:22:30, 32.6588235294, 0, 0, 0 
2014-12-19T22:27:30, 32.6161616162, 0, 0, 0 
2014-12-19T22:32:30, 32.6708860759, 0, 0, 0 
2014-12-19T22:37:30, 32.6761904762, 0, 0, 0 
2014-12-19T22:42:30, 32.6310679612, 0, 0, 0 
2014-12-19T22:47:30, 32.6213592233, 0, 0, 0 
2014-12-19T22:52:30, 32.6470588235, 0, 0, 0 
2014-12-19T22:57:30, 32.5568181818, 0, 0, 0 
2014-12-19T23:02:30, 32.6794871795, 0, 0, 0 
2014-12-19T23:07:30, 32.5473684211, 0, 0, 0 
2014-12-19T23:12:30, 32.5666666667, 0, 0, 0 
2014-12-19T23:17:30, 32.5769230769, 0, 0, 0 
2014-12-19T23:22:30, 32.4666666667, 0, 0, 0 
2014-12-19T23:27:30, 32.4476190476, 0, 0, 0 
2014-12-19T23:32:30, 32.3873873874, 0, 0, 0 
2014-12-19T23:37:30, 32.4411764706, 0, 0, 0 
2014-12-19T23:42:30, 32.4770642202, 0, 0, 0 
2014-12-19T23:47:30, 32.389380531, 0, 0, 0 
2014-12-19T23:52:30, 32.4112149533, 0, 0, 0 
2014-12-19T23:57:30, 32.487394958, 0, 0, 0 
2014-12-20T00:02:30, 32.4166666667, 0, 0, 0 
2014-12-20T00:07:30, 32.3675213675, 0, 0, 0 
2014-12-20T00:12:30, 32.4310344828, 0, 0, 0 
2014-12-20T00:17:30, 32.3983050847, 0, 0, 0 
2014-12-20T00:22:30, 32.3628318584, 0, 0, 0 
2014-12-20T00:27:30, 32.325203252, 0, 0, 0 
2014-12-20T00:32:30, 32.3461538462, 0, 0, 0 
2014-12-20T00:37:30, 32.3966942149, 0, 0, 0 
2014-12-20T00:42:30, 32.3931623932, 0, 0, 0 
2014-12-20T00:47:30, 32.3553719008, 0, 0, 0 
2014-12-20T00:52:30, 32.3553719008, 0, 0, 0 
2014-12-20T00:57:30, 32.3543307087, 0, 0, 0 
2014-12-20T01:02:30, 32.4358974359, 0, 0, 0 
2014-12-20T01:07:30, 32.3858267717, 0, 0, 0 
2014-12-20T01:12:30, 32.3798449612, 0, 0, 0 
2014-12-20T01:17:30, 32.3388429752, 0, 0, 0 
2014-12-20T01:22:30, 32.3385826772, 0, 0, 0 
2014-12-20T01:27:30, 32.33, 0, 0, 0 
2014-12-20T01:32:30, 32.4537815126, 0, 0, 0 
2014-12-20T01:37:30, 32.4083333333, 0, 0, 0 
2014-12-20T01:42:30, 32.314516129, 0, 0, 0 
2014-12-20T01:47:30, 32.32, 0, 0, 0 
2014-12-20T01:52:30, 32.3951612903, 0, 0, 0 
2014-12-20T01:57:30, 32.3461538462, 0, 0, 0 
2014-12-20T02:02:30, 32.4083333333, 0, 0, 0 
2014-12-20T02:07:30, 32.3464566929, 0, 0, 0 
2014-12-20T02:12:30, 32.3513513514, 0, 0, 0 
2014-12-20T02:17:30, 32.4274193548, 0, 0, 0 
2014-12-20T02:22:30, 32.3387096774, 0, 0, 0 
2014-12-20T02:27:30, 32.3274336283, 0, 0, 0 
2014-12-20T02:32:30, 32.3875968992, 0, 0, 0 
2014-12-20T02:37:30, 32.3272727273, 0, 0, 0 
2014-12-20T02:42:30, 32.3966942149, 0, 0, 0 
2014-12-20T02:47:30, 32.3816793893, 0, 0, 0 
2014-12-20T02:52:30, 32.3879310345, 0, 0, 0 
2014-12-20T02:57:30, 32.3684210526, 0, 0, 0 
2014-12-20T03:02:30, 32.3879310345, 0, 0, 0 
2014-12-20T03:07:30, 32.4016393443, 0, 0, 0 
2014-12-20T03:12:30, 32.3671875, 0, 0, 0 
2014-12-20T03:17:30, 32.352, 0, 0, 0 
2014-12-20T03:22:30, 32.3065693431, 0, 0, 0 
2014-12-20T03:27:30, 32.3671875, 0, 0, 0 
2014-12-20T03:32:30, 32.3559322034, 0, 0, 0 
2014-12-20T03:37:30, 32.3615384615, 0, 0, 0 
2014-12-20T03:42:30, 32.3384615385, 0, 0, 0 
2014-12-20T03:47:30, 32.3421052632, 0, 0, 0 
2014-12-20T03:52:30, 32.4488188976, 0, 0, 0 
2014-12-20T03:57:30, 32.3582089552, 0, 0, 0 
2014-12-20T04:02:30, 32.2781954887, 0, 0, 0 
2014-12-20T04:07:30, 32.328, 0, 0, 0 
2014-12-20T04:12:30, 32.3548387097, 0, 0, 0 
2014-12-20T04:17:30, 32.358778626, 0, 0, 0 
2014-12-20T04:22:30, 32.4700854701, 0, 0, 0 
2014-12-20T04:27:30, 32.4017094017, 0, 0, 0 
2014-12-20T04:32:30, 32.3939393939, 0, 0, 0 
2014-12-20T04:37:30, 32.384, 0, 0, 0 
2014-12-20T04:42:30, 32.3947368421, 0, 0, 0 
2014-12-20T04:47:30, 32.3533834586, 0, 0, 0 
2014-12-20T04:52:30, 32.4, 0, 0, 0 
2014-12-20T04:57:30, 32.3703703704, 0, 0, 0 
2014-12-20T05:02:30, 32.3893129771, 0, 0, 0 
2014-12-20T05:07:30, 32.358974359, 0, 0, 0 
2014-12-20T05:12:30, 32.3414634146, 0, 0, 0 
2014-12-20T05:17:30, 32.3275862069, 0, 0, 0 
2014-12-20T05:22:30, 32.3867924528, 0, 0, 0 
2014-12-20T05:27:30, 32.4411764706, 0, 0, 0 
2014-12-20T05:32:30, 32.3865546218, 0, 0, 0 
2014-12-20T05:37:30, 32.396039604, 0, 0, 0 
2014-12-20T05:42:30, 32.4571428571, 0, 0, 0 
2014-12-20T05:47:30, 32.4444444444, 0, 0, 0 
2014-12-20T05:52:30, 32.4056603774, 0, 0, 0 
2014-12-20T05:57:30, 32.4742268041, 0, 0, 0 
2014-12-20T06:02:30, 32.5350877193, 0, 0, 0 
2014-12-20T06:07:30, 32.4742268041, 0, 0, 0 
2014-12-20T06:12:30, 32.4369747899, 0, 0, 0 
2014-12-20T06:17:30, 32.4259259259, 0, 0, 0 
2014-12-20T06:22:30, 32.3660714286, 0, 0, 0 
2014-12-20T06:27:30, 32.3622047244, 0, 0, 0 
2014-12-20T06:32:30, 32.3846153846, 0, 0, 0 
2014-12-20T06:37:30, 32.3716814159, 0, 0, 0 
2014-12-20T06:42:30, 32.4251968504, 0, 0, 0 
2014-12-20T06:47:30, 32.3474576271, 0, 0, 0 
2014-12-20T06:52:30, 32.4122137405, 0, 0, 0 
2014-12-20T06:57:30, 32.375, 0, 0, 0 
2014-12-20T07:02:30, 32.3719008264, 0, 0, 0 
2014-12-20T07:07:30, 32.3628318584, 0, 0, 0 
2014-12-20T07:12:30, 32.3859649123, 0, 0, 0 
2014-12-20T07:17:30, 32.452991453, 0, 0, 0 
2014-12-20T07:22:30, 32.3358208955, 0, 0, 0 
2014-12-20T07:27:30, 32.4234234234, 0, 0, 0 
2014-12-20T07:32:30, 32.5339805825, 0, 0, 0 
2014-12-20T07:37:30, 32.4901960784, 0, 0, 0 
2014-12-20T07:42:30, 32.5670103093, 0, 0, 0 
2014-12-20T07:47:30, 32.4019607843, 0, 0, 0 
2014-12-20T07:52:30, 32.46875, 0, 0, 0 
2014-12-20T07:57:30, 32.4891304348, 0, 0, 0 
2014-12-20T08:02:30, 32.4660194175, 0, 0, 0 
2014-12-20T08:07:30, 32.40625, 0, 0, 0 
2014-12-20T08:12:30, 32.5052631579, 0, 0, 0 
2014-12-20T08:17:30, 32.4166666667, 0, 0, 0 
2014-12-20T08:22:30, 32.4326923077, 0, 0, 0 
2014-12-20T08:27:30, 32.4310344828, 0, 0, 0 
2014-12-20T08:32:30, 32.1226415094, 0, 0, 0 
2014-12-20T08:37:30, 32.406779661, 0, 0, 0 
2014-12-20T08:42:30, 32.419047619, 0, 0, 0 
2014-12-20T08:47:30, 32.53125, 0, 0, 0 
2014-12-20T08:52:30, 32.45, 0, 0, 0 
2014-12-20T08:57:30, 32.462962963, 0, 0, 0 
2014-12-20T09:02:30, 32.4, 0, 0, 0 
2014-12-20T09:07:30, 32.4608695652, 0, 0, 0 
2014-12-20T09:12:30, 32.5363636364, 0, 0, 0 
2014-12-20T09:17:30, 32.4789915966, 0, 0, 0 
2014-12-20T09:22:30, 32.5, 0, 0, 0 
2014-12-20T09:27:30, 32.5148514851, 0, 0, 0 
2014-12-20T09:32:30, 32.4722222222, 0, 0, 0 
2014-12-20T09:37:30, 32.3983050847, 0, 0, 0 
2014-12-20T09:42:30, 32.4824561404, 0, 0, 0 
2014-12-20T09:47:30, 32.5263157895, 0, 0, 0 
2014-12-20T09:52:30, 32.4690265487, 0, 0, 0 
2014-12-20T09:57:30, 32.4488188976, 0, 0, 0 
2014-12-20T10:02:30, 32.4916666667, 0, 0, 0 
2014-12-20T10:07:30, 32.5384615385, 0, 0, 0 
2014-12-20T10:12:30, 32.4728682171, 0, 0, 0 
2014-12-20T10:17:30, 32.4485294118, 0, 0, 0 
2014-12-20T10:22:30, 32.3928571429, 0, 0, 0 
2014-12-20T10:27:30, 32.4429530201, 0, 0, 0 
2014-12-20T10:32:30, 32.3216783217, 0, 0, 0 
2014-12-20T10:37:30, 32.4253731343, 0, 0, 0 
2014-12-20T10:42:30, 32.2928571429, 0, 0, 0 
2014-12-20T10:47:30, 32.2755905512, 0, 0, 0 
2014-12-20T10:52:30, 32.2380952381, 0, 0, 0 
2014-12-20T10:57:30, 32.2127659574, 0, 0, 0 
2014-12-20T11:02:30, 32.2121212121, 0, 0, 0 
2014-12-20T11:07:30, 32.157480315, 0, 0, 0 
2014-12-20T11:12:30, 32.1119402985, 0, 0, 0 
2014-12-20T11:17:30, 31.9479166667, 0, 0, 0 
2014-12-20T11:22:30, 31.9259259259, 0, 0, 0 
2014-12-20T11:27:30, 31.9189189189, 0, 0, 0 
2014-12-20T11:32:30, 31.8977272727, 0, 0, 0 
2014-12-20T11:37:30, 31.7441860465, 0, 0, 0 
2014-12-20T11:42:30, 31.7441860465, 0, 0, 0 
2014-12-20T11:47:30, 31.6962025316, 0, 0, 0 
2014-12-20T11:52:30, 31.752293578, 0, 0, 0 
2014-12-20T11:57:30, 31.7586206897, 0, 0, 0 
2014-12-20T12:02:30, 31.7849462366, 0, 0, 0 
2014-12-20T12:07:30, 31.8795180723, 0, 0, 0 
2014-12-20T12:12:30, 31.8571428571, 0, 0, 0 
2014-12-20T12:17:30, 31.686746988, 0, 0, 0 
2014-12-20T12:22:30, 31.7608695652, 0, 0, 0 
2014-12-20T12:27:30, 31.7594936709, 0, 0, 0 
2014-12-20T12:32:30, 31.7738095238, 0, 0, 0 
2014-12-20T12:37:30, 31.8333333333, 0, 0, 0 
2014-12-20T12:42:30, 31.7183098592, 0, 0, 0 
2014-12-20T12:47:30, 31.702970297, 0, 0, 0 
2014-12-20T12:52:30, 31.6777777778, 0, 0, 0 
2014-12-20T12:57:30, 31.7127659574, 0, 0, 0 
2014-12-20T13:02:30, 31.7402597403, 0, 0, 0 
2014-12-20T13:07:30, 31.6753246753, 0, 0, 0 
2014-12-20T13:12:30, 31.6304347826, 0, 0, 0 
2014-12-20T13:17:30, 31.7319587629, 0, 0, 0 
2014-12-20T13:22:30, 31.6315789474, 0, 0, 0 
2014-12-20T13:27:30, 31.7032967033, 0, 0, 0 
2014-12-20T13:32:30, 31.6363636364, 0, 0, 0 
2014-12-20T13:37:30, 31.6422018349, 0, 0, 0 
2014-12-20T13:42:30, 31.6930693069, 0, 0, 0 
2014-12-20T13:47:30, 31.6767676768, 0, 0, 0 
2014-12-20T13:52:30, 31.6470588235, 0, 0, 0 
2014-12-20T13:57:30, 31.6914893617, 0, 0, 0 
2014-12-20T14:02:30, 31.6354166667, 0, 0, 0 
2014-12-20T14:07:30, 31.6853932584, 0, 0, 0 
2014-12-20T14:12:30, 31.6476190476, 0, 0, 0 
2014-12-20T14:17:30, 31.6162790698, 0, 0, 0 
2014-12-20T14:22:30, 31.652173913, 0, 0, 0 
2014-12-20T14:27:30, 31.6494845361, 0, 0, 0 
2014-12-20T14:32:30, 31.6483516484, 0, 0, 0 
2014-12-20T14:37:30, 31.6274509804, 0, 0, 0 
2014-12-20T14:42:30, 31.6444444444, 0, 0, 0 
2014-12-20T14:47:30, 31.7604166667, 0, 0, 0 
2014-12-20T14:52:30, 31.6621621622, 0, 0, 0 
2014-12-20T14:57:30, 31.7127659574, 0, 0, 0 
2014-12-20T15:02:30, 31.7469879518, 0, 0, 0 
2014-12-20T15:07:30, 31.7378640777, 0, 0, 0 
2014-12-20T15:12:30, 31.6951219512, 0, 0, 0 
2014-12-20T15:17:30, 31.6981132075, 0, 0, 0 
2014-12-20T15:22:30, 31.6162790698, 0, 0, 0 
2014-12-20T15:27:30, 31.6847826087, 0, 0, 0 
2014-12-20T15:32:30, 31.7083333333, 0, 0, 0 
2014-12-20T15:37:30, 31.7142857143, 0, 0, 0 
2014-12-20T15:42:30, 31.7525773196, 0, 0, 0 
2014-12-20T15:47:30, 31.7, 0, 0, 0 
2014-12-20T15:52:30, 31.7, 0, 0, 0 
2014-12-20T15:57:30, 31.6413043478, 0, 0, 0 
2014-12-20T16:02:30, 31.7073170732, 0, 0, 0 
2014-12-20T16:07:30, 31.7083333333, 0, 0, 0 
2014-12-20T16:12:30, 31.7111111111, 0, 0, 0 
2014-12-20T16:17:30, 31.6097560976, 0, 0, 0 
2014-12-20T16:22:30, 31.7291666667, 0, 0, 0 
2014-12-20T16:27:30, 31.6235294118, 0, 0, 0 
2014-12-20T16:32:30, 31.625, 0, 0, 0 
2014-12-20T16:37:30, 31.6506024096, 0, 0, 0 
2014-12-20T16:42:30, 31.632183908, 0, 0, 0 
2014-12-20T16:47:30, 31.6790123457, 0, 0, 0 
2014-12-20T16:52:30, 31.6705882353, 0, 0, 0 
2014-12-20T16:57:30, 31.6941176471, 0, 0, 0 
2014-12-20T17:02:30, 31.6621621622, 0, 0, 0 
2014-12-20T17:07:30, 31.5662650602, 0, 0, 0 
2014-12-20T17:12:30, 31.5375, 0, 0, 0 
2014-12-20T17:17:30, 31.5949367089, 0, 0, 0 
2014-12-20T17:22:30, 31.6049382716, 0, 0, 0 
2014-12-20T17:27:30, 31.578313253, 0, 0, 0 
2014-12-20T17:32:30, 31.5853658537, 0, 0, 0 
2014-12-20T17:37:30, 31.612244898, 0, 0, 0 
2014-12-20T17:42:30, 31.6703296703, 0, 0, 0 
2014-12-20T17:47:30, 31.5853658537, 0, 0, 0 
2014-12-20T17:52:30, 31.7333333333, 0, 0, 0 
2014-12-20T17:57:30, 31.7065217391, 0, 0, 0 
2014-12-20T18:02:30, 31.7047619048, 0, 0, 0 
2014-12-20T18:07:30, 31.8762886598, 0, 0, 0 
2014-12-20T18:12:30, 31.7339449541, 0, 0, 0 
2014-12-20T18:17:30, 31.9428571429, 0, 0, 0 
2014-12-20T18:22:30, 31.8032786885, 0, 0, 0 
2014-12-20T18:27:30, 32.0280373832, 0, 0, 0 
2014-12-20T18:32:30, 31.8080808081, 0, 0, 0 
2014-12-20T18:37:30, 31.7804878049, 0, 0, 0 
2014-12-20T18:42:30, 32.025862069, 0, 0, 0 
2014-12-20T18:47:30, 31.9745762712, 0, 0, 0 
2014-12-20T18:52:30, 32.09375, 0, 0, 0 
2014-12-20T18:57:30, 32.0491803279, 0, 0, 0 
2014-12-20T19:02:30, 32.1008403361, 0, 0, 0 
2014-12-20T19:07:30, 32.0708661417, 0, 0, 0 
2014-12-20T19:12:30, 32.144, 0, 0, 0 
2014-12-20T19:17:30, 32.0510948905, 0, 0, 0 
2014-12-20T19:22:30, 32.2045454545, 0, 0, 0 
2014-12-20T19:27:30, 32.0942028986, 0, 0, 0 
2014-12-20T19:32:30, 32.0859375, 0, 0, 0 
2014-12-20T19:37:30, 32.1928571429, 0, 0, 0 
2014-12-20T19:42:30, 32.1590909091, 0, 0, 0 
2014-12-20T19:47:30, 32.2121212121, 0, 0, 0 
2014-12-20T19:52:30, 32.1142857143, 0, 0, 0 
2014-12-20T19:57:30, 32.2440944882, 0, 0, 0 
2014-12-20T20:02:30, 32.1928571429, 0, 0, 0 
2014-12-20T20:07:30, 32.2553191489, 0, 0, 0 
2014-12-20T20:12:30, 32.1678321678, 0, 0, 0 
2014-12-20T20:17:30, 32.1897810219, 0, 0, 0 
2014-12-20T20:22:30, 32.1968503937, 0, 0, 0 
2014-12-20T20:27:30, 32.2598425197, 0, 0, 0 
2014-12-20T20:32:30, 32.2734375, 0, 0, 0 
2014-12-20T20:37:30, 32.2054794521, 0, 0, 0 
2014-12-20T20:42:30, 32.2824427481, 0, 0, 0 
2014-12-20T20:47:30, 32.2794117647, 0, 0, 0 
2014-12-20T20:52:30, 32.2127659574, 0, 0, 0 
2014-12-20T20:57:30, 32.2338709677, 0, 0, 0 
2014-12-20T21:02:30, 32.2230215827, 0, 0, 0 
2014-12-20T21:07:30, 32.3185185185, 0, 0, 0 
2014-12-20T21:12:30, 32.2362204724, 0, 0, 0 
2014-12-20T21:17:30, 32.2537313433, 0, 0, 0 
2014-12-20T21:22:30, 32.2058823529, 0, 0, 0 
2014-12-20T21:27:30, 32.2611940299, 0, 0, 0 
2014-12-20T21:32:30, 32.2700729927, 0, 0, 0 
2014-12-20T21:37:30, 32.2816901408, 0, 0, 0 
2014-12-20T21:42:30, 32.3106060606, 0, 0, 0 
2014-12-20T21:47:30, 32.2592592593, 0, 0, 0 
2014-12-20T21:52:30, 32.3020134228, 0, 0, 0 
2014-12-20T21:57:30, 32.2180451128, 0, 0, 0 
2014-12-20T22:02:30, 32.2727272727, 0, 0, 0 
2014-12-20T22:07:30, 32.2592592593, 0, 0, 0 
2014-12-20T22:12:30, 32.2348484848, 0, 0, 0 
2014-12-20T22:17:30, 32.3484848485, 0, 0, 0 
2014-12-20T22:22:30, 32.296, 0, 0, 0 
2014-12-20T22:27:30, 32.2440944882, 0, 0, 0 
2014-12-20T22:32:30, 32.3203125, 0, 0, 0 
2014-12-20T22:37:30, 32.2992125984, 0, 0, 0 
2014-12-20T22:42:30, 32.3125, 0, 0, 0 
2014-12-20T22:47:30, 32.3559322034, 0, 0, 0 
2014-12-20T22:52:30, 32.2654867257, 0, 0, 0 
2014-12-20T22:57:30, 32.3055555556, 0, 0, 0 
2014-12-20T23:02:30, 32.3153153153, 0, 0, 0 
2014-12-20T23:07:30, 32.376146789, 0, 0, 0 
2014-12-20T23:12:30, 32.3076923077, 0, 0, 0 
2014-12-20T23:17:30, 32.3076923077, 0, 0, 0 
2014-12-20T23:22:30, 32.3302752294, 0, 0, 0 
2014-12-20T23:27:30, 32.3333333333, 0, 0, 0 
2014-12-20T23:32:30, 32.3113207547, 0, 0, 0 
2014-12-20T23:37:30, 32.3163265306, 0, 0, 0 
2014-12-20T23:42:30, 32.3762376238, 0, 0, 0 
2014-12-20T23:47:30, 32.412371134, 0, 0, 0 
2014-12-20T23:52:30, 32.4339622642, 0, 0, 0 
2014-12-20T23:57:30, 32.4903846154, 0, 0, 0 
2014-12-21T00:02:30, 32.4571428571, 0, 0, 0 
2014-12-21T00:07:30, 32.4259259259, 0, 0, 0 
2014-12-21T00:12:30, 32.4571428571, 0, 0, 0 
2014-12-21T00:17:30, 32.53, 0, 0, 0 
2014-12-21T00:22:30, 32.4302325581, 0, 0, 0 
2014-12-21T00:27:30, 32.5113636364, 0, 0, 0 
2014-12-21T00:32:30, 32.5288461538, 0, 0, 0 
2014-12-21T00:37:30, 32.5, 0, 0, 0 
2014-12-21T00:42:30, 32.4719101124, 0, 0, 0 
2014-12-21T00:47:30, 32.4742268041, 0, 0, 0 
2014-12-21T00:52:30, 32.5806451613, 0, 0, 0 
2014-12-21T00:57:30, 32.5102040816, 0, 0, 0 
2014-12-21T01:02:30, 32.53125, 0, 0, 0 
2014-12-21T01:07:30, 32.5340909091, 0, 0, 0 
2014-12-21T01:12:30, 32.5316455696, 0, 0, 0 
2014-12-21T01:17:30, 32.5102040816, 0, 0, 0 
2014-12-21T01:22:30, 32.5384615385, 0, 0, 0 
2014-12-21T01:27:30, 32.1460674157, 0, 0, 0 
2014-12-21T01:32:30, 32.5408163265, 0, 0, 0 
2014-12-21T01:37:30, 32.5204081633, 0, 0, 0 
2014-12-21T01:42:30, 32.5875, 0, 0, 0 
2014-12-21T01:47:30, 32.5161290323, 0, 0, 0 
2014-12-21T01:52:30, 32.5813953488, 0, 0, 0 
2014-12-21T01:57:30, 32.475, 0, 0, 0 
2014-12-21T02:02:30, 32.7636363636, 0, 0, 0 
2014-12-21T02:07:30, 33.4857142857, 0, 0, 0 
2014-12-21T02:12:30, 33.3166666667, 0, 0, 0 
2014-12-21T02:17:30, 32.9316239316, 0, 0, 0 
2014-12-21T02:22:30, 32.8275862069, 0, 0, 0 
2014-12-21T02:27:30, 32.8303571429, 0, 0, 0 
2014-12-21T02:32:30, 32.9042553191, 0, 0, 0 
2014-12-21T02:37:30, 32.7961165049, 0, 0, 0 
2014-12-21T02:42:30, 32.7264150943, 0, 0, 0 
2014-12-21T02:47:30, 32.7238095238, 0, 0, 0 
2014-12-21T02:52:30, 32.6875, 0, 0, 0 
2014-12-21T02:57:30, 32.6601941748, 0, 0, 0 
2014-12-21T03:02:30, 32.73, 0, 0, 0 
2014-12-21T03:07:30, 32.5977011494, 0, 0, 0 
2014-12-21T03:12:30, 32.6116504854, 0, 0, 0 
2014-12-21T03:17:30, 32.7261904762, 0, 0, 0 
2014-12-21T03:22:30, 32.6458333333, 0, 0, 0 
2014-12-21T03:27:30, 32.6304347826, 0, 0, 0 
2014-12-21T03:32:30, 32.7070707071, 0, 0, 0 
2014-12-21T03:37:30, 32.6571428571, 0, 0, 0 
2014-12-21T03:42:30, 32.606741573, 0, 0, 0 
2014-12-21T03:47:30, 32.5757575758, 0, 0, 0 
2014-12-21T03:52:30, 32.5943396226, 0, 0, 0 
2014-12-21T03:57:30, 32.691588785, 0, 0, 0 
2014-12-21T04:02:30, 32.6153846154, 0, 0, 0 
2014-12-21T04:07:30, 32.6571428571, 0, 0, 0 
2014-12-21T04:12:30, 32.6339285714, 0, 0, 0 
2014-12-21T04:17:30, 32.6732673267, 0, 0, 0 
2014-12-21T04:22:30, 32.640776699, 0, 0, 0 
2014-12-21T04:27:30, 32.5980392157, 0, 0, 0 
2014-12-21T04:32:30, 32.6593406593, 0, 0, 0 
2014-12-21T04:37:30, 32.6571428571, 0, 0, 0 
2014-12-21T04:42:30, 32.55, 0, 0, 0 
2014-12-21T04:47:30, 32.7173913043, 0, 0, 0 
2014-12-21T04:52:30, 32.61, 0, 0, 0 
2014-12-21T04:57:30, 32.6276595745, 0, 0, 0 
2014-12-21T05:02:30, 32.6635514019, 0, 0, 0 
2014-12-21T05:07:30, 33.0079365079, 0, 0, 0 
2014-12-21T05:12:30, 33.1395348837, 0, 0, 0 
2014-12-21T05:17:30, 33.2272727273, 0, 0, 0 
2014-12-21T05:22:30, 33.3571428571, 0, 0, 0 
2014-12-21T05:27:30, 33.5327102804, 0, 0, 0 
2014-12-21T05:32:30, 33.4842105263, 0, 0, 0 
2014-12-21T05:37:30, 33.4845360825, 0, 0, 0 
2014-12-21T05:42:30, 33.5145631068, 0, 0, 0 
2014-12-21T05:47:30, 33.5338983051, 0, 0, 0 
2014-12-21T05:52:30, 33.5, 0, 0, 0 
2014-12-21T05:57:30, 33.5, 0, 0, 0 
2014-12-21T06:02:30, 33.4951456311, 0, 0, 0 
2014-12-21T06:07:30, 33.5445544554, 0, 0, 0 
2014-12-21T06:12:30, 33.5, 0, 0, 0 
2014-12-21T06:17:30, 33.5408163265, 0, 0, 0 
2014-12-21T06:22:30, 33.5164835165, 0, 0, 0 
2014-12-21T06:27:30, 33.3027522936, 0, 0, 0 
2014-12-21T06:32:30, 33.5462962963, 0, 0, 0 
2014-12-21T06:37:30, 33.5675675676, 0, 0, 0 
2014-12-21T06:42:30, 33.5315315315, 0, 0, 0 
2014-12-21T06:47:30, 33.5631067961, 0, 0, 0 
2014-12-21T06:52:30, 33.6194690265, 0, 0, 0 
2014-12-21T06:57:30, 33.6886792453, 0, 0, 0 
2014-12-21T07:02:30, 33.7058823529, 0, 0, 0 
2014-12-21T07:07:30, 33.8098591549, 0, 0, 0 
2014-12-21T07:12:30, 33.7519379845, 0, 0, 0 
2014-12-21T07:17:30, 33.9424460432, 0, 0, 0 
2014-12-21T07:22:30, 33.9402985075, 0, 0, 0 
2014-12-21T07:27:30, 33.8662420382, 0, 0, 0 
2014-12-21T07:32:30, 33.9637681159, 0, 0, 0 
2014-12-21T07:37:30, 33.9931506849, 0, 0, 0 
2014-12-21T07:42:30, 34.0145985401, 0, 0, 0 
2014-12-21T07:47:30, 34.0, 0, 0, 0 
2014-12-21T07:52:30, 34.035971223, 0, 0, 0 
2014-12-21T07:57:30, 34.0357142857, 0, 0, 0 
2014-12-21T08:02:30, 34.0606060606, 0, 0, 0 
2014-12-21T08:07:30, 34.062992126, 0, 0, 0 
2014-12-21T08:12:30, 34.1417910448, 0, 0, 0 
2014-12-21T08:17:30, 34.1333333333, 0, 0, 0 
2014-12-21T08:22:30, 34.0709219858, 0, 0, 0 
2014-12-21T08:27:30, 34.1404958678, 0, 0, 0 
2014-12-21T08:32:30, 34.0703125, 0, 0, 0 
2014-12-21T08:37:30, 34.1239669421, 0, 0, 0 
2014-12-21T08:42:30, 34.0833333333, 0, 0, 0 
2014-12-21T08:47:30, 34.074829932, 0, 0, 0 
2014-12-21T08:52:30, 34.0671641791, 0, 0, 0 
2014-12-21T08:57:30, 34.0068027211, 0, 0, 0 
2014-12-21T09:02:30, 34.0895522388, 0, 0, 0 
2014-12-21T09:07:30, 34.1830985915, 0, 0, 0 
2014-12-21T09:12:30, 34.1118421053, 0, 0, 0 
2014-12-21T09:17:30, 34.0955882353, 0, 0, 0 
2014-12-21T09:22:30, 34.0342465753, 0, 0, 0 
2014-12-21T09:27:30, 33.9469026549, 0, 0, 0 
2014-12-21T09:32:30, 33.7027027027, 0, 0, 0 
2014-12-21T09:37:30, 33.6804123711, 0, 0, 0 
2014-12-21T09:42:30, 33.6111111111, 0, 0, 0 
2014-12-21T09:47:30, 33.6046511628, 0, 0, 0 
2014-12-21T09:52:30, 33.5833333333, 0, 0, 0 
2014-12-21T09:57:30, 33.6235294118, 0, 0, 0 
2014-12-21T10:02:30, 33.6216216216, 0, 0, 0 
2014-12-21T10:07:30, 33.6, 0, 0, 0 
2014-12-21T10:12:30, 33.6288659794, 0, 0, 0 
2014-12-21T10:17:30, 33.5858585859, 0, 0, 0 
2014-12-21T10:22:30, 33.5930232558, 0, 0, 0 
2014-12-21T10:27:30, 33.4659090909, 0, 0, 0 
2014-12-21T10:32:30, 33.4787234043, 0, 0, 0 
2014-12-21T10:37:30, 33.3619047619, 0, 0, 0 
2014-12-21T10:42:30, 33.3043478261, 0, 0, 0 
2014-12-21T10:47:30, 33.234375, 0, 0, 0 
2014-12-21T10:52:30, 33.2983870968, 0, 0, 0 
2014-12-21T10:57:30, 33.2389380531, 0, 0, 0 
2014-12-21T11:02:30, 33.2561983471, 0, 0, 0 
2014-12-21T11:07:30, 33.1640625, 0, 0, 0 
2014-12-21T11:12:30, 33.1454545455, 0, 0, 0 
2014-12-21T11:17:30, 33.0877192982, 0, 0, 0 
2014-12-21T11:22:30, 33.0983606557, 0, 0, 0 
2014-12-21T11:27:30, 33.1043478261, 0, 0, 0 
2014-12-21T11:32:30, 33.09375, 0, 0, 0 
2014-12-21T11:37:30, 33.2252252252, 0, 0, 0 
2014-12-21T11:42:30, 33.04, 0, 0, 0 
2014-12-21T11:47:30, 33.0840336134, 0, 0, 0 
2014-12-21T11:52:30, 33.1007751938, 0, 0, 0 
2014-12-21T11:57:30, 33.0884955752, 0, 0, 0 
2014-12-21T12:02:30, 33.0458715596, 0, 0, 0 
2014-12-21T12:07:30, 32.6818181818, 0, 0, 0 
2014-12-21T12:12:30, 33.1138211382, 0, 0, 0 
2014-12-21T12:17:30, 33.1206896552, 0, 0, 0 
2014-12-21T12:22:30, 32.9435483871, 0, 0, 0 
2014-12-21T12:27:30, 33.0347826087, 0, 0, 0 
2014-12-21T12:32:30, 33.0341880342, 0, 0, 0 
2014-12-21T12:37:30, 32.95, 0, 0, 0 
2014-12-21T12:42:30, 32.9716981132, 0, 0, 0 
2014-12-21T12:47:30, 33.0291262136, 0, 0, 0 
2014-12-21T12:52:30, 32.963963964, 0, 0, 0 
2014-12-21T12:57:30, 32.9898989899, 0, 0, 0 
2014-12-21T13:02:30, 32.8645833333, 0, 0, 0 
2014-12-21T13:07:30, 32.9480519481, 0, 0, 0 
2014-12-21T13:12:30, 32.6511627907, 0, 0, 0 
2014-12-21T13:17:30, 32.5981308411, 0, 0, 0 
2014-12-21T13:22:30, 32.4137931034, 0, 0, 0 
2014-12-21T13:27:30, 32.4146341463, 0, 0, 0 
2014-12-21T13:32:30, 32.4728682171, 0, 0, 0 
2014-12-21T13:37:30, 32.4, 0, 0, 0 
2014-12-21T13:42:30, 32.4426229508, 0, 0, 0 
2014-12-21T13:47:30, 32.4230769231, 0, 0, 0 
2014-12-21T13:52:30, 32.3965517241, 0, 0, 0 
2014-12-21T13:57:30, 32.2720588235, 0, 0, 0 
2014-12-21T14:02:30, 32.3984375, 0, 0, 0 
2014-12-21T14:07:30, 32.3066666667, 0, 0, 0 
2014-12-21T14:12:30, 32.2781954887, 0, 0, 0 
2014-12-21T14:17:30, 32.1846153846, 0, 0, 0 
2014-12-21T14:22:30, 32.2344827586, 0, 0, 0 
2014-12-21T14:27:30, 32.2692307692, 0, 0, 0 
2014-12-21T14:32:30, 32.1666666667, 0, 0, 0 
2014-12-21T14:37:30, 32.2781954887, 0, 0, 0 
2014-12-21T14:42:30, 32.3208955224, 0, 0, 0 
2014-12-21T14:47:30, 32.380952381, 0, 0, 0 
2014-12-21T14:52:30, 32.3472222222, 0, 0, 0 
2014-12-21T14:57:30, 32.3194444444, 0, 0, 0 
2014-12-21T15:02:30, 32.3829787234, 0, 0, 0 
2014-12-21T15:07:30, 32.4068965517, 0, 0, 0 
2014-12-21T15:12:30, 32.4538461538, 0, 0, 0 
2014-12-21T15:17:30, 32.3507462687, 0, 0, 0 
2014-12-21T15:22:30, 32.4545454545, 0, 0, 0 
2014-12-21T15:27:30, 32.4344827586, 0, 0, 0 
2014-12-21T15:32:30, 32.4923076923, 0, 0, 0 
2014-12-21T15:37:30, 32.512, 0, 0, 0 
2014-12-21T15:42:30, 32.4016393443, 0, 0, 0 
2014-12-21T15:47:30, 32.5188679245, 0, 0, 0 
2014-12-21T15:52:30, 32.4695652174, 0, 0, 0 
2014-12-21T15:57:30, 32.5363636364, 0, 0, 0 
2014-12-21T16:02:30, 32.504587156, 0, 0, 0 
2014-12-21T16:07:30, 32.4174757282, 0, 0, 0 
2014-12-21T16:12:30, 32.504950495, 0, 0, 0 
2014-12-21T16:17:30, 32.5056179775, 0, 0, 0 
2014-12-21T16:22:30, 32.5211267606, 0, 0, 0 
2014-12-21T16:27:30, 32.6455696203, 0, 0, 0 
2014-12-21T16:32:30, 32.6235294118, 0, 0, 0 
2014-12-21T16:37:30, 32.6421052632, 0, 0, 0 
2014-12-21T16:42:30, 32.6024096386, 0, 0, 0 
2014-12-21T16:47:30, 32.5949367089, 0, 0, 0 
2014-12-21T16:52:30, 32.5903614458, 0, 0, 0 
2014-12-21T16:57:30, 32.641025641, 0, 0, 0 
2014-12-21T17:02:30, 32.5949367089, 0, 0, 0 
2014-12-21T17:07:30, 32.6184210526, 0, 0, 0 
2014-12-21T17:12:30, 32.5421686747, 0, 0, 0 
2014-12-21T17:17:30, 32.6025641026, 0, 0, 0 
2014-12-21T17:22:30, 32.595959596, 0, 0, 0 
2014-12-21T17:27:30, 32.6385542169, 0, 0, 0 
2014-12-21T17:32:30, 32.6288659794, 0, 0, 0 
2014-12-21T17:37:30, 32.6233766234, 0, 0, 0 
2014-12-21T17:42:30, 32.5494505495, 0, 0, 0 
2014-12-21T17:47:30, 32.5526315789, 0, 0, 0 
2014-12-21T17:52:30, 32.625, 0, 0, 0 
2014-12-21T17:57:30, 32.587628866, 0, 0, 0 
2014-12-21T18:02:30, 32.6493506494, 0, 0, 0 
2014-12-21T18:07:30, 32.5714285714, 0, 0, 0 
2014-12-21T18:12:30, 32.5882352941, 0, 0, 0 
2014-12-21T18:17:30, 32.625, 0, 0, 0 
2014-12-21T18:22:30, 32.5882352941, 0, 0, 0 
2014-12-21T18:27:30, 32.5888888889, 0, 0, 0 
2014-12-21T18:32:30, 32.6024096386, 0, 0, 0 
2014-12-21T18:37:30, 32.5652173913, 0, 0, 0 
2014-12-21T18:42:30, 32.5903614458, 0, 0, 0 
2014-12-21T18:47:30, 32.5505617978, 0, 0, 0 
2014-12-21T18:52:30, 32.6086956522, 0, 0, 0 
2014-12-21T18:57:30, 32.5581395349, 0, 0, 0 
2014-12-21T19:02:30, 32.6043956044, 0, 0, 0 
2014-12-21T19:07:30, 32.6170212766, 0, 0, 0 
2014-12-21T19:12:30, 32.5466666667, 0, 0, 0 
2014-12-21T19:17:30, 32.5566037736, 0, 0, 0 
2014-12-21T19:22:30, 32.6527777778, 0, 0, 0 
2014-12-21T19:27:30, 32.5494505495, 0, 0, 0 
2014-12-21T19:32:30, 32.5679012346, 0, 0, 0 
2014-12-21T19:37:30, 32.5697674419, 0, 0, 0 
2014-12-21T19:42:30, 32.6533333333, 0, 0, 0 
2014-12-21T19:47:30, 32.5833333333, 0, 0, 0 
2014-12-21T19:52:30, 32.6125, 0, 0, 0 
2014-12-21T19:57:30, 32.58, 0, 0, 0 
2014-12-21T20:02:30, 32.625, 0, 0, 0 
2014-12-21T20:07:30, 32.6210526316, 0, 0, 0 
2014-12-21T20:12:30, 32.6363636364, 0, 0, 0 
2014-12-21T20:17:30, 32.637254902, 0, 0, 0 
2014-12-21T20:22:30, 32.6382978723, 0, 0, 0 
2014-12-21T20:27:30, 32.6125, 0, 0, 0 
2014-12-21T20:32:30, 32.6555555556, 0, 0, 0 
2014-12-21T20:37:30, 32.6632653061, 0, 0, 0 
2014-12-21T20:42:30, 32.6428571429, 0, 0, 0 
2014-12-21T20:47:30, 32.7283950617, 0, 0, 0 
2014-12-21T20:52:30, 32.8064516129, 0, 0, 0 
2014-12-21T20:57:30, 32.6451612903, 0, 0, 0 
2014-12-21T21:02:30, 32.6739130435, 0, 0, 0 
2014-12-21T21:07:30, 32.8674698795, 0, 0, 0 
2014-12-21T21:12:30, 32.7831325301, 0, 0, 0 
2014-12-21T21:17:30, 32.7283950617, 0, 0, 0 
2014-12-21T21:22:30, 32.8390804598, 0, 0, 0 
2014-12-21T21:27:30, 32.84375, 0, 0, 0 
2014-12-21T21:32:30, 32.8863636364, 0, 0, 0 
2014-12-21T21:37:30, 32.7920792079, 0, 0, 0 
2014-12-21T21:42:30, 32.7708333333, 0, 0, 0 
2014-12-21T21:47:30, 32.7912087912, 0, 0, 0 
2014-12-21T21:52:30, 32.7444444444, 0, 0, 0 
2014-12-21T21:57:30, 32.6891891892, 0, 0, 0 
2014-12-21T22:02:30, 32.6875, 0, 0, 0 
2014-12-21T22:07:30, 32.8068181818, 0, 0, 0 
2014-12-21T22:12:30, 32.8598130841, 0, 0, 0 
2014-12-21T22:17:30, 32.967032967, 0, 0, 0 
2014-12-21T22:22:30, 32.7777777778, 0, 0, 0 
2014-12-21T22:27:30, 32.7474747475, 0, 0, 0 
2014-12-21T22:32:30, 32.8962264151, 0, 0, 0 
2014-12-21T22:37:30, 32.875, 0, 0, 0 
2014-12-21T22:42:30, 32.8170731707, 0, 0, 0 
2014-12-21T22:47:30, 32.9239130435, 0, 0, 0 
2014-12-21T22:52:30, 32.7946428571, 0, 0, 0 
2014-12-21T22:57:30, 32.96, 0, 0, 0 
2014-12-21T23:02:30, 32.8333333333, 0, 0, 0 
2014-12-21T23:07:30, 32.8085106383, 0, 0, 0 
2014-12-21T23:12:30, 32.9043478261, 0, 0, 0 
2014-12-21T23:17:30, 32.9633027523, 0, 0, 0 
2014-12-21T23:22:30, 32.9711538462, 0, 0, 0 
2014-12-21T23:27:30, 32.8468468468, 0, 0, 0 
2014-12-21T23:32:30, 32.8407079646, 0, 0, 0 
2014-12-21T23:37:30, 32.9824561404, 0, 0, 0 
2014-12-21T23:42:30, 32.9274193548, 0, 0, 0 
2014-12-21T23:47:30, 32.9024390244, 0, 0, 0 
2014-12-21T23:52:30, 32.9279279279, 0, 0, 0 
2014-12-21T23:57:30, 32.9230769231, 0, 0, 0 
2014-12-22T00:02:30, 32.8897058824, 0, 0, 0 
2014-12-22T00:07:30, 32.9649122807, 0, 0, 0 
2014-12-22T00:12:30, 32.9797979798, 0, 0, 0 
2014-12-22T00:17:30, 32.9716981132, 0, 0, 0 
2014-12-22T00:22:30, 32.9029126214, 0, 0, 0 
2014-12-22T00:27:30, 33.0, 0, 0, 0 
2014-12-22T00:32:30, 33.0, 0, 0, 0 
2014-12-22T00:37:30, 32.953125, 0, 0, 0 
2014-12-22T00:42:30, 32.9285714286, 0, 0, 0 
2014-12-22T00:47:30, 32.9528301887, 0, 0, 0 
2014-12-22T00:52:30, 32.9666666667, 0, 0, 0 
2014-12-22T00:57:30, 32.9406779661, 0, 0, 0 
2014-12-22T01:02:30, 33.0620155039, 0, 0, 0 
2014-12-22T01:07:30, 32.9615384615, 0, 0, 0 
2014-12-22T01:12:30, 32.8596491228, 0, 0, 0 
2014-12-22T01:17:30, 33.0267857143, 0, 0, 0 
2014-12-22T01:22:30, 33.0153846154, 0, 0, 0 
2014-12-22T01:27:30, 32.9829059829, 0, 0, 0 
2014-12-22T01:32:30, 33.0, 0, 0, 0 
2014-12-22T01:37:30, 33.0583333333, 0, 0, 0 
2014-12-22T01:42:30, 32.9126984127, 0, 0, 0 
2014-12-22T01:47:30, 33.0336134454, 0, 0, 0 
2014-12-22T01:52:30, 32.992, 0, 0, 0 
2014-12-22T01:57:30, 33.0608695652, 0, 0, 0 
2014-12-22T02:02:30, 33.0081967213, 0, 0, 0 
2014-12-22T02:07:30, 33.0393700787, 0, 0, 0 
2014-12-22T02:12:30, 33.0564516129, 0, 0, 0 
2014-12-22T02:17:30, 33.0168067227, 0, 0, 0 
2014-12-22T02:22:30, 33.0, 0, 0, 0 
2014-12-22T02:27:30, 33.0526315789, 0, 0, 0 
2014-12-22T02:32:30, 33.0, 0, 0, 0 
2014-12-22T02:37:30, 33.0298507463, 0, 0, 0 
2014-12-22T02:42:30, 32.9268292683, 0, 0, 0 
2014-12-22T02:47:30, 33.017699115, 0, 0, 0 
2014-12-22T02:52:30, 32.9694656489, 0, 0, 0 
2014-12-22T02:57:30, 33.0086206897, 0, 0, 0 
2014-12-22T03:02:30, 33.0161290323, 0, 0, 0 
2014-12-22T03:07:30, 33.03125, 0, 0, 0 
2014-12-22T03:12:30, 32.9712230216, 0, 0, 0 
2014-12-22T03:17:30, 33.0514705882, 0, 0, 0 
2014-12-22T03:22:30, 33.0072463768, 0, 0, 0 
2014-12-22T03:27:30, 33.0227272727, 0, 0, 0 
2014-12-22T03:32:30, 33.0546875, 0, 0, 0 
2014-12-22T03:37:30, 33.0, 0, 0, 0 
2014-12-22T03:42:30, 33.0465116279, 0, 0, 0 
2014-12-22T03:47:30, 33.0606060606, 0, 0, 0 
2014-12-22T03:52:30, 33.046875, 0, 0, 0 
2014-12-22T03:57:30, 33.075, 0, 0, 0 
2014-12-22T04:02:30, 33.0152671756, 0, 0, 0 
2014-12-22T04:07:30, 33.0859375, 0, 0, 0 
2014-12-22T04:12:30, 33.0692307692, 0, 0, 0 
2014-12-22T04:17:30, 33.0895522388, 0, 0, 0 
2014-12-22T04:22:30, 33.125, 0, 0, 0 
2014-12-22T04:27:30, 33.0277777778, 0, 0, 0 
2014-12-22T04:32:30, 33.0787401575, 0, 0, 0 
2014-12-22T04:37:30, 33.0647482014, 0, 0, 0 
2014-12-22T04:42:30, 33.0975609756, 0, 0, 0 
2014-12-22T04:47:30, 33.0305343511, 0, 0, 0 
2014-12-22T04:52:30, 33.0975609756, 0, 0, 0 
2014-12-22T04:57:30, 33.0806451613, 0, 0, 0 
2014-12-22T05:02:30, 32.9701492537, 0, 0, 0 
2014-12-22T05:07:30, 33.0992366412, 0, 0, 0 
2014-12-22T05:12:30, 33.0615384615, 0, 0, 0 
2014-12-22T05:17:30, 32.9692307692, 0, 0, 0 
2014-12-22T05:22:30, 32.982300885, 0, 0, 0 
2014-12-22T05:27:30, 33.0157480315, 0, 0, 0 
2014-12-22T05:32:30, 32.9758064516, 0, 0, 0 
2014-12-22T05:37:30, 33.0, 0, 0, 0 
2014-12-22T05:42:30, 33.0763358779, 0, 0, 0 
2014-12-22T05:47:30, 32.9841269841, 0, 0, 0 
2014-12-22T05:52:30, 33.0677966102, 0, 0, 0 
2014-12-22T05:57:30, 33.0333333333, 0, 0, 0 
2014-12-22T06:02:30, 32.96, 0, 0, 0 
2014-12-22T06:07:30, 32.9926470588, 0, 0, 0 
2014-12-22T06:12:30, 33.0597014925, 0, 0, 0 
2014-12-22T06:17:30, 33.0551724138, 0, 0, 0 
2014-12-22T06:22:30, 33.056, 0, 0, 0 
2014-12-22T06:27:30, 32.9918032787, 0, 0, 0 
2014-12-22T06:32:30, 32.984, 0, 0, 0 
2014-12-22T06:37:30, 32.992248062, 0, 0, 0 
2014-12-22T06:42:30, 33.035971223, 0, 0, 0 
2014-12-22T06:47:30, 33.0461538462, 0, 0, 0 
2014-12-22T06:52:30, 33.0, 0, 0, 0 
2014-12-22T06:57:30, 33.0317460317, 0, 0, 0 
2014-12-22T07:02:30, 33.0942028986, 0, 0, 0 
2014-12-22T07:07:30, 33.140625, 0, 0, 0 
2014-12-22T07:12:30, 33.2357723577, 0, 0, 0 
2014-12-22T07:17:30, 33.0775193798, 0, 0, 0 
2014-12-22T07:22:30, 33.1603053435, 0, 0, 0 
2014-12-22T07:27:30, 33.1532846715, 0, 0, 0 
2014-12-22T07:32:30, 33.112, 0, 0, 0 
2014-12-22T07:37:30, 33.1586206897, 0, 0, 0 
2014-12-22T07:42:30, 33.1550387597, 0, 0, 0 
2014-12-22T07:47:30, 33.1901408451, 0, 0, 0 
2014-12-22T07:52:30, 33.1475409836, 0, 0, 0 
2014-12-22T07:57:30, 33.1557377049, 0, 0, 0 
2014-12-22T08:02:30, 33.1916666667, 0, 0, 0 
2014-12-22T08:07:30, 33.0942028986, 0, 0, 0 
2014-12-22T08:12:30, 33.149122807, 0, 0, 0 
2014-12-22T08:17:30, 33.0697674419, 0, 0, 0 
2014-12-22T08:22:30, 32.8296296296, 0, 0, 0 
2014-12-22T08:27:30, 33.0404040404, 0, 0, 0 
2014-12-22T08:32:30, 32.9215686275, 0, 0, 0 
2014-12-22T08:37:30, 32.9784946237, 0, 0, 0 
2014-12-22T08:42:30, 32.8469387755, 0, 0, 0 
2014-12-22T08:47:30, 32.9770114943, 0, 0, 0 
2014-12-22T08:52:30, 32.8631578947, 0, 0, 0 
2014-12-22T08:57:30, 32.9444444444, 0, 0, 0 
2014-12-22T09:02:30, 32.9663865546, 0, 0, 0 
2014-12-22T09:07:30, 32.9393939394, 0, 0, 0 
2014-12-22T09:12:30, 32.7291666667, 0, 0, 0 
2014-12-22T09:17:30, 32.8631578947, 0, 0, 0 
2014-12-22T09:22:30, 32.8210526316, 0, 0, 0 
2014-12-22T09:27:30, 32.6097560976, 0, 0, 0 
2014-12-22T09:32:30, 32.7640449438, 0, 0, 0 
2014-12-22T09:37:30, 32.7222222222, 0, 0, 0 
2014-12-22T09:42:30, 32.6865671642, 0, 0, 0 
2014-12-22T09:47:30, 32.6210526316, 0, 0, 0 
2014-12-22T09:52:30, 32.6336633663, 0, 0, 0 
2014-12-22T09:57:30, 32.4631578947, 0, 0, 0 
2014-12-22T10:02:30, 32.4869565217, 0, 0, 0 
2014-12-22T10:07:30, 32.4838709677, 0, 0, 0 
2014-12-22T10:12:30, 32.4380165289, 0, 0, 0 
2014-12-22T10:17:30, 32.5106382979, 0, 0, 0 
2014-12-22T10:22:30, 32.4166666667, 0, 0, 0 
2014-12-22T10:27:30, 32.5221238938, 0, 0, 0 
2014-12-22T10:32:30, 32.3597122302, 0, 0, 0 
2014-12-22T10:37:30, 32.4545454545, 0, 0, 0 
2014-12-22T10:42:30, 32.3475177305, 0, 0, 0 
2014-12-22T10:47:30, 32.3684210526, 0, 0, 0 
2014-12-22T10:52:30, 32.3703703704, 0, 0, 0 
2014-12-22T10:57:30, 32.3412698413, 0, 0, 0 
2014-12-22T11:02:30, 32.231884058, 0, 0, 0 
2014-12-22T11:07:30, 32.2695035461, 0, 0, 0 
2014-12-22T11:12:30, 32.3175675676, 0, 0, 0 
2014-12-22T11:17:30, 32.2391304348, 0, 0, 0 
2014-12-22T11:22:30, 32.375, 0, 0, 0 
2014-12-22T11:27:30, 32.3851851852, 0, 0, 0 
2014-12-22T11:32:30, 32.432, 0, 0, 0 
2014-12-22T11:37:30, 32.4227642276, 0, 0, 0 
2014-12-22T11:42:30, 33.0431034483, 0, 0, 0 
2014-12-22T11:47:30, 33.6283185841, 0, 0, 0 
2014-12-22T11:52:30, 33.7128712871, 0, 0, 0 
2014-12-22T11:57:30, 34.0434782609, 0, 0, 0 
2014-12-22T12:02:30, 34.1349206349, 0, 0, 0 
2014-12-22T12:07:30, 34.0447761194, 0, 0, 0 
2014-12-22T12:12:30, 34.2773109244, 0, 0, 0 
2014-12-22T12:17:30, 34.5104166667, 0, 0, 0 
2014-12-22T12:22:30, 34.5757575758, 0, 0, 0 
2014-12-22T12:27:30, 34.8046875, 0, 0, 0 
2014-12-22T12:32:30, 34.9803921569, 0, 0, 0 
2014-12-22T12:37:30, 35.0821917808, 0, 0, 0 
2014-12-22T12:42:30, 35.2066666667, 0, 0, 0 
2014-12-22T12:47:30, 35.2269503546, 0, 0, 0 
2014-12-22T12:52:30, 35.2595419847, 0, 0, 0 
2014-12-22T12:57:30, 35.2816901408, 0, 0, 0 
2014-12-22T13:02:30, 35.3120567376, 0, 0, 0 
2014-12-22T13:07:30, 35.3805970149, 0, 0, 0 
2014-12-22T13:12:30, 35.452991453, 0, 0, 0 
2014-12-22T13:17:30, 35.475, 0, 0, 0 
2014-12-22T13:22:30, 35.4426229508, 0, 0, 0 
2014-12-22T13:27:30, 35.5267857143, 0, 0, 0 
2014-12-22T13:32:30, 35.495412844, 0, 0, 0 
2014-12-22T13:37:30, 35.5, 0, 0, 0 
2014-12-22T13:42:30, 35.5166666667, 0, 0, 0 
2014-12-22T13:47:30, 35.4871794872, 0, 0, 0 
2014-12-22T13:52:30, 35.5047619048, 0, 0, 0 
2014-12-22T13:57:30, 35.4948453608, 0, 0, 0 
2014-12-22T14:02:30, 35.5047619048, 0, 0, 0 
2014-12-22T14:07:30, 35.5462962963, 0, 0, 0 
2014-12-22T14:12:30, 35.5520833333, 0, 0, 0 
2014-12-22T14:17:30, 35.4949494949, 0, 0, 0 
2014-12-22T14:22:30, 35.6160714286, 0, 0, 0 
2014-12-22T14:27:30, 35.7156862745, 0, 0, 0 
2014-12-22T14:32:30, 35.6272727273, 0, 0, 0 
2014-12-22T14:37:30, 35.7333333333, 0, 0, 0 
2014-12-22T14:42:30, 35.6395348837, 0, 0, 0 
2014-12-22T14:47:30, 35.7596899225, 0, 0, 0 
2014-12-22T14:52:30, 35.8657718121, 0, 0, 0 
2014-12-22T14:57:30, 35.8920863309, 0, 0, 0 
2014-12-22T15:02:30, 36.0078125, 0, 0, 0 
2014-12-22T15:07:30, 35.8970588235, 0, 0, 0 
2014-12-22T15:12:30, 35.756097561, 0, 0, 0 
2014-12-22T15:17:30, 35.7889908257, 0, 0, 0 
2014-12-22T15:22:30, 35.7130434783, 0, 0, 0 
2014-12-22T15:27:30, 35.9256198347, 0, 0, 0 
2014-12-22T15:32:30, 35.9153846154, 0, 0, 0 
2014-12-22T15:37:30, 35.9838709677, 0, 0, 0 
2014-12-22T15:42:30, 35.9712230216, 0, 0, 0 
2014-12-22T15:47:30, 36.0852713178, 0, 0, 0 
2014-12-22T15:52:30, 35.9776119403, 0, 0, 0 
2014-12-22T15:57:30, 36.062992126, 0, 0, 0 
2014-12-22T16:02:30, 36.1459854015, 0, 0, 0 
2014-12-22T16:07:30, 36.2558139535, 0, 0, 0 
2014-12-22T16:12:30, 36.2285714286, 0, 0, 0 
2014-12-22T16:17:30, 36.28125, 0, 0, 0 
2014-12-22T16:22:30, 36.2769230769, 0, 0, 0 
2014-12-22T16:27:30, 36.2941176471, 0, 0, 0 
2014-12-22T16:32:30, 36.336, 0, 0, 0 
2014-12-22T16:37:30, 36.3230769231, 0, 0, 0 
2014-12-22T16:42:30, 36.3402777778, 0, 0, 0 
2014-12-22T16:47:30, 36.3247863248, 0, 0, 0 
2014-12-22T16:52:30, 36.3357142857, 0, 0, 0 
2014-12-22T16:57:30, 36.4051724138, 0, 0, 0 
2014-12-22T17:02:30, 36.3740458015, 0, 0, 0 
2014-12-22T17:07:30, 36.397260274, 0, 0, 0 
2014-12-22T17:12:30, 36.4264705882, 0, 0, 0 
2014-12-22T17:17:30, 36.4871794872, 0, 0, 0 
2014-12-22T17:22:30, 36.4626865672, 0, 0, 0 
2014-12-22T17:27:30, 36.496, 0, 0, 0 
2014-12-22T17:32:30, 36.4603174603, 0, 0, 0 
2014-12-22T17:37:30, 36.4322033898, 0, 0, 0 
2014-12-22T17:42:30, 36.4416666667, 0, 0, 0 
2014-12-22T17:47:30, 36.3951612903, 0, 0, 0 
2014-12-22T17:52:30, 36.4222222222, 0, 0, 0 
2014-12-22T17:57:30, 36.3671875, 0, 0, 0 
2014-12-22T18:02:30, 36.2121212121, 0, 0, 0 
2014-12-22T18:07:30, 36.1803278689, 0, 0, 0 
2014-12-22T18:12:30, 36.0526315789, 0, 0, 0 
2014-12-22T18:17:30, 35.9194630872, 0, 0, 0 
2014-12-22T18:22:30, 35.8767123288, 0, 0, 0 
2014-12-22T18:27:30, 35.9103448276, 0, 0, 0 
2014-12-22T18:32:30, 35.8211382114, 0, 0, 0 
2014-12-22T18:37:30, 35.7984496124, 0, 0, 0 
2014-12-22T18:42:30, 35.672, 0, 0, 0 
2014-12-22T18:47:30, 35.5625, 0, 0, 0 
2014-12-22T18:52:30, 35.5882352941, 0, 0, 0 
2014-12-22T18:57:30, 35.5480769231, 0, 0, 0 
2014-12-22T19:02:30, 35.5595238095, 0, 0, 0 
2014-12-22T19:07:30, 35.5130434783, 0, 0, 0 
2014-12-22T19:12:30, 35.5473684211, 0, 0, 0 
2014-12-22T19:17:30, 35.5135135135, 0, 0, 0 
2014-12-22T19:22:30, 35.5135135135, 0, 0, 0 
